0, -0.240000, 0.260000, -0.350000, -0.105556, 0.022222, 0.287778, 3.120000, 1.320000, 9.200000, 194.687500, 18.500000, -8.187500, -0.310000, 0.180000, -0.270000, -0.208889, -0.127778, 0.172222, -1.380000, -7.960000, 5.550000, 194.687500, 18.500000, -8.187500
14, -0.050000, 0.650000, -0.610000, -0.147778, 0.067778, 0.287778, 3.110000, 1.300000, 9.200000, 194.562500, 18.500000, -8.062500, -0.220000, 0.770000, 0.030000, -0.237778, -0.065556, 0.171111, -1.380000, -7.970000, 5.530000, 194.375000, 18.500000, -7.937500
32, 0.090000, 0.940000, -0.070000, -0.197778, 0.118889, 0.307778, 3.100000, 1.260000, 9.210000, 194.250000, 18.437500, -7.750000, -0.040000, 0.040000, 0.900000, -0.242222, -0.087778, 0.264444, -1.410000, -7.990000, 5.500000, 194.062500, 18.375000, -7.562500
51, 0.330000, 0.960000, -0.370000, -0.131111, 0.125556, 0.354444, 3.090000, 1.200000, 9.220000, 193.875000, 18.375000, -7.437500, 0.170000, 0.320000, 1.020000, -0.211111, -0.113333, 0.245556, -1.440000, -8.000000, 5.470000, 193.687500, 18.312500, -7.312500
67, 0.310000, 1.580000, -0.450000, -0.084444, 0.146667, 0.367778, 3.070000, 1.170000, 9.230000, 193.500000, 18.250000, -7.187500, 0.280000, 1.580000, 1.420000, -0.192222, -0.176667, 0.265556, -1.450000, -8.010000, 5.460000, 193.500000, 18.250000, -7.187500
88, 0.360000, 2.620000, -0.780000, -0.068889, 0.088889, 0.528889, 3.060000, 1.130000, 9.240000, 192.937500, 18.187500, -6.937500, 0.420000, 1.730000, 1.320000, -0.317778, -0.274444, 0.404444, -1.480000, -8.030000, 5.420000, 192.937500, 18.187500, -6.937500
108, 0.470000, 3.280000, -1.540000, -0.103333, 0.088889, 0.610000, 3.050000, 1.050000, 9.250000, 192.187500, 18.125000, -6.500000, 0.230000, 2.510000, 1.420000, -0.476644, -0.297778, 0.568889, -1.530000, -8.060000, 5.360000, 192.187500, 18.125000, -6.500000
127, 0.210000, 3.330000, -1.020000, -0.367778, 0.310000, 0.993333, 3.020000, 0.940000, 9.280000, 191.250000, 17.937500, -5.812500, 0.310000, 1.730000, 1.250000, -0.728889, -0.347778, 0.770000, -1.650000, -8.130000, 5.210000, 190.625000, 17.812500, -5.375000
147, 0.250000, 2.690000, -1.210000, -0.444444, 0.312222, 1.222222, 2.980000, 0.800000, 9.300000, 190.000000, 17.687500, -4.937500, 0.320000, 1.400000, 0.910000, -0.942222, -0.442222, 0.824444, -1.690000, -8.160000, 5.150000, 190.000000, 17.687500, -4.937500
168, -0.030000, 0.760000, -0.470000, -0.516667, 0.354444, 1.334444, 2.940000, 0.630000, 9.330000, 188.625000, 17.437500, -3.812500, 0.360000, 0.470000, -0.270000, -1.075556, -0.500000, 0.873333, -1.780000, -8.240000, 5.000000, 187.937500, 17.312500, -3.250000
188, -0.440000, -0.440000, -0.060000, -0.612222, 0.348889, 1.351111, 2.890000, 0.440000, 9.350000, 187.250000, 17.125000, -2.687500, -0.270000, -0.260000, -0.470000, -1.124444, -0.482222, 0.826667, -1.870000, -8.310000, 4.840000, 187.250000, 17.125000, -2.687500
209, -0.590000, -1.660000, -0.010000, -0.605556, 0.310000, 1.338889, 2.850000, 0.260000, 9.370000, 185.875000, 16.875000, -1.625000, -0.600000, -1.250000, -1.750000, -1.070000, -0.524444, 0.724444, -1.940000, -8.380000, 4.690000, 185.875000, 16.875000, -1.625000
227, -0.930000, -2.850000, 0.020000, -0.524444, 0.294444, 1.185556, 2.800000, 0.100000, 9.390000, 184.625000, 16.562500, -0.625000, -0.770000, -1.130000, -2.150000, -0.926667, -0.512222, 0.564444, -2.010000, -8.470000, 4.490000, 184.062500, 16.437500, -0.187500
247, -0.950000, -4.040000, -0.280000, -0.404444, 0.248889, 1.028889, 2.750000, -0.030000, 9.410000, 183.562500, 16.312500, 0.125000, -0.740000, -1.430000, -3.240000, -0.681111, -0.468889, 0.460000, -2.030000, -8.490000, 4.450000, 183.562500, 16.312500, 0.125000
268, -0.940000, -4.070000, -0.690000, -0.332222, 0.255556, 0.865555, 2.710000, -0.120000, 9.420000, 182.750000, 16.000000, 0.687500, -0.700000, -1.090000, -3.400000, -0.404444, -0.300000, 0.373333, -2.060000, -8.520000, 4.390000, 182.437500, 15.812500, 0.937500
288, -0.730000, -3.450000, -1.530000, -0.178889, 0.388889, 0.492222, 2.640000, -0.180000, 9.440000, 182.187500, 15.625000, 1.125000, -0.390000, 0.070000, -2.550000, -0.182222, -0.187778, 0.328889, -2.100000, -8.520000, 4.360000, 182.187500, 15.625000, 1.125000
307, -0.940000, -2.450000, -0.190000, -0.120000, 0.427778, 0.414444, 2.570000, -0.210000, 9.450000, 181.750000, 15.187500, 1.312500, -0.190000, 0.280000, -2.250000, -0.048889, -0.157778, 0.401111, -2.150000, -8.510000, 4.350000, 181.750000, 15.187500, 1.312500
327, -0.340000, -2.580000, -1.270000, 0.122222, 0.235556, 0.230000, 2.530000, -0.210000, 9.470000, 181.437500, 14.937500, 1.250000, -0.060000, -0.110000, -1.960000, 0.083333, -0.060000, 0.410000, -2.163125, -8.490000, 4.360000, 181.375000, 14.750000, 1.187500
348, -0.370000, -0.600000, -0.330000, 0.122222, 0.360000, 0.131111, 2.470000, -0.190000, 9.480000, 181.312500, 14.562500, 1.125000, -0.480000, -0.040000, -0.400000, 0.108889, 0.067778, 0.447778, -2.280000, -8.460000, 4.380000, 181.312500, 14.562500, 1.125000
368, -0.170000, -0.320000, -0.170000, 0.111111, 0.363333, 0.126667, 2.400000, -0.180000, 9.500000, 181.125000, 14.187500, 1.062500, -0.610000, -0.450000, -0.770000, 0.041111, 0.063333, 0.440000, -2.360000, -8.440000, 4.390000, 181.125000, 14.000000, 1.062500
387, -0.630000, -1.370000, 1.200000, -0.021111, 0.242222, 0.066667, 2.350000, -0.180000, 9.510000, 181.062500, 13.875000, 1.125000, -1.390000, -2.720000, -2.400000, -0.145556, 0.111111, 0.410000, -2.430000, -8.430000, 4.370000, 181.062500, 13.875000, 1.125000
407, -1.160000, -10.760000, 5.770000, -0.182222, 0.136667, 0.037778, 2.340000, -0.220000, 9.520000, 181.187500, 13.750000, 1.312500, -1.420000, -9.130000, -5.250000, -0.116667, 0.322222, 0.228889, -2.500000, -8.430000, 4.330000, 181.187500, 13.750000, 1.312500
428, -1.700000, -27.219999, 9.190000, 0.174444, -0.507778, -1.747778, 2.410000, -0.180000, 9.500000, 182.437500, 14.187500, 1.062500, -2.410000, -23.290001, -8.010000, 1.141111, 1.048889, -0.996667, -2.480000, -8.390000, 4.410000, 184.187500, 14.625000, -0.062500
448, -5.250000, -29.520000, 12.620000, 2.634444, -1.225556, -4.978889, 2.580000, 0.360000, 9.450000, 186.750000, 15.250000, -2.187500, -5.430000, -22.719999, -8.190000, 3.351111, 1.096667, -3.592222, -2.120000, -8.280000, 4.790000, 186.750000, 15.250000, -2.187500
467, -6.190000, -15.440000, 7.460000, 4.152222, -1.897778, -6.294445, 2.850000, 1.530000, 9.250000, 193.250000, 16.937500, -9.437500, -6.430000, -9.600000, -9.890000, 4.968889, 0.568889, -5.102222, -1.440000, -7.990000, 5.490000, 196.562500, 17.875000, -13.625000
487, -6.190000, -5.800000, -2.730000, 5.377778, -3.627778, -6.355556, 3.170000, 2.850000, 8.642500, 199.812500, 18.812500, -17.875000, -5.040000, -1.410000, -10.970000, 5.446667, 0.327778, -5.180000, -0.710000, -7.490000, 6.270000, 199.812500, 18.812500, -17.875000
508, -7.680000, 0.430000, -7.180000, 5.087778, -3.741111, -6.231111, 3.360000, 4.030000, 8.280000, 206.312500, 20.062500, -25.937500, -4.400000, 9.630000, -6.840000, 5.125556, 1.175556, -4.597778, -0.180000, -6.870000, 6.980000, 209.562500, 20.250000, -29.562500
528, -10.000000, 14.020000, -11.230000, 3.330000, -3.437778, -5.432222, 3.410000, 4.960000, 7.730000, 212.687500, 20.312500, -32.687500, -4.980000, 22.490000, 0.920000, 4.047778, 1.921111, -3.781111, 0.070000, -6.270000, 7.530000, 215.500000, 20.312500, -35.062500
549, -10.530000, 23.690001, -13.140000, 1.201111, -2.686667, -3.626667, 3.410000, 5.490000, 7.370000, 217.812500, 20.375000, -36.687500, -4.190000, 25.870001, 7.100000, 1.228889, 2.154444, -1.980000, 0.060000, -5.960000, 7.780000, 217.812500, 20.375000, -36.687500
567, -10.150000, 24.799999, -10.920000, -0.302222, -1.946667, -2.112222, 3.500000, 5.440000, 7.360000, 220.062500, 20.937500, -36.500000, -4.840000, 19.209999, 10.460000, -1.493333, 1.570000, -0.520000, -0.100000, -6.100000, 7.670000, 220.187500, 21.562500, -34.562500
587, -7.590000, 20.900000, -12.230000, -2.344445, -0.594444, 1.566667, 3.720000, 5.050000, 7.530000, 219.750000, 22.312500, -33.875000, -4.620000, 14.190000, 12.250000, -2.452222, 0.720000, 0.546667, -0.270000, -6.430000, 7.390000, 219.750000, 22.312500, -33.875000
608, -4.880000, 11.570000, -9.580000, -2.195555, -0.134848, 2.397778, 3.960000, 4.570000, 7.710000, 217.250000, 23.812500, -30.625000, -2.750000, 10.280000, 8.170000, -2.310000, -0.688889, 1.218889, -0.360000, -6.750000, 7.090000, 217.250000, 23.812500, -30.625000
628, -3.610000, 9.490000, -7.720000, -0.861111, 0.933333, 3.888889, 4.150000, 4.140000, 7.850000, 213.312500, 25.062500, -27.750000, -1.460000, 8.770000, 4.120000, -2.234444, -1.688889, 2.013333, -0.400000, -7.030000, 6.810000, 210.937500, 25.500000, -26.187500
647, -2.670000, 7.510000, -8.280000, -0.984444, 1.570000, 4.740000, 4.280000, 3.640000, 8.030000, 208.312500, 25.875000, -24.375000, -0.190000, 6.230000, -2.770000, -2.544445, -2.138889, 2.867778, -0.500000, -7.320000, 6.500000, 208.312500, 25.875000, -24.375000
667, -3.410000, 6.540000, -9.900000, -1.440000, 2.068889, 5.216667, 4.240000, 2.930000, 8.330000, 202.375000, 25.625000, -19.375000, -0.690000, 4.310000, -4.210000, -3.190000, -1.550000, 3.381111, -0.760000, -7.640000, 6.090000, 202.375000, 25.625000, -19.375000
688, -5.590000, 0.470000, -10.100000, -2.724444, 3.911111, 6.115556, 3.950000, 2.040000, 8.740000, 195.812500, 23.750000, -13.125000, -0.990000, 3.690000, -2.470000, -3.920000, -1.202222, 3.321111, -1.130000, -8.000000, 5.550000, 195.812500, 23.750000, -13.125000
708, -6.980000, -3.900000, -5.540000, -3.078889, 4.587778, 5.973333, 3.300000, 1.060000, 9.170000, 189.687500, 19.625000, -6.625000, 1.300000, 4.300000, -5.270000, -4.207778, -1.362222, 3.062222, -1.480000, -8.330000, 4.940000, 189.687500, 19.625000, -6.625000
727, -4.410000, -15.560000, -0.910000, -4.147778, 4.260000, 4.737778, 2.550000, 0.040000, 9.460000, 184.687500, 15.062500, -0.250000, 3.110000, -2.780000, -10.700000, -4.134444, -0.600000, 3.715556, -1.960000, -8.590000, 4.300000, 183.000000, 12.875000, 2.125000
747, -1.580000, -17.730000, -1.330000, -2.834445, 3.991111, 2.270000, 1.810000, -0.660000, 9.610000, 182.000000, 10.625000, 3.875000, -2.560000, -11.700000, -7.350000, -2.466667, 0.756667, 3.168889, -2.560000, -8.670000, 3.780000, 182.000000, 10.625000, 3.875000
768, -1.630000, -14.150000, -2.560000, -2.162222, 4.177778, 1.372222, 0.990000, -1.040000, 9.690000, 181.125000, 5.812500, 6.125000, -3.000000, -7.400000, -6.440000, -1.041111, 0.563333, 2.181111, -2.990000, -8.640000, 3.530000, 181.125000, 5.812500, 6.125000
788, -4.050000, -21.120001, 1.260000, -1.317778, 5.843333, -0.017778, -0.020000, -1.300000, 9.710000, 181.312500, -0.125000, 7.625000, -1.680000, -11.780000, -9.610000, -0.412222, 0.608889, 2.293333, -3.400000, -8.540000, 3.400000, 181.312500, -0.125000, 7.625000
807, -6.380000, -23.190001, 11.180000, -0.715556, 5.782222, -0.875556, -0.980000, -1.360000, 9.660000, 183.187500, -5.687500, 8.000000, -2.090000, -19.180000, -10.670000, 0.902222, 1.221111, 1.361111, -3.740000, -8.390000, 3.420000, 183.187500, -5.687500, 8.000000
827, -7.320000, -24.709999, 16.600000, 2.081111, 1.845556, -3.511111, -1.400000, -1.140000, 9.630000, 186.812500, -8.250000, 6.750000, -2.080000, -20.870001, -8.760000, 2.476667, 1.968889, -0.918889, -3.810000, -8.270000, 3.620000, 189.500000, -8.187500, 5.437500
848, -8.740000, -30.129999, 13.520000, 4.194445, -0.862222, -6.170000, -1.270000, -0.620000, 9.700000, 193.000000, -7.437500, 3.625000, -5.600000, -17.370001, -9.950000, 4.092222, 2.262222, -3.850000, -3.490000, -8.220000, 4.040000, 193.000000, -7.437500, 3.625000
868, -10.540000, -8.740000, 1.350000, 5.671111, -1.841111, -7.603333, -0.840000, 0.360000, 9.760000, 201.875000, -4.937500, -2.062500, -8.040000, -5.950000, -9.410000, 5.262222, 2.448889, -5.756667, -2.840000, -8.130000, 4.680000, 201.875000, -4.937500, -2.062500
888, -9.130000, -4.700000, -7.640000, 7.213333, -2.477778, -8.033334, -0.520000, 1.560000, 9.660000, 211.062500, -3.000000, -9.187500, -7.780000, 8.320000, -4.660000, 5.244444, 2.448889, -5.400000, -2.220000, -7.890000, 5.370000, 211.062500, -3.000000, -9.187500
907, -7.370000, 11.650000, -8.920000, 6.923333, -2.151111, -7.576667, -0.440000, 2.670000, 9.420000, 219.250000, -2.562500, -15.812500, -6.220000, 13.930000, -1.140000, 4.135556, 2.583333, -3.540000, -1.900000, -7.570000, 5.930000, 219.250000, -2.562500, -15.812500
927, -9.700000, 12.620000, -6.390000, 4.214445, -1.770000, -5.225555, -0.450000, 3.430000, 9.170000, 225.687500, -2.625000, -20.437500, -5.900000, 15.520000, 8.900000, 2.525556, 2.764444, -1.751111, -1.910000, -7.300000, 6.250000, 228.250000, -2.687500, -22.250000
948, -10.210000, 28.160000, -7.430000, 2.410000, -1.347778, -2.960000, -0.450000, 3.910000, 8.980000, 230.062500, -2.625000, -23.500000, -6.770000, 14.650000, 18.480000, 0.495556, 2.138889, -1.038889, -2.040000, -7.230000, 6.300000, 230.062500, -2.625000, -23.500000
968, -9.930000, 27.389999, -0.230000, 1.186667, -1.184444, -1.337778, -0.270000, 4.030000, 8.930000, 230.875000, -1.562500, -24.312500, -7.210000, 11.030000, 20.350000, -0.667778, 0.368889, -0.233333, -2.080000, -7.300000, 6.200000, 230.875000, -1.562500, -24.312500
987, -7.300000, 22.110001, -2.590000, -0.637778, -1.946667, 3.503333, 0.250000, 3.970000, 8.960000, 228.312500, 1.437500, -23.875000, -4.630000, 6.890000, 13.810000, -0.965556, -1.961111, 0.217778, -1.940000, -7.400000, 6.120000, 228.312500, 1.437500, -23.875000
1007, -5.270000, 12.300000, -0.960000, -0.974444, -1.992222, 4.466667, 0.950000, 3.750000, 9.000000, 223.687500, 5.562500, -22.562500, -1.910000, 5.450000, 6.620000, -1.501111, -3.426667, 0.451111, -1.630000, -7.540000, 6.040000, 223.687500, 5.562500, -22.562500
1028, -5.300000, 7.110000, 2.120000, -1.376667, -2.861111, 5.817778, 1.800000, 3.390000, 9.020000, 218.125000, 10.562500, -20.562500, -0.450000, 0.650000, 1.300000, -2.133333, -3.506667, 0.647778, -1.320000, -7.750000, 5.850000, 215.375000, 13.375000, -19.250000
1048, -5.010000, -0.610000, 4.400000, -1.285556, -3.817778, 5.740000, 2.760000, 2.900000, 8.940000, 212.687500, 16.312500, -17.937500, -0.620000, -3.660000, 0.670000, -2.598889, -2.990000, 0.157778, -1.030000, -8.010000, 5.550000, 212.687500, 16.312500, -17.937500
1067, -5.370000, -5.040000, 6.190000, -1.042222, -4.161111, 5.486667, 3.760000, 2.430000, 8.720000, 207.750000, 22.562500, -15.562500, -1.460000, -6.490000, -0.080000, -2.058889, -2.612222, -1.198889, -0.620000, -8.260000, 5.240000, 207.750000, 22.562500, -15.562500
1087, -4.950000, -5.190000, 2.450000, 0.561111, -6.114444, 4.424443, 4.890000, 2.100000, 8.230000, 203.500000, 29.937500, -14.312500, -2.430000, -4.660000, -0.800000, -1.023333, -2.855556, -2.566667, 0.000000, -8.400000, 5.050000, 203.500000, 29.937500, -14.312500
1108, -2.400000, -8.130000, -8.200000, 0.800000, -6.106667, 4.278889, 5.910000, 1.800000, 7.600000, 199.375000, 37.125000, -13.375000, -1.650000, 3.990000, -5.290000, 0.167778, -3.650000, -2.806667, 0.780000, -8.390000, 5.000000, 199.375000, 37.125000, -13.375000
1128, 0.670000, -11.350000, -15.510000, 1.520000, -3.834445, 3.258889, 6.620000, 1.590000, 7.050000, 195.500000, 42.437500, -12.687500, 2.810000, 10.130000, -12.070000, 1.623333, -3.630000, -1.044444, 1.390000, -8.240000, 5.130000, 193.750000, 44.312500, -12.500000
1149, -0.130000, -12.820000, -17.139999, 1.843333, -1.940000, 2.326667, 7.000000, 1.480000, 6.690000, 192.125000, 45.625000, -12.500000, 5.750000, 9.060000, -15.570000, 1.823333, -2.841111, 1.305556, 1.570000, -8.070000, 5.330000, 192.125000, 45.625000, -12.500000
1167, -0.860000, -10.370000, -23.049999, 1.912222, -1.110000, 1.723333, 7.110000, 1.510000, 6.570000, 189.875000, 46.500000, -12.937500, 6.400000, 14.000000, -21.010000, 1.632222, -1.020000, 2.266667, 1.420000, -7.960000, 5.540000, 189.875000, 46.500000, -12.937500
1188, -0.650000, -9.230000, -33.250000, 0.283333, 4.076667, -0.412222, 6.730000, 1.600000, 6.940000, 189.375000, 43.375000, -12.937500, 4.960000, 16.860001, -21.760000, 1.013333, 2.152222, 3.966667, 0.760000, -7.890000, 5.750000, 189.375000, 43.375000, -12.937500
1208, -4.800000, -3.260000, -40.689999, -0.633333, 6.091111, -0.671111, 5.650000, 1.500000, 7.870000, 189.812500, 35.187500, -10.812500, -2.740000, 15.900000, -16.400000, -0.471111, 5.470000, 5.965556, -0.570000, -7.910000, 5.750000, 189.812500, 35.187500, -10.812500
1228, -15.970000, -10.790000, -35.110001, -4.074444, 15.238889, -1.285556, 3.370000, 1.000000, 9.150000, 190.875000, 20.125000, -6.250000, -6.250000, 11.540000, -14.060000, -1.627778, 6.927778, 7.723333, -2.380000, -7.860000, 5.350000, 190.875000, 20.125000, -6.250000
1247, -29.230000, -13.560000, -20.570000, -4.064445, 18.005556, -2.145555, 0.170000, 0.300000, 9.800000, 192.812500, 1.000000, -1.750000, -15.640000, 10.110000, -5.370000, -1.640000, 6.977778, 9.333333, -4.350000, -7.450000, 4.660000, 192.812500, 1.000000, -1.750000
1267, -37.750000, -3.290000, 2.300000, -3.315556, 18.350000, -2.325556, -3.150000, -0.250000, 9.280000, 195.125000, -18.750000, 1.562500, -21.170000, -3.440000, 6.720000, -2.086667, 5.462222, 10.607778, -6.210000, -6.550000, 3.810000, 195.125000, -18.750000, 1.562500
1288, -32.849998, 6.330000, 16.549999, -1.010000, 14.543333, -0.918889, -5.700000, -0.540000, 7.950000, 196.687500, -35.562500, 3.937500, -18.180000, -14.850000, 13.030000, -2.005556, 3.903333, 8.876667, -7.580000, -5.430000, 3.010000, 196.687500, -35.562500, 3.937500
1308, -26.450001, -1.980000, 31.830000, -1.027778, 12.072222, -0.113333, -7.160000, -0.630000, 6.660000, 196.750000, -46.875000, 5.437500, -15.470000, -21.040001, 15.870000, -0.434444, 1.620000, 5.117778, -8.280000, -4.550000, 2.590000, 196.750000, -46.875000, 5.437500
1327, -20.170000, 0.810000, 31.020000, 0.375556, 2.686667, 0.941111, -7.660000, -0.490000, 6.100000, 196.250000, -51.375000, 4.625000, -12.570000, -16.350000, 9.740000, 0.741111, -0.975556, 1.285556, -8.450000, -4.180000, 2.690000, 196.250000, -51.375000, 4.625000
1347, -13.640000, -1.890000, 17.379999, 0.664444, -0.308889, 1.121111, -7.690000, -0.260000, 6.060000, 195.375000, -51.687500, 2.437500, -9.240000, -8.760000, 2.120000, 0.730000, -1.771111, -0.944444, -8.320000, -4.210000, 3.020000, 195.375000, -51.687500, 2.437500
1368, -10.220000, -2.080000, 12.390000, 0.475556, -1.134444, 1.091111, -7.520000, -0.060000, 6.280000, 194.375000, -50.125000, 0.625000, -7.430000, -5.210000, 1.060000, 0.536667, -1.616667, -1.705556, -8.080000, -4.430000, 3.330000, 194.375000, -50.125000, 0.625000
1388, -6.360000, -1.880000, 5.610000, -0.018889, -2.412222, 0.722222, -7.240000, 0.040000, 6.600000, 193.437500, -47.625000, -0.375000, -5.470000, -3.510000, 2.020000, 0.157778, -1.374444, -1.944444, -7.820000, -4.700000, 3.570000, 193.437500, -47.625000, -0.375000
1407, -6.500000, 0.610000, 8.250000, 0.043333, -2.554445, 0.602222, -6.880000, 0.130000, 6.980000, 192.812500, -44.562500, -1.062500, -4.110000, -3.660000, 3.820000, -0.206667, -1.442222, -2.226667, -7.530000, -5.020000, 3.760000, 192.812500, -44.562500, -1.062500
1427, -5.480000, -0.970000, 5.240000, 0.127778, -4.317778, 0.690000, -6.320000, 0.230000, 7.490000, 192.125000, -40.125000, -1.750000, -3.430000, -2.980000, 2.850000, -0.351111, -1.881111, -2.864444, -7.130000, -5.420000, 3.980000, 192.125000, -40.125000, -1.750000
1448, -3.170000, -1.810000, -1.110000, 0.342222, -4.057778, 0.374444, -5.700000, 0.330000, 7.970000, 191.812500, -35.500000, -2.375000, -1.720000, -0.920000, -0.420000, -0.347778, -2.242222, -3.562222, -6.600000, -5.890000, 4.220000, 191.812500, -35.500000, -2.375000
1468, -0.190000, -2.370000, -4.410000, 0.468889, -3.651111, 0.064444, -5.170000, 0.410000, 8.320000, 192.125000, -31.812500, -2.812500, -0.370000, 3.380000, -5.370000, 0.043333, -1.792222, -4.043334, -5.970000, -6.370000, 4.450000, 192.125000, -31.812500, -2.812500
1489, 4.100000, 0.740000, -13.730000, 0.783333, -1.503333, -0.437778, -4.840000, 0.490000, 8.510000, 192.937500, -29.562500, -3.312500, 2.400000, 9.160000, -8.620000, 0.805556, 0.573333, -3.298889, -5.520000, -6.700000, 4.540000, 192.937500, -29.562500, -3.312500
1507, 10.630000, -1.610000, -22.290001, 0.605556, 0.387778, -0.321111, -5.060000, 0.570000, 8.370000, 193.437500, -31.062500, -3.875000, 4.590000, 15.130000, -5.320000, 0.718889, 1.561111, -0.980000, -5.430000, -6.810000, 4.490000, 193.437500, -31.062500, -3.875000
1527, 8.380000, 0.150000, -12.740000, -0.057778, 5.386667, -0.406667, -5.790000, 0.570000, 7.880000, 193.875000, -36.250000, -4.125000, 5.630000, 8.610000, -5.510000, -0.046667, 1.232222, 2.394444, -5.740000, -6.630000, 4.370000, 193.875000, -36.250000, -4.125000
1548, 3.170000, -7.210000, -1.240000, -0.884444, 5.911111, -0.957778, -6.660000, 0.370000, 7.180000, 194.187500, -42.750000, -2.937500, 2.460000, -1.250000, -6.800000, -0.564444, 1.510000, 3.811111, -6.300000, -6.250000, 4.150000, 194.187500, -42.750000, -2.937500
1568, -5.720000, -2.710000, 11.770000, -1.008889, 5.212222, -1.544444, -7.270000, -0.010000, 6.570000, 195.437500, -47.875000, 0.062500, -1.810000, -5.220000, -3.810000, -1.556667, 2.190000, 3.593333, -6.880000, -5.880000, 3.760000, 195.437500, -47.875000, 0.062500
1587, -15.850000, 0.660000, 32.650002, -1.648889, -1.168889, -1.443333, -7.330000, -0.440000, 6.490000, 196.500000, -48.375000, 3.875000, -10.160000, -24.840000, 9.510000, -2.442222, 2.975556, 2.582222, -7.390000, -5.630000, 3.120000, 196.500000, -48.375000, 3.875000
1607, -23.459999, -4.020000, 32.240002, -1.543333, -5.023334, -0.666667, -6.430000, -0.660000, 7.360000, 195.937500, -41.000000, 5.125000, -13.280000, -28.350000, 16.000000, -1.474444, 1.502222, -1.710000, -7.450000, -5.790000, 2.630000, 195.937500, -41.000000, 5.125000
1628, -23.309999, -11.060000, 20.420000, 0.835556, -12.718889, -0.286667, -4.610000, -0.630000, 8.620000, 195.625000, -28.062500, 4.187500, -12.880000, -16.290001, 7.300000, -0.190000, -1.794444, -6.198889, -6.790000, -6.520000, 2.720000, 195.625000, -28.062500, 4.187500
1648, -21.030001, -0.250000, 7.520000, 1.270000, -13.755555, -0.678889, -2.250000, -0.440000, 9.530000, 196.187500, -13.250000, 2.625000, -12.090000, -5.590000, 0.380000, 0.253333, -3.146667, -9.063334, -5.490000, -7.510000, 3.080000, 196.187500, -13.250000, 2.625000
1667, -17.559999, 2.180000, -7.140000, 1.183333, -13.898889, -0.556667, 0.230000, -0.260000, 9.800000, 196.500000, 1.375000, 1.500000, -12.640000, 2.310000, -0.740000, 0.511111, -2.368889, -9.980000, -3.850000, -8.350000, 3.380000, 196.500000, 1.375000, 1.500000
1687, -11.040000, 1.410000, -18.850000, 1.017778, -10.413333, -0.425556, 2.280000, -0.070000, 9.530000, 196.750000, 13.437500, 0.375000, -13.210000, 13.930000, -1.340000, 2.297778, -2.312222, -9.785556, -2.070000, -8.800000, 3.790000, 196.750000, 13.437500, 0.375000
1708, -4.130000, 1.390000, -27.650000, 1.211111, -8.961111, -0.080000, 3.740000, 0.140000, 9.060000, 196.375000, 22.437500, -0.937500, -1.340000, 31.020000, -6.850000, 4.407778, -3.074445, -5.744444, -0.670000, -8.660000, 4.530000, 196.375000, 22.437500, -0.937500
1728, 5.450000, -1.900000, -42.669998, 1.226667, -3.197778, 0.771111, 4.500000, 0.310000, 8.700000, 195.312500, 27.312500, -2.062500, 9.990000, 22.040001, -23.010000, 3.084445, -2.411111, 0.311111, -0.230000, -8.340000, 5.140000, 195.312500, 27.312500, -2.062500
1747, 4.700000, -5.710000, -43.630001, 0.416667, 3.230000, -0.297778, 4.230000, 0.410000, 8.642500, 195.000000, 25.562500, -2.687500, 10.520000, 15.010000, -26.510000, 1.204444, 1.154444, 2.676667, -0.620000, -8.170000, 5.380000, 195.000000, 25.562500, -2.687500
1767, -0.600000, -4.850000, -34.520000, -0.262222, 5.655556, -0.936667, 3.070000, 0.370000, 9.300000, 196.250000, 18.250000, -2.312500, 4.750000, 15.960000, -18.059999, 0.011111, 4.633333, 3.452222, -1.510000, -8.060000, 5.360000, 196.250000, 18.250000, -2.312500
1788, -4.180000, -12.080000, -38.810001, -2.330000, 13.077778, -3.043333, 0.930000, 0.080000, 9.760000, 199.125000, 5.437500, -0.437500, 0.100000, 11.590000, -9.960000, -1.161111, 6.511111, 4.826667, -2.810000, -7.970000, 4.960000, 199.125000, 5.437500, -0.437500
1808, -16.590000, -5.240000, -15.450000, -2.160903, 15.036667, -3.833333, -1.890000, -0.330000, 9.610000, 203.500000, -11.125000, 2.000000, -7.250000, 8.670000, -3.140000, -1.451111, 5.695556, 6.383333, -4.230000, -7.690000, 4.360000, 203.500000, -11.125000, 2.000000
1829, -21.360001, 0.200000, 2.230000, -1.610000, 14.042222, -3.293333, -4.410000, -0.850000, 8.710000, 207.562500, -26.750000, 5.562500, -13.030000, 2.350000, 1.330000, -1.821111, 4.734445, 8.040000, -5.680000, -7.100000, 3.660000, 207.562500, -26.750000, 5.562500
1847, -23.590000, 1.960000, 9.650000, -0.757778, 11.475555, -2.295556, -6.230000, -1.250000, 7.460000, 210.750000, -39.500000, 9.500000, -16.299999, -12.340000, 12.100000, -1.815556, 4.480000, 7.405556, -6.960000, -6.270000, 2.870000, 210.750000, -39.500000, 9.500000
1867, -27.770000, 6.480000, 32.209999, -0.655556, 9.493333, -1.876667, -7.210000, -1.520000, 6.460000, 212.875000, -47.375000, 13.250000, -15.840000, -16.570000, 15.260000, -1.520000, 2.930000, 4.427778, -7.720000, -5.610000, 2.163125, 212.875000, -47.375000, 13.250000
1888, -24.309999, 5.760000, 32.720001, -0.397778, -2.180000, 0.634444, -7.180000, -1.540000, 6.490000, 212.500000, -47.062500, 13.375000, -15.220000, -23.299999, 20.129999, -0.461111, 0.056667, -0.031111, -7.870000, -5.480000, 2.000000, 212.500000, -47.062500, 13.375000
1908, -18.889999, -3.290000, 26.209999, -0.220000, -4.404444, 1.177778, -6.540000, -1.380000, 7.160000, 210.625000, -41.875000, 10.875000, -13.830000, -19.840000, 16.309999, 0.333333, -2.788889, -3.693333, -7.470000, -5.890000, 2.340000, 210.625000, -41.875000, 10.875000
1927, -18.309999, -2.670000, 23.700001, 1.134444, -9.750000, 1.108889, -5.290000, -1.110000, 8.170000, 209.062500, -32.625000, 7.687500, -8.610000, -8.090000, 1.540000, 0.410000, -3.515556, -5.517778, -6.690000, -6.560000, 2.860000, 209.062500, -32.625000, 7.687500
1947, -16.510000, -1.740000, 7.480000, 1.586667, -12.823334, 1.050000, -3.280000, -0.770000, 9.200000, 207.625000, -19.562500, 4.812500, -7.220000, -4.110000, 0.300000, -0.001111, -2.978889, -6.391111, -5.690000, -7.290000, 3.250000, 207.625000, -19.562500, 4.812500
1968, -11.510000, -2.740000, -6.540000, 1.566667, -12.776667, 1.095556, -1.080000, -0.470000, 9.730000, 206.312500, -6.375000, 2.750000, -7.480000, -2.770000, 0.980000, 0.084444, -2.497778, -6.896667, -4.540000, -7.950000, 3.500000, 206.312500, -6.375000, 2.750000
1988, -6.170000, -1.290000, -8.780000, 1.257778, -9.150000, 0.351111, 0.710000, -0.220000, 9.770000, 205.625000, 4.187500, 1.312500, -5.260000, 4.330000, -2.010000, 0.761111, -2.568889, -6.835556, -3.290000, -8.420000, 3.780000, 205.625000, 4.187500, 1.312500
2007, -4.940000, -0.710000, -11.990000, 1.144444, -8.426666, 0.377778, 2.190000, -0.020000, 9.550000, 205.000000, 12.875000, 0.125000, -4.690000, 6.100000, -3.460000, 1.261111, -2.834445, -5.974444, -2.060000, -8.660000, 4.100000, 205.000000, 12.875000, 0.125000
2027, 0.360000, -2.290000, -21.020000, 1.196667, -5.418889, 0.675556, 3.260000, 0.140000, 9.240000, 204.125000, 19.437500, -0.875000, 1.260000, 13.790000, -9.740000, 2.194444, -2.690000, -4.111111, -1.070000, -8.640000, 4.500000, 204.125000, 19.437500, -0.875000
2048, 2.480000, -7.110000, -23.930000, 0.806667, -2.608889, 0.306667, 3.830000, 0.270000, 9.020000, 203.437500, 23.000000, -1.687500, 3.060000, 15.170000, -11.750000, 2.323333, -1.908889, -1.676667, -0.510000, -8.460000, 4.920000, 203.437500, 23.000000, -1.687500
2068, 4.420000, -7.200000, -29.469999, 0.746667, -1.334444, -0.296667, 3.890000, 0.410000, 8.980000, 204.000000, 23.375000, -2.562500, 7.670000, 14.910000, -18.180000, 1.308889, 0.353333, 0.513333, -0.480000, -8.310000, 5.180000, 204.000000, 23.375000, -2.562500
2087, 3.090000, -13.100000, -31.209999, -0.301111, 5.030000, -3.072222, 3.190000, 0.540000, 9.250000, 206.625000, 19.000000, -3.312500, 4.800000, 12.750000, -19.910000, 1.144444, 3.686667, 1.705556, -0.980000, -8.170000, 5.320000, 206.625000, 19.000000, -3.312500
2107, -2.150000, -11.230000, -41.340000, -0.505556, 7.938889, -4.057778, 1.390000, 0.620000, 9.680000, 211.250000, 8.187500, -3.687500, 3.040000, 14.190000, -16.760000, 0.574444, 6.427778, 3.195555, -2.000000, -8.020000, 5.270000, 211.250000, 8.187500, -3.687500
2128, -18.500000, -7.070000, -15.840000, -1.470000, 15.905556, -5.548889, -1.460000, 0.380000, 9.680000, 216.812500, -8.562500, -2.250000, -2.680000, 10.620000, -6.380000, 0.055556, 6.358889, 5.242222, -3.350000, -7.760000, 4.960000, 216.812500, -8.562500, -2.250000
2148, -21.660000, 0.060000, 1.850000, -0.066667, 14.510000, -5.067778, -4.160000, 0.000000, 8.682500, 222.312500, -25.125000, 0.000000, -5.490000, 5.430000, -1.510000, -0.748889, 5.104445, 6.015555, -4.690000, -7.350000, 4.470000, 222.312500, -25.125000, 0.000000
2168, -19.330000, 8.930000, 15.110000, 0.224444, 12.572222, -4.230000, -5.960000, -0.340000, 7.770000, 226.500000, -37.437500, 2.500000, -10.920000, -1.450000, 9.520000, -1.348889, 3.172222, 5.226666, -5.730000, -6.900000, 3.940000, 226.500000, -37.437500, 2.500000
2187, -18.840000, 9.800000, 22.459999, -0.461111, 4.597778, -1.355556, -6.800000, -0.620000, 7.030000, 228.500000, -43.937500, 5.000000, -11.040000, -5.380000, 12.960000, -1.293333, 1.445556, 3.734444, -6.390000, -6.520000, 3.550000, 228.500000, -43.937500, 5.000000
2207, -15.610000, 3.050000, 18.379999, -0.544444, 1.896667, -0.158889, -6.920000, -0.640000, 6.910000, 228.062500, -44.937500, 5.250000, -10.720000, -13.180000, 15.780000, -0.104444, -0.100000, 1.520000, -6.670000, -6.290000, 3.450000, 228.062500, -44.937500, 5.250000
2228, -12.440000, 3.140000, 14.050000, 0.674444, -2.056667, 1.553333, -6.710000, -0.390000, 7.130000, 226.750000, -43.187500, 3.187500, -9.080000, -13.030000, 13.050000, 0.607778, -2.156667, -0.658889, -6.540000, -6.280000, 3.720000, 226.750000, -43.187500, 3.187500
2248, -9.670000, -1.830000, 14.030000, 1.075556, -3.436667, 2.036667, -6.300000, -0.020000, 7.510000, 225.000000, -39.937500, 0.125000, -6.010000, -10.060000, 3.600000, 0.840000, -2.875556, -2.024444, -6.120000, -6.420000, 4.160000, 225.000000, -39.937500, 0.125000
2267, -8.950000, -3.970000, 13.610000, 1.351111, -4.244444, 2.027778, -5.590000, 0.420000, 8.030000, 223.437500, -34.812500, -3.000000, -4.570000, -9.570000, 0.620000, 0.717778, -2.660000, -3.040000, -5.550000, -6.670000, 4.560000, 223.437500, -34.812500, -3.000000
2287, -9.440000, -5.470000, 13.390000, 2.710000, -7.347778, 1.585556, -4.490000, 0.970000, 8.660000, 222.687500, -27.250000, -6.437500, -4.620000, -8.980000, 1.330000, 0.801111, -2.168681, -3.997778, -4.850000, -6.970000, 4.890000, 222.687500, -27.250000, -6.437500
2308, -8.030000, -4.410000, 6.610000, 3.181111, -8.177778, 1.412222, -3.040000, 1.630000, 9.170000, 222.562500, -18.062500, -10.062500, -4.760000, -7.010000, 2.460000, 0.923333, -2.118889, -4.408889, -4.030000, -7.260000, 5.200000, 222.562500, -18.062500, -10.062500
2328, -4.810000, -5.040000, 1.240000, 3.837778, -8.155556, 0.924444, -1.540000, 2.330000, 9.390000, 222.812500, -9.062500, -13.937500, -4.430000, -4.440000, 1.580000, 1.695556, -2.020000, -5.058889, -3.120000, -7.440000, 5.560000, 222.812500, -9.062500, -13.937500
2347, -2.570000, -1.890000, -3.420000, 4.382222, -7.508889, 0.562222, -0.130000, 3.110000, 9.290000, 223.562500, -0.750000, -18.500000, -2.820000, 0.580000, 1.470000, 2.162014, -1.912222, -4.774445, -2.163125, -7.460000, 5.950000, 223.562500, -0.750000, -18.500000
2367, -1.490000, 3.280000, -4.520000, 4.336667, -7.186666, 0.641111, 1.130000, 3.840000, 8.950000, 224.062500, 6.625000, -23.187500, -1.520000, 4.140000, 1.440000, 2.406667, -1.950000, -3.934444, -1.400000, -7.330000, 6.350000, 224.062500, 6.625000, -23.187500
2388, 1.090000, 9.650000, -12.700000, 2.656667, -5.495555, 1.473333, 2.220000, 4.310000, 8.510000, 223.812500, 13.125000, -26.875000, 0.350000, 10.920000, 1.450000, 1.983333, -2.078889, -2.577778, -0.740000, -7.120000, 6.700000, 223.812500, 13.125000, -26.875000
2408, -0.510000, 12.100000, -10.740000, 1.731111, -4.741111, 1.915556, 3.130000, 4.410000, 8.170000, 222.375000, 18.562500, -28.375000, 2.300000, 14.910000, 0.580000, 1.296667, -2.164444, -1.810000, -0.270000, -7.020000, 6.830000, 222.375000, 18.562500, -28.375000
2429, -3.110000, 14.690000, -11.600000, -0.366667, -3.853333, 4.207778, 4.030000, 4.140000, 7.910000, 219.375000, 24.312500, -27.625000, 1.040000, 13.180000, 0.450000, -1.234444, -2.231111, 0.265556, 0.000000, -7.140000, 6.710000, 219.375000, 24.312500, -27.625000
2447, -4.740000, 9.920000, -14.560000, -1.210000, -2.618889, 5.840000, 4.880000, 3.510000, 7.740000, 214.375000, 29.812500, -24.375000, -0.770000, 12.450000, 1.170000, -2.094445, -2.388889, 1.117778, 0.160000, -7.380000, 6.440000, 214.375000, 29.812500, -24.375000
2468, -4.540000, 6.620000, -18.139999, -0.936667, -1.970000, 6.052222, 5.460000, 2.770000, 7.650000, 208.187500, 33.812500, -19.937500, -1.540000, 12.180000, -0.610000, -2.257778, -2.601111, 2.155555, 0.200000, -7.660000, 6.110000, 208.187500, 33.812500, -19.937500
2488, -4.900000, -0.570000, -18.639999, -0.367778, 1.494444, 6.472222, 5.620000, 2.000000, 7.770000, 201.125000, 35.000000, -14.437500, -1.490000, 12.500000, -3.760000, -1.758889, -2.776667, 3.502222, 0.050000, -7.880000, 5.830000, 201.125000, 35.000000, -14.437500
2508, -6.010000, -3.570000, -18.420000, -0.088889, 2.877778, 6.144444, 5.300000, 1.380000, 8.120000, 194.312500, 32.750000, -9.625000, -0.730000, 11.510000, -9.360000, -1.530000, -2.590000, 4.308889, -0.390000, -8.030000, 5.610000, 194.312500, 32.750000, -9.625000
2527, -6.410000, -9.770000, -20.080000, -1.327778, 6.427778, 4.495555, 4.480000, 0.780000, 8.680000, 188.875000, 27.187500, -5.125000, 2.850000, 8.040000, -18.740000, -1.930000, 0.328889, 6.042222, -1.250000, -8.120000, 5.340000, 188.875000, 27.187500, -5.125000
2547, -9.280000, -22.379999, -19.870001, -2.970000, 9.847777, 1.891111, 2.970000, 0.140000, 9.340000, 186.312500, 17.625000, -0.812500, -1.100000, -2.010000, -20.350000, -2.251111, 2.014444, 6.138889, -2.450000, -8.130000, 4.890000, 186.312500, 17.625000, -0.812500
2568, -11.790000, -24.330000, -17.190001, -3.063150, 11.243333, 0.421111, 0.820000, -0.370000, 9.760000, 186.937500, 4.750000, 2.187500, -4.800000, -3.850000, -15.020000, -1.340000, 4.534444, 5.731111, -3.720000, -7.930000, 4.380000, 186.937500, 4.750000, 2.187500
2588, -18.610001, -21.639999, -10.760000, -1.044444, 14.070000, -2.490000, -1.700000, -0.670000, 9.630000, 189.625000, -9.937500, 4.000000, -8.250000, -5.520000, -9.160000, -0.274444, 3.651111, 5.798889, -4.890000, -7.500000, 3.990000, 189.625000, -9.937500, 4.000000
2607, -22.840000, -16.190001, -4.680000, -0.142222, 14.581111, -2.977778, -4.240000, -0.800000, 8.800000, 193.750000, -25.625000, 5.187500, -9.320000, -9.170000, -6.320000, -0.130000, 3.344445, 5.411111, -5.820000, -7.000000, 3.630000, 193.750000, -25.625000, 5.187500
2627, -29.170000, -8.970000, 11.580000, 2.187778, 13.854445, -3.864444, -6.390000, -0.890000, 7.380000, 199.125000, -40.625000, 6.875000, -9.800000, -17.240000, 0.020000, -0.270000, 3.085556, 1.735556, -6.360000, -6.720000, 3.230000, 199.125000, -40.625000, 6.875000
2648, -28.719999, -4.120000, 24.129999, 3.132222, 9.398889, -3.685555, -7.690000, -1.040000, 5.980000, 205.375000, -51.687500, 9.812500, -11.260000, -18.770000, 3.670000, -0.021111, 2.835556, -0.136667, -6.370000, -6.840000, 2.940000, 205.375000, -51.687500, 9.812500
2668, -22.200001, 2.410000, 30.559999, 3.166667, 5.611111, -3.140000, -8.020000, -1.120000, 5.510000, 210.312500, -54.937500, 11.500000, -10.910000, -10.530000, 5.340000, 0.981111, 1.818889, -3.353333, -5.950000, -7.220000, 2.920000, 210.312500, -54.937500, 11.500000
2687, -11.300000, -3.930000, 6.730000, 2.770000, -4.553333, -1.008889, -7.620000, -0.990000, 6.090000, 212.875000, -50.937500, 9.250000, -7.410000, -5.000000, 2.090000, 1.872222, 0.243333, -4.958889, -5.290000, -7.630000, 3.120000, 212.875000, -50.937500, 9.250000
2707, -5.870000, -3.680000, -1.060000, 2.945555, -5.178889, -0.978889, -6.960000, -0.770000, 6.850000, 215.187500, -45.250000, 6.437500, -4.610000, -1.730000, 0.540000, 1.998889, 0.128889, -5.134444, -4.920000, -7.820000, 3.260000, 215.187500, -45.250000, 6.437500
2728, 0.040000, 1.390000, -5.480000, 2.788889, -4.206666, -1.747778, -6.330000, -0.590000, 7.450000, 217.937500, -40.250000, 4.500000, -0.630000, 5.160000, -3.210000, 2.292222, 1.398889, -5.102222, -3.810000, -8.250000, 3.680000, 217.937500, -40.250000, 4.500000
2748, 4.030000, 7.880000, -9.140000, 1.844444, -2.516667, -1.972222, -5.880000, -0.500000, 7.830000, 220.750000, -36.812500, 3.687500, 1.210000, 10.640000, 1.440000, 1.884444, 2.126667, -4.522222, -3.320000, -8.410000, 3.770000, 220.750000, -36.812500, 3.687500
2769, 8.250000, 11.230000, -8.990000, 1.433333, -1.327778, -2.006667, -5.730000, -0.540000, 7.930000, 223.375000, -35.750000, 3.875000, 2.010000, 13.910000, 7.070000, 0.538889, 2.201111, -2.648889, -3.130000, -8.520000, 3.700000, 223.375000, -35.750000, 3.875000
2787, 9.680000, 14.660000, -9.830000, -0.202222, 1.702222, -1.685556, -5.890000, -0.720000, 7.800000, 225.437500, -36.937500, 5.250000, 3.140000, 14.850000, 8.130000, -0.766667, 1.353333, 1.001111, -3.290000, -8.530000, 3.520000, 225.437500, -36.937500, 5.250000
2807, 4.790000, 16.830000, -3.830000, -0.848889, 2.713333, -1.437778, -6.300000, -1.030000, 7.440000, 226.562500, -39.937500, 7.875000, 1.360000, 10.520000, 8.250000, -1.230000, 0.951111, 1.841111, -3.470000, -8.510000, 3.390000, 226.562500, -39.937500, 7.875000
2828, -0.340000, 14.370000, 4.960000, -2.897778, 2.170903, 0.073333, -6.660000, -1.420000, 7.050000, 225.937500, -42.750000, 11.375000, 0.100000, 6.610000, 8.170000, -2.667778, -0.317778, 3.527778, -4.220000, -8.380000, 2.830000, 225.937500, -42.750000, 11.375000
2848, -3.720000, 11.200000, 5.660000, -3.768889, 0.113333, 1.472222, -6.770000, -1.750000, 6.870000, 223.187500, -43.625000, 14.312500, -2.850000, -0.550000, 7.380000, -2.825556, -0.812222, 3.681111, -4.740000, -8.210000, 2.470000, 223.187500, -43.625000, 14.312500
2867, -6.710000, 7.910000, 9.070000, -3.970000, -0.835556, 2.182222, -6.680000, -1.940000, 6.900000, 218.500000, -42.937500, 15.687500, -3.850000, -7.650000, 6.260000, -2.867778, -1.684444, 3.564445, -5.190000, -8.010000, 2.220000, 218.500000, -42.937500, 15.687500
2887, -11.470000, -7.410000, 14.340000, -3.185555, -4.657778, 3.098889, -6.260000, -2.010000, 7.260000, 213.000000, -39.687500, 15.500000, -5.000000, -13.550000, 4.010000, -2.150000, -2.305556, 2.565556, -5.380000, -7.890000, 2.180000, 210.750000, -37.000000, 15.062500
2908, -13.420000, -6.760000, 13.830000, -2.461111, -5.890000, 2.654444, -5.430000, -2.060000, 7.900000, 208.687500, -33.562500, 14.625000, -4.890000, -11.430000, -4.240000, -1.662222, -2.951111, 0.017778, -5.320000, -7.930000, 2.163125, 208.687500, -33.562500, 14.625000
2928, -16.209999, -10.240000, 14.030000, -1.136667, -10.017777, 1.634444, -4.030000, -2.120000, 8.680000, 205.125000, -24.312500, 13.687500, -5.950000, -9.530000, -3.850000, -1.816667, -2.051111, -2.074445, -4.720000, -8.320000, 2.110000, 203.625000, -18.437500, 13.125000
2947, -14.760000, -11.710000, 2.560000, 0.295556, -12.232223, 1.256667, -2.060000, -2.050000, 9.360000, 202.250000, -12.125000, 12.375000, -6.880000, -9.500000, -3.470000, -1.274444, -1.807778, -3.323333, -4.070000, -8.660000, 2.120000, 202.250000, -12.125000, 12.375000
2967, -12.070000, -16.980000, -5.840000, 0.901111, -12.210000, 1.072222, 0.050000, -1.800000, 9.630000, 200.125000, 0.312500, 10.562500, -6.950000, -7.750000, -5.410000, 0.242222, -2.242222, -4.236667, -3.230000, -8.940000, 2.400000, 200.125000, 0.312500, 10.562500
2988, -5.470000, -21.209999, -14.780000, 2.853333, -9.030000, -1.487778, 1.860000, -1.300000, 9.530000, 200.125000, 10.937500, 7.750000, -4.380000, -3.990000, -10.200000, 1.935556, -2.356667, -4.921111, -2.260000, -9.080000, 2.920000, 201.312500, 15.187500, 5.687500
3008, -4.680000, -22.180000, -17.059999, 3.363333, -7.460000, -2.953333, 3.110000, -0.450000, 9.280000, 203.312500, 18.500000, 2.812500, -2.330000, 0.050000, -16.670000, 3.416667, -1.696667, -5.276667, -1.750000, -9.080000, 3.240000, 203.312500, 18.500000, 2.812500
3027, -4.700000, -13.570000, -20.730000, 5.010000, -2.446667, -6.393333, 3.670000, 0.760000, 9.050000, 208.875000, 22.000000, -4.812500, -2.160000, 3.680000, -17.520000, 4.452222, 0.234444, -5.146667, -0.480000, -8.750000, 4.390000, 212.187500, 21.812500, -9.187500
3047, -2.890000, -9.310000, -30.450001, 5.195556, 1.714444, -7.607778, 3.360000, 2.150000, 8.950000, 215.687500, 20.062500, -13.500000, -1.480000, 17.230000, -14.330000, 5.374444, 2.200000, -4.561111, -0.200000, -8.530000, 4.830000, 215.687500, 20.062500, -13.500000
3068, -1.470000, 12.530000, -36.500000, 4.273334, 4.061111, -7.626300, 2.100000, 3.100000, 9.060000, 222.250000, 12.312500, -18.875000, 4.090000, 32.830002, -15.480000, 4.981111, 3.033333, -2.455555, -0.200000, -7.830000, 5.890000, 222.250000, 12.312500, -18.875000
3088, -2.320000, 10.380000, -32.759998, -2.810000, 10.448889, -5.192222, 0.090000, 2.930000, 9.350000, 226.687500, 0.500000, -17.375000, 3.740000, 27.309999, -7.640000, 1.147778, 4.855556, 2.335556, -1.230000, -7.760000, 5.860000, 228.312500, -6.062500, -15.187500
3109, -7.910000, 10.180000, -13.590000, -4.005556, 11.334444, -4.721111, -2.140000, 2.100000, 9.330000, 229.562500, -12.625000, -12.687500, -0.570000, 16.000000, -1.380000, -1.942222, 4.864444, 5.411111, -1.900000, -7.780000, 5.640000, 229.562500, -12.625000, -12.687500
3127, -8.940000, 13.380000, -3.640000, -4.152222, 9.942223, -1.873333, -4.030000, 1.220000, 8.662500, 230.500000, -24.250000, -7.812500, -7.720000, 9.440000, 10.470000, -3.287778, 4.218889, 6.218889, -3.890000, -7.730000, 4.590000, 230.000000, -28.687500, -5.875000
3147, -12.860000, 21.190001, 13.710000, -3.860000, 5.370000, 1.273333, -5.130000, 0.630000, 8.330000, 228.625000, -31.500000, -4.312500, -11.720000, 2.350000, 15.650000, -3.834445, 2.232222, 6.907778, -4.480000, -7.620000, 4.230000, 228.625000, -31.500000, -4.312500
3168, -15.220000, 15.490000, 15.330000, -4.262222, 3.016667, 3.375556, -5.430000, 0.370000, 8.150000, 222.562500, -33.625000, -2.625000, -12.960000, -11.260000, 16.150000, -3.367778, -0.001111, 7.420000, -5.980000, -6.900000, 3.550000, 222.562500, -33.625000, -2.625000
3188, -16.770000, -5.460000, 20.760000, -2.986667, -1.695556, 5.392222, -5.240000, 0.380000, 8.270000, 215.437500, -32.250000, -2.625000, -11.290000, -23.549999, 12.700000, -1.805556, -1.721111, 5.086667, -6.350000, -6.540000, 3.600000, 212.687500, -30.937500, -3.187500
3207, -13.900000, -12.250000, 18.100000, -1.756667, -2.221111, 4.580000, -4.820000, 0.580000, 8.510000, 210.750000, -29.437500, -3.875000, -9.680000, -25.680000, 3.210000, -1.328889, -3.662222, 0.893333, -6.270000, -6.530000, 3.740000, 210.750000, -29.437500, -3.875000
3227, -12.580000, -10.030000, 23.830000, 0.191111, -4.802222, 1.764444, -4.110000, 0.770000, 8.672500, 208.625000, -24.750000, -4.937500, -6.730000, -15.920000, -5.900000, -0.524444, -3.672222, -3.221111, -5.280000, -7.100000, 4.220000, 208.062500, -21.250000, -5.250000
3248, -10.870000, -7.740000, 15.590000, 0.105556, -7.821111, 1.131111, -2.860000, 0.880000, 9.330000, 207.687500, -16.937500, -5.375000, -6.430000, -10.230000, -5.580000, -0.612222, -2.304445, -5.383333, -4.810000, -7.380000, 4.290000, 207.687500, -16.937500, -5.375000
3268, -9.920000, -7.950000, 7.990000, 0.088889, -8.668056, 0.912222, -1.170000, 0.930000, 9.690000, 207.312500, -6.875000, -5.500000, -5.870000, -6.000000, -3.400000, -0.478889, -1.293333, -5.947778, -3.330000, -8.120000, 4.350000, 207.312500, -6.875000, -5.500000
3287, -6.020000, -7.600000, -3.510000, 0.256667, -9.414444, 0.277778, 0.590000, 0.980000, 9.730000, 207.375000, 3.437500, -5.750000, -4.370000, 0.270000, -3.980000, 0.190000, -1.002222, -6.105556, -2.300000, -8.410000, 4.470000, 207.625000, 8.437500, -6.062500
3307, -3.950000, -5.300000, -9.140000, 0.539392, -9.194445, -0.026667, 2.220000, 1.100000, 9.480000, 207.937500, 13.062500, -6.562500, -2.720000, 4.990000, -5.130000, 1.158889, -0.978889, -5.443333, -1.820000, -8.470000, 4.590000, 207.937500, 13.062500, -6.562500
3328, -0.370000, -4.940000, -15.720000, 0.472222, -6.317778, -0.370000, 3.430000, 1.200000, 9.100000, 208.625000, 20.500000, -7.562500, 0.690000, 8.720000, -6.970000, 1.708889, -0.762222, -3.903333, -0.770000, -8.380000, 5.020000, 209.125000, 23.250000, -8.000000
3348, 0.210000, -3.380000, -17.920000, 0.038889, -4.111111, -0.961111, 4.200000, 1.300000, 8.760000, 209.812500, 25.375000, -8.437500, 2.420000, 12.980000, -9.320000, 1.664444, -0.336667, -2.591111, -0.540000, -8.320000, 5.150000, 209.812500, 25.375000, -8.437500
3367, 1.350000, 2.420000, -22.750000, -0.539392, -2.857778, -0.975556, 4.530000, 1.210000, 8.600000, 211.187500, 27.500000, -8.000000, 3.900000, 16.260000, -11.230000, 0.811111, 0.651111, -0.835556, -0.370000, -8.220000, 5.320000, 211.187500, 27.500000, -8.000000
3387, 1.390000, -2.460000, -27.580000, -2.581111, 2.388889, -1.218889, 4.270000, 0.910000, 8.770000, 212.875000, 25.812500, -5.875000, 3.650000, 15.930000, -12.120000, -0.272222, 2.024444, 1.164444, -0.960000, -8.230000, 5.230000, 213.937500, 23.437500, -4.625000
3408, -0.160000, -1.160000, -34.959999, -2.800000, 4.244444, -1.515556, 3.290000, 0.510000, 9.220000, 215.062500, 19.562500, -3.187500, 0.090000, 13.430000, -10.790000, -0.728889, 4.410000, 2.752222, -1.390000, -8.230000, 5.130000, 215.062500, 19.562500, -3.187500
3428, -5.020000, -3.070000, -38.840000, -3.698889, 13.384444, -2.376667, 1.140000, -0.030000, 9.730000, 217.750000, 6.687500, 0.125000, -1.420000, 15.720000, -6.460000, -0.774444, 6.011111, 4.174443, -3.190000, -8.070000, 4.550000, 219.375000, -1.750000, 2.000000
3448, -18.799999, -7.170000, -21.830000, -2.880000, 16.874445, -2.925555, -1.840000, -0.640000, 9.610000, 221.062500, -10.812500, 3.812500, -5.720000, 12.110000, -1.750000, -1.125556, 6.003334, 6.237778, -3.920000, -7.910000, 4.260000, 221.062500, -10.812500, 3.812500
3467, -22.330000, -0.970000, -8.410000, -2.257778, 17.173334, -2.787778, -4.720000, -1.160000, 8.510000, 224.437500, -28.750000, 7.750000, -10.680000, 3.710000, 2.410000, -1.052222, 5.086667, 8.002601, -5.430000, -7.300000, 3.630000, 225.875000, -36.812500, 10.187500
3487, -23.830000, 3.790000, 9.580000, -1.821111, 13.433333, -1.638889, -6.780000, -1.610000, 6.890000, 227.062500, -43.750000, 13.187500, -11.410000, -2.580000, 4.230000, -1.636667, 3.807778, 8.217778, -7.330000, -5.950000, 2.620000, 227.875000, -49.500000, 16.500000
3508, -28.450001, 2.680000, 32.970001, -1.897778, 11.182222, -1.107778, -7.860000, -1.940000, 5.520000, 228.312500, -53.312500, 19.375000, -15.240000, -20.840000, 13.520000, -2.361111, 3.291111, 7.283333, -7.800000, -5.480000, 2.250000, 228.312500, -53.312500, 19.375000
3528, -27.010000, 8.770000, 33.770000, -1.865556, -1.626667, 1.254444, -7.940000, -2.010000, 5.370000, 226.625000, -54.125000, 20.500000, -15.750000, -27.490000, 19.270000, -2.145555, 1.823333, 3.428889, -8.380000, -4.830000, 1.550000, 224.875000, -52.187500, 19.062500
3547, -21.180000, -0.730000, 23.879999, -1.051111, -5.984445, 1.863333, -7.440000, -1.880000, 6.090000, 223.187500, -49.375000, 17.187500, -14.900000, -18.469999, 17.270000, -1.152222, -0.810000, -1.723333, -8.290000, -4.980000, 1.560000, 223.187500, -49.375000, 17.187500
3567, -19.250000, -0.260000, 21.110001, -0.577778, -7.183333, 1.795556, -6.510000, -1.710000, 7.120000, 220.062500, -41.625000, 13.500000, -11.940000, -9.380000, 7.740000, -0.738889, -3.434444, -4.793334, -7.770000, -5.650000, 1.920000, 218.375000, -36.750000, 11.937500
3588, -16.930000, 1.520000, 11.060000, -0.716667, -10.645555, 2.372222, -5.090000, -1.550000, 8.230000, 216.437500, -31.312500, 10.687500, -8.790000, -3.840000, 1.110000, -1.165556, -4.054444, -5.894444, -6.950000, -6.490000, 2.360000, 214.375000, -25.312500, 9.625000
3608, -16.100000, -2.710000, 4.430000, -0.588889, -11.613334, 2.604445, -3.200000, -1.430000, 9.150000, 212.437500, -19.062500, 8.875000, -7.020000, -2.170000, 0.160000, -1.277778, -3.844445, -6.193333, -5.960000, -7.300000, 2.680000, 212.437500, -19.062500, 8.875000
3627, -10.480000, -11.420000, -8.930000, 0.413333, -11.251111, 1.717778, -1.170000, -1.310000, 9.640000, 209.312500, -6.875000, 7.750000, -6.710000, -1.170000, -2.760000, -0.738889, -3.832222, -6.312222, -4.840000, -8.000000, 2.940000, 208.437500, -1.375000, 7.125000
3647, -8.210000, -10.880000, -11.100000, 1.267778, -9.484445, 0.451111, 0.620000, -1.110000, 9.720000, 207.875000, 3.625000, 6.500000, -4.390000, 1.730000, -8.440000, 0.072222, -3.714444, -6.588889, -3.590000, -8.530000, 3.220000, 207.875000, 3.625000, 6.500000
3668, -6.190000, -11.830000, -12.170000, 1.528889, -8.981112, 0.040000, 2.163125, -0.800000, 9.510000, 207.437500, 13.062500, 4.812500, -3.040000, 3.170000, -11.280000, 0.951111, -3.074445, -6.422222, -2.310000, -8.662500, 3.520000, 207.562500, 17.000000, 3.812500
3688, -2.170000, -16.650000, -19.090000, 1.803333, -5.902222, -1.610000, 3.400000, -0.420000, 9.180000, 208.187500, 20.250000, 2.625000, 0.190000, 3.210000, -15.590000, 2.352222, -2.167778, -5.421111, -1.170000, -8.900000, 3.940000, 209.500000, 22.875000, 0.937500
3709, -0.750000, -21.900000, -22.180000, 2.061111, -4.683333, -2.818889, 4.110000, 0.230000, 8.900000, 211.562500, 24.750000, -1.437500, 1.760000, 5.200000, -18.980000, 3.590000, -0.853333, -4.605556, -0.270000, -8.690000, 4.520000, 211.562500, 24.750000, -1.437500
3727, -1.520000, -11.460000, -23.430000, 2.665555, -0.658889, -6.250000, 4.270000, 1.170000, 8.740000, 217.312500, 25.812500, -7.625000, 4.810000, 10.400000, -21.440001, 3.288889, 0.875556, -3.828889, 0.340000, -8.380000, 5.080000, 220.812500, 24.562500, -10.437500
3748, -2.650000, -5.890000, -25.219999, 1.430000, 2.914444, -7.320000, 3.700000, 2.000000, 8.662500, 224.437500, 22.187500, -12.750000, 2.330000, 18.090000, -20.049999, 2.813150, 3.392222, -2.568889, 0.510000, -8.050000, 5.560000, 224.437500, 22.187500, -12.750000
3768, -0.780000, 1.210000, -33.790001, 0.845556, 4.557778, -7.545556, 2.410000, 2.490000, 9.170000, 231.750000, 14.250000, -15.187500, 1.600000, 28.980000, -14.200000, 2.592222, 6.356667, -1.030000, 0.120000, -7.750000, 6.000000, 235.000000, 8.375000, -14.562500
3788, -7.010000, 7.260000, -34.630001, -3.512222, 11.634444, -6.323333, 0.240000, 2.170000, 9.550000, 237.750000, 1.437500, -12.812500, -5.390000, 27.670000, -3.280000, 0.373333, 7.871111, 3.218889, -1.040000, -7.600000, 6.090000, 240.125000, -6.125000, -10.375000
3807, -18.320000, 5.680000, -16.010000, -4.267778, 13.088889, -5.851111, -2.350000, 1.300000, 9.430000, 242.312500, -13.875000, -7.812500, -10.860000, 19.180000, 0.980000, -2.617778, 7.003334, 6.816667, -2.740000, -7.590000, 5.550000, 242.312500, -13.875000, -7.812500
3827, -20.740000, 18.389999, -8.050000, -4.802222, 12.535556, -3.502222, -4.630000, 0.260000, 8.630000, 245.312500, -28.125000, -1.687500, -20.030001, 14.460000, 11.170000, -3.973333, 5.575555, 8.675555, -4.500000, -7.380000, 4.620000, 245.437500, -34.500000, 1.875000
3848, -25.580000, 25.559999, 2.780000, -6.344444, 10.327778, 0.391111, -6.320000, -0.710000, 7.460000, 244.187500, -40.125000, 5.437500, -23.610001, 3.450000, 15.390000, -5.931111, 3.912222, 10.032222, -6.160000, -6.800000, 3.440000, 244.187500, -40.125000, 5.437500
3868, -26.820000, 23.190001, 9.230000, -7.137778, 8.598886, 2.856667, -7.410000, -1.130000, 6.310000, 236.750000, -49.125000, 10.187500, -21.750000, -6.350000, 21.690001, -6.720000, 1.277778, 9.714444, -7.460000, -5.890000, 2.370000, 236.750000, -49.125000, 10.187500
3887, -31.500000, -6.340000, 33.169998, -4.597778, 1.604445, 8.062222, -7.920000, -0.660000, 5.740000, 225.437500, -53.875000, 6.562500, -25.330000, -34.080002, 28.400000, -5.305555, -1.876667, 8.912222, -8.360000, -4.720000, 1.970000, 220.437500, -53.187500, 1.812500
3907, -27.430000, -5.350000, 33.099998, -2.222222, -1.841111, 7.938889, -7.600000, 0.300000, 6.180000, 215.937500, -50.812500, -2.812500, -21.639999, -32.700001, 11.240000, -1.795556, -7.330000, 3.412222, -8.530000, -4.020000, 2.660000, 215.937500, -50.812500, -2.812500
3928, -20.500000, -18.299999, 20.440001, -0.143333, -6.040000, 6.112222, -6.780000, 1.180000, 6.970000, 208.812500, -43.750000, -9.562500, -10.910000, -18.950001, -16.549999, -0.838889, -10.050000, -2.801111, -7.770000, -4.290000, 4.150000, 206.562500, -39.750000, -11.312500
3948, -17.030001, -16.110001, 15.240000, -0.187778, -7.472222, 3.526667, -5.680000, 1.660000, 7.810000, 204.937500, -34.625000, -12.000000, -8.090000, -10.790000, -16.799999, -1.358889, -6.586667, -6.454444, -6.590000, -5.160000, 5.090000, 204.937500, -34.625000, -12.000000
3967, -14.010000, -11.540000, 7.170000, -0.721111, -8.750000, 2.604445, -4.140000, 1.740000, 8.710000, 203.187500, -24.937500, -11.312500, -7.040000, -1.430000, -10.470000, -1.994444, -3.223333, -7.948889, -5.350000, -6.230000, 5.340000, 203.187500, -24.937500, -11.312500
3987, -10.300000, -8.280000, -5.270000, -1.038889, -9.953333, 1.368889, -2.340000, 1.650000, 9.370000, 202.375000, -13.812500, -10.000000, -7.430000, 0.680000, -5.360000, -1.814444, -1.063333, -7.396667, -4.240000, -7.110000, 5.240000, 202.187500, -8.750000, -9.500000
4008, -3.850000, -9.730000, -12.570000, -0.785556, -9.195556, 1.138889, -0.740000, 1.560000, 9.650000, 202.062500, -4.375000, -9.187500, -5.040000, 3.030000, -2.900000, -0.558889, -0.771111, -6.234445, -3.240000, -7.670000, 5.170000, 202.062500, -4.375000, -9.187500
4028, -2.130000, -12.890000, -12.040000, -0.133333, -5.700000, -0.371111, 0.390000, 1.510000, 9.680000, 202.625000, 2.250000, -8.875000, -1.560000, 0.150000, -9.820000, 0.274444, -1.302222, -5.122222, -2.330000, -7.940000, 5.250000, 203.375000, 4.937500, -8.937500
4049, -2.310000, -11.540000, -5.920000, 0.066667, -4.861111, -1.577778, 1.270000, 1.540000, 9.590000, 204.437500, 7.437500, -9.125000, -0.510000, 0.240000, -13.280000, 0.578889, -1.044444, -4.857778, -1.470000, -8.060000, 5.370000, 204.437500, 7.437500, -9.125000
4067, -2.070000, -12.860000, -4.360000, -0.021111, -4.600000, -2.071111, 2.020000, 1.610000, 9.450000, 207.437500, 11.875000, -9.625000, 1.220000, 0.800000, -13.880000, 0.663333, 0.315556, -4.593333, -0.740000, -8.100000, 5.470000, 207.437500, 11.875000, -9.625000
4087, -2.420000, -13.820000, -2.710000, 0.181111, -4.833333, -3.831111, 2.740000, 1.780000, 9.240000, 211.687500, 16.250000, -10.937500, 0.700000, -1.540000, -12.540000, 0.832222, 1.850000, -3.901111, -0.270000, -8.050000, 5.580000, 214.375000, 18.437500, -12.312500
4108, -2.880000, -11.890000, -6.210000, 0.837778, -5.130000, -4.486667, 3.440000, 2.280000, 8.890000, 217.250000, 20.500000, -14.375000, -1.920000, -1.910000, -7.730000, 1.623333, 2.851111, -3.404444, -0.020000, -7.910000, 5.780000, 217.250000, 20.500000, -14.375000
4128, -4.170000, -4.860000, -7.230000, 2.321111, -4.320000, -5.457778, 3.910000, 3.030000, 8.460000, 223.375000, 23.500000, -19.687500, -3.130000, 1.740000, -4.410000, 2.810000, 3.110000, -3.211111, 0.100000, -7.620000, 6.160000, 226.375000, 24.562500, -22.375000
4147, -7.950000, 9.050000, -4.150000, 1.717778, -3.918889, -4.806667, 4.210000, 3.720000, 8.030000, 229.187500, 25.437500, -24.812500, -5.870000, 9.810000, 1.380000, 3.105556, 3.116667, -3.258889, 0.180000, -7.240000, 6.600000, 229.187500, 25.437500, -24.812500
4167, -9.260000, 19.590000, -4.800000, 1.155556, -3.762222, -4.187778, 4.480000, 4.130000, 7.670000, 233.937500, 27.187500, -28.312500, -6.560000, 17.410000, 8.500000, 2.132222, 3.275556, -3.408889, 0.220000, -6.900000, 6.950000, 233.937500, 27.187500, -28.312500
4188, -8.800000, 28.160000, -8.480000, -1.842222, -3.367778, -0.757778, 4.860000, 4.060000, 7.470000, 236.687500, 29.750000, -28.500000, -5.780000, 20.240000, 12.980000, -0.584444, 2.377778, -2.563150, 0.220000, -6.880000, 6.970000, 237.187500, 31.312500, -27.437500
4208, -7.250000, 23.799999, -11.450000, -2.576667, -3.053333, 0.511111, 5.320000, 3.580000, 7.410000, 237.125000, 32.875000, -25.812500, -4.790000, 14.820000, 12.070000, -2.652222, 1.226667, -1.202222, 0.230000, -7.160000, 6.680000, 237.125000, 32.875000, -25.812500
4227, -3.630000, 16.080000, -16.110001, -2.428889, -0.071111, 3.275556, 5.590000, 2.910000, 7.500000, 235.062500, 34.750000, -21.250000, -3.560000, 15.220000, 10.750000, -2.912222, -0.001111, -0.033712, 0.240000, -7.520000, 6.280000, 233.250000, 35.000000, -18.812500
4247, -1.110000, 10.370000, -19.930000, -1.204444, 2.261111, 4.271111, 5.560000, 2.270000, 7.740000, 230.937500, 34.562500, -16.375000, -0.990000, 11.540000, 2.170000, -2.326667, -1.271111, 1.814444, 0.170000, -7.810000, 5.910000, 230.937500, 34.562500, -16.375000
4268, -1.190000, -0.430000, -16.250000, -1.033333, 3.743333, 4.660000, 5.080000, 1.650000, 8.220000, 225.812500, 31.187500, -11.312500, 1.700000, 6.970000, -5.490000, -1.697778, -1.441111, 3.761111, -0.160000, -8.020000, 5.630000, 225.812500, 31.187500, -11.312500
4288, 0.220000, -8.350000, -21.250000, -2.380000, 8.374444, 2.884444, 3.960000, 1.030000, 8.900000, 222.062500, 23.812500, -6.625000, 2.930000, 2.750000, -12.590000, -1.384444, -0.075556, 4.771111, -0.820000, -8.120000, 5.420000, 221.187500, 18.187500, -4.187500
4307, -5.700000, -16.340000, -20.920000, -3.444444, 10.582222, 1.744444, 1.940000, 0.290000, 9.600000, 220.937500, 11.437500, -1.750000, 0.940000, -0.530000, -14.390000, -2.383333, 1.117778, 5.565556, -1.740000, -8.200000, 5.080000, 220.937500, 11.437500, -1.750000
4327, -11.550000, -20.639999, -7.770000, -3.461111, 12.333333, -1.041111, -0.440000, -0.400000, 9.780000, 221.875000, -2.562500, 2.312500, -2.090000, -6.880000, -12.110000, -2.800000, 1.678889, 6.293334, -2.830000, -8.190000, 4.570000, 222.687500, -6.375000, 3.250000
4348, -16.430000, -12.580000, 29.250000, 0.227778, 1.090000, -0.778889, -1.190000, -0.540000, 9.710000, 223.125000, -6.937500, 3.187500, -10.880000, -30.870001, -0.130000, -1.575556, 2.507778, 6.835556, -4.060000, -7.900000, 4.140000, 223.125000, -6.937500, 3.187500
4368, -4.190000, -20.980000, 12.860000, 1.395555, -2.075556, -0.182222, -0.790000, -0.220000, 9.770000, 223.625000, -4.625000, 1.250000, -11.240000, -31.520000, 11.280000, -0.300000, 2.647778, 2.372222, -4.840000, -7.630000, 3.780000, 223.625000, -4.625000, 1.250000
4389, -9.030000, -22.120001, 22.600000, 3.523333, -2.535556, -3.382222, -0.390000, 0.330000, 9.790000, 226.750000, -2.312500, -1.937500, -8.540000, -17.180000, -6.720000, 2.725556, -1.274444, -3.942222, -4.470000, -7.700000, 4.090000, 229.062500, -0.437500, -4.187500
4407, -9.510000, -6.710000, 10.200000, 4.211111, -3.603333, -4.134444, 0.290000, 1.140000, 9.730000, 231.500000, 1.687500, -6.687500, -7.760000, -6.520000, -9.830000, 3.330000, -1.942222, -6.682222, -3.360000, -7.890000, 4.740000, 231.500000, 1.687500, -6.687500
4427, -7.100000, -1.710000, 1.300000, 4.327778, -5.787778, -3.862222, 1.200000, 2.020000, 9.520000, 236.125000, 7.000000, -11.937500, -5.280000, 5.740000, -4.980000, 3.571111, -0.383333, -6.890000, -2.240000, -7.930000, 5.300000, 238.437500, 9.312500, -14.500000
4448, -2.580000, 2.810000, -14.120000, 3.826667, -4.207778, -4.033333, 1.860000, 2.830000, 9.200000, 240.750000, 10.875000, -17.125000, -4.150000, 11.500000, -2.180000, 3.403333, 0.425556, -5.535555, -1.380000, -7.760000, 5.820000, 240.750000, 10.875000, -17.125000
4468, -1.550000, 14.770000, -15.790000, 3.524444, -3.165555, -3.750000, 2.110000, 3.470000, 8.920000, 244.500000, 12.437500, -21.250000, -1.610000, 21.469999, 4.320000, 2.760000, 1.062222, -3.392222, -0.910000, -7.510000, 6.230000, 244.500000, 12.437500, -21.250000
4487, -2.980000, 16.629999, -9.070000, -0.037778, -0.256667, -0.555556, 2.120000, 3.590000, 8.682500, 245.687500, 12.500000, -22.000000, -2.560000, 11.920000, 8.400000, 0.848889, 1.060000, -0.185556, -0.920000, -7.360000, 6.400000, 245.687500, 12.500000, -22.000000
4507, -4.780000, 25.440001, -3.630000, -0.416667, -0.581111, 0.563333, 2.340000, 3.400000, 8.890000, 244.375000, 13.750000, -20.937500, -3.030000, 7.950000, 9.350000, -0.587778, 0.077778, 0.838889, -1.050000, -7.380000, 6.360000, 244.375000, 13.750000, -20.937500
4528, -6.000000, 12.810000, -2.090000, -1.353333, -1.895555, 4.141111, 2.840000, 2.970000, 8.900000, 240.750000, 16.812500, -18.437500, -1.670000, 8.440000, 5.820000, -1.620000, -1.056667, 0.408889, -1.040000, -7.540000, 6.180000, 240.750000, 16.812500, -18.437500
4548, -4.980000, 10.480000, -5.220000, -1.456667, -2.164236, 5.031111, 3.450000, 2.440000, 8.652500, 236.062500, 20.562500, -15.437500, -1.040000, 7.320000, 2.920000, -2.335556, -2.005556, 0.511111, -0.900000, -7.780000, 5.890000, 236.062500, 20.562500, -15.437500
4567, -1.600000, 2.740000, -11.510000, -1.356667, -2.300000, 5.343333, 4.010000, 1.840000, 8.750000, 230.687500, 24.125000, -11.875000, 1.550000, 8.040000, -2.850000, -2.381111, -2.582222, 1.028889, -0.760000, -8.030000, 5.560000, 230.687500, 24.125000, -11.875000
4587, 0.850000, -8.990000, -15.070000, -0.918889, 0.420000, 4.138889, 4.180000, 1.300000, 8.770000, 225.875000, 25.250000, -8.437500, 3.290000, 6.310000, -7.110000, -1.366667, -2.074445, 2.591111, -0.860000, -8.180000, 5.330000, 225.875000, 25.250000, -8.437500
4608, 1.870000, -10.830000, -20.469999, -0.717778, 2.361111, 2.885556, 3.690000, 1.020000, 9.020000, 223.250000, 22.125000, -6.437500, 3.670000, 4.700000, -14.690000, -0.341111, -0.807778, 3.808889, -1.300000, -8.160000, 5.280000, 223.250000, 22.125000, -6.437500
4628, -0.070000, -2.680000, -30.969999, -1.182222, 8.002601, 0.980000, 2.530000, 0.800000, 9.430000, 221.875000, 15.000000, -4.875000, 0.390000, 9.200000, -11.670000, 0.104444, 2.156667, 4.186666, -2.060000, -8.010000, 5.250000, 221.875000, 15.000000, -4.875000
4647, -5.810000, -8.700000, -32.330002, -2.698889, 13.462222, -0.301111, 0.300000, 0.370000, 9.790000, 221.625000, 1.750000, -2.125000, -1.160000, 10.390000, -9.670000, -1.036667, 3.795556, 5.200000, -3.150000, -7.840000, 4.960000, 221.625000, 1.750000, -2.125000
4667, -18.540001, -13.110000, -14.030000, -3.153333, 15.298889, -1.046667, -2.560000, -0.210000, 9.460000, 222.812500, -15.125000, 1.312500, -6.520000, 3.480000, -7.580000, -1.994444, 3.708889, 7.047778, -4.440000, -7.530000, 4.420000, 222.812500, -15.125000, 1.312500
4688, -20.580000, -11.210000, -2.050000, -1.448889, 15.070000, -1.860000, -5.160000, -0.690000, 8.300000, 224.750000, -31.750000, 4.750000, -9.580000, -5.540000, -2.690000, -1.794444, 3.595556, 8.420000, -5.850000, -6.880000, 3.810000, 224.750000, -31.750000, 4.750000
4708, -23.799999, -0.560000, 14.840000, -0.290000, 14.105556, -1.935556, -7.030000, -0.910000, 6.770000, 227.437500, -45.812500, 7.687500, -10.450000, -11.820000, 6.880000, -0.840000, 3.305556, 7.317778, -7.030000, -6.000000, 3.250000, 227.437500, -45.812500, 7.687500
4728, -25.430000, 11.030000, 32.840000, -0.732222, 2.396667, 0.732222, -7.650000, -0.960000, 6.050000, 227.625000, -51.312500, 9.062500, -10.430000, -20.270000, 9.830000, -1.033333, 1.704444, 4.865556, -7.750000, -5.280000, 2.860000, 227.625000, -51.312500, 9.062500
4747, -18.760000, -6.080000, 26.110001, -0.568889, -3.690000, 2.156458, -7.380000, -0.770000, 6.410000, 224.750000, -48.812500, 6.812500, -11.970000, -23.230000, 12.810000, -0.816667, 0.068889, 0.816667, -7.970000, -5.040000, 2.680000, 224.750000, -48.812500, 6.812500
4767, -16.260000, -9.350000, 21.020000, 0.275556, -5.012222, 1.762222, -6.650000, -0.490000, 7.180000, 223.062500, -42.687500, 3.937500, -9.600000, -12.130000, 4.370000, 0.521111, -2.467778, -3.563150, -7.620000, -5.410000, 2.960000, 223.062500, -42.687500, 3.937500
4788, -14.780000, -6.120000, 13.050000, 1.077778, -9.312222, 0.903333, -5.380000, -0.230000, 8.190000, 222.187500, -33.250000, 1.625000, -7.270000, -6.890000, -3.220000, 0.518889, -3.344445, -5.192222, -6.880000, -6.050000, 3.480000, 222.187500, -33.250000, 1.625000
4808, -9.730000, -7.940000, -0.600000, 1.136667, -9.502601, 0.836667, -3.830000, 0.030000, 9.020000, 221.750000, -22.937500, -0.187500, -4.780000, -4.890000, -3.750000, 0.441111, -2.686667, -5.800000, -5.980000, -6.720000, 3.880000, 221.750000, -22.937500, -0.187500
4827, -4.650000, -16.100000, -5.660000, 2.974444, -9.150000, -0.983333, -2.170000, 0.470000, 9.550000, 223.000000, -12.750000, -2.812500, -3.500000, -3.900000, -6.790000, 1.610000, -2.118889, -5.655556, -5.050000, -7.220000, 4.290000, 223.000000, -12.750000, -2.812500
4847, 1.450000, -21.780001, -18.520000, 4.764444, -5.381111, -3.595556, -1.030000, 1.190000, 9.670000, 226.875000, -6.000000, -7.062500, 0.870000, -4.760000, -11.320000, 3.227778, -1.356667, -4.901111, -4.200000, -7.420000, 4.830000, 226.875000, -6.000000, -7.062500
4868, 1.900000, -17.600000, -9.430000, 4.817778, -3.684444, -4.528889, -0.590000, 2.030000, 9.570000, 232.812500, -3.500000, -12.000000, 2.340000, -5.670000, -14.030000, 4.780000, -0.121111, -4.048889, -3.560000, -7.300000, 5.480000, 232.812500, -3.500000, -12.000000
4888, 0.200000, -9.620000, -4.790000, 5.247778, -2.433333, -6.023334, -0.440000, 2.920000, 9.340000, 239.812500, -2.562500, -17.375000, 2.070000, 2.380000, -12.240000, 5.435555, 1.245556, -4.044445, -3.120000, -6.960000, 6.150000, 239.812500, -2.562500, -17.375000
4907, -0.780000, 2.270000, -9.110000, 4.805555, -2.158680, -5.854445, -0.420000, 3.640000, 9.090000, 246.500000, -2.437500, -21.812500, 0.220000, 11.470000, -10.180000, 4.541111, 1.582222, -3.647778, -2.820000, -6.590000, 6.690000, 246.500000, -2.437500, -21.812500
4927, -3.570000, 15.880000, -11.650000, 1.574444, -1.542222, -3.827778, -0.430000, 4.000000, 8.940000, 251.625000, -2.500000, -24.125000, -3.970000, 15.370000, 1.530000, 2.466667, 2.675555, -1.898889, -2.820000, -6.310000, 6.950000, 251.625000, -2.500000, -24.125000
4948, -6.340000, 13.360000, -8.210000, -0.464444, -0.288889, -2.235556, -0.540000, 3.960000, 8.950000, 254.562500, -3.125000, -23.812500, -7.020000, 8.300000, 9.680000, -0.243333, 2.830000, -0.276667, -3.140000, -6.300000, 6.820000, 254.562500, -3.125000, -23.812500
4968, -7.870000, 18.530001, -6.590000, -0.541615, -0.395556, -1.531111, -0.570000, 3.840000, 9.000000, 255.750000, -3.312500, -23.062500, -7.630000, 10.830000, 12.330000, -0.726667, 1.944444, -0.438889, -3.370000, -6.410000, 6.600000, 255.750000, -3.312500, -23.062500
4989, -7.380000, 17.420000, -7.920000, -1.437778, 0.921111, 1.271111, -0.630000, 3.620000, 9.080000, 254.687500, -3.687500, -21.750000, -5.480000, 11.080000, 11.920000, -1.117778, 0.690000, -0.146667, -3.460000, -6.560000, 6.410000, 254.687500, -3.687500, -21.750000
5007, -5.290000, 12.840000, -7.290000, -1.437778, 1.208889, 1.954444, -0.710000, 3.410000, 9.160000, 251.875000, -4.125000, -20.437500, -4.660000, 9.720000, 10.170000, -1.434444, -0.890000, 0.607778, -3.460000, -6.690000, 6.270000, 251.875000, -4.125000, -20.437500
5028, -3.590000, 10.370000, -8.770000, -1.230000, 1.806667, 3.504444, -0.790000, 3.260000, 9.210000, 247.937500, -4.625000, -19.437500, -1.550000, 11.850000, 2.250000, -1.401111, -1.961111, 1.158889, -3.380000, -6.790000, 6.200000, 247.937500, -4.625000, -19.437500
5048, -2.640000, 6.970000, -11.210000, -2.265556, 3.065556, 4.404444, -1.030000, 2.960000, 9.280000, 242.687500, -6.000000, -17.687500, -0.700000, 10.660000, -0.950000, -2.230000, -2.270000, 2.347778, -3.390000, -6.900000, 6.080000, 242.687500, -6.000000, -17.687500
5068, -1.020000, 8.500000, -18.020000, -2.767778, 3.881111, 4.644444, -1.580000, 2.520000, 9.340000, 236.562500, -9.250000, -15.062500, -0.810000, 8.632500, -2.860000, -2.886667, -1.941111, 3.406667, -3.570000, -7.000000, 5.860000, 236.562500, -9.250000, -15.062500
5087, -3.620000, -3.120000, -8.760000, -4.027778, 5.900000, 4.400000, -2.430000, 1.990000, 9.280000, 230.375000, -14.375000, -12.125000, 1.860000, 4.820000, -7.350000, -3.576667, -1.931111, 4.382222, -3.920000, -7.070000, 5.540000, 230.375000, -14.375000, -12.125000
5107, -3.070000, -13.750000, 5.820000, -4.041111, 4.912222, 3.944444, -3.060000, 1.530000, 9.180000, 225.562500, -18.187500, -9.500000, 2.860000, -2.130000, -10.050000, -3.462222, -1.411111, 6.002222, -4.490000, -7.000000, 5.180000, 225.562500, -18.187500, -9.500000
5128, 0.310000, -23.900000, 4.510000, -0.337778, 2.898889, 0.037778, -3.560000, 1.400000, 9.020000, 224.312500, -21.250000, -8.625000, -1.300000, -17.700001, -8.180000, -1.420000, 0.336667, 4.914444, -5.210000, -6.690000, 4.910000, 224.312500, -21.250000, -8.625000
5148, -0.570000, -16.420000, 9.660000, 0.666667, 1.826667, -1.550000, -3.940000, 1.400000, 8.672500, 225.562500, -23.687500, -9.000000, 0.570000, -13.850000, -10.770000, 0.584444, 0.300000, 1.992222, -5.560000, -6.400000, 4.910000, 225.562500, -23.687500, -9.000000
5167, -2.710000, -21.930000, 18.030001, 1.300000, 1.156575, -2.457778, -4.130000, 1.460000, 8.770000, 229.000000, -24.875000, -9.500000, -0.570000, -19.879999, -10.230000, 1.064444, 1.387778, 0.871111, -5.800000, -6.190000, 4.910000, 229.000000, -24.875000, -9.500000
5187, -5.260000, -17.700001, 20.340000, 3.878889, -2.541111, -4.304444, -3.940000, 1.710000, 8.810000, 234.437500, -23.687500, -11.000000, -3.330000, -21.250000, -5.610000, 2.475556, 1.820000, -1.364444, -5.890000, -6.080000, 4.940000, 234.437500, -23.687500, -11.000000
5208, -7.670000, -11.670000, 14.490000, 5.002222, -3.966667, -4.516667, -3.360000, 2.290000, 8.910000, 241.062500, -20.062500, -14.437500, -6.530000, -15.030000, -1.910000, 3.917778, 1.216667, -3.923333, -5.640000, -6.090000, 5.210000, 241.062500, -20.062500, -14.437500
5228, -8.130000, 2.110000, -1.110000, 5.443333, -5.256667, -4.017778, -2.680000, 3.000000, 8.930000, 247.437500, -15.875000, -18.562500, -7.780000, 6.070000, -2.800000, 4.127778, 0.266667, -5.857778, -5.050000, -6.220000, 5.640000, 247.437500, -15.875000, -18.562500
5247, -6.210000, 9.690000, -8.050000, 3.750000, -4.346667, -2.531111, -2.070000, 3.590000, 8.880000, 252.125000, -12.187500, -22.000000, -6.130000, 12.850000, -0.820000, 3.322222, 0.280000, -5.650000, -4.360000, -6.350000, 6.050000, 252.125000, -12.187500, -22.000000
5267, -3.200000, 6.450000, -14.030000, 2.957778, -3.515556, -2.140000, -1.710000, 3.960000, 8.800000, 255.312500, -10.062500, -24.187500, -5.130000, 16.010000, 0.700000, 2.540000, 0.836667, -3.616667, -3.940000, -6.360000, 6.330000, 255.312500, -10.062500, -24.187500
5288, -3.590000, 10.290000, -11.350000, 0.930000, -0.895556, -1.260000, -1.620000, 4.110000, 8.750000, 257.312500, -9.500000, -25.187500, -3.660000, 10.570000, 6.790000, 1.191111, 1.075556, -0.671111, -3.900000, -6.270000, 6.440000, 257.312500, -9.500000, -25.187500
5308, -3.130000, 11.100000, -8.640000, 0.586667, -0.457778, -0.743333, -1.630000, 4.170000, 8.720000, 257.937500, -9.562500, -25.562500, -3.680000, 7.340000, 7.590000, 0.487778, 0.445556, 0.437778, -4.020000, -6.180000, 6.460000, 257.937500, -9.562500, -25.562500
5329, -2.700000, 8.520000, -4.970000, 0.032222, 0.732222, 0.581111, -1.710000, 4.200000, 8.690000, 257.312500, -10.062500, -25.750000, -1.180000, 5.510000, 5.710000, 0.347778, -0.565556, 0.433333, -4.030000, -6.090000, 6.530000, 257.312500, -10.062500, -25.750000
5347, -0.870000, 5.050000, -3.580000, -0.393333, 0.693333, 0.973333, -1.750000, 4.180000, 8.690000, 256.125000, -10.312500, -25.687500, 1.410000, 2.950000, -0.830000, -0.148889, -0.733333, 0.518889, -3.990000, -6.060000, 6.590000, 256.125000, -10.312500, -25.687500
5367, -0.270000, 1.600000, -1.110000, -0.728889, 0.677778, 1.037778, -1.770000, 4.090000, 8.730000, 251.250000, -10.375000, -25.062500, 1.650000, 1.890000, -1.510000, -0.450000, -0.626667, 0.548889, -3.980000, -6.090000, 6.560000, 251.250000, -10.375000, -25.062500
5388, 1.160000, -0.090000, -0.990000, -0.911111, 0.285556, 0.887778, -1.750000, 3.970000, 8.790000, 250.125000, -10.250000, -24.250000, 0.800000, -0.900000, -1.530000, -0.948889, -0.200000, 0.511111, -4.010000, -6.160000, 6.470000, 250.125000, -10.250000, -24.250000
5408, 1.410000, -2.730000, 0.330000, -0.845556, 0.296667, 0.816667, -1.740000, 3.870000, 8.642500, 245.875000, -10.250000, -23.625000, 0.310000, -2.030000, -0.620000, -0.834444, -0.117778, 0.546667, -4.060000, -6.210000, 6.390000, 245.875000, -10.250000, -23.625000
5427, 0.820000, -1.620000, 1.350000, -0.186667, 0.360000, 0.538889, -1.760000, 3.840000, 8.652500, 245.187500, -10.375000, -23.500000, -0.340000, -2.820000, -0.050000, -0.221111, -0.285556, 0.416667, -4.090000, -6.220000, 6.370000, 245.187500, -10.375000, -23.500000
5447, 0.220000, -0.790000, 1.930000, -0.068889, 0.233333, 0.537778, -1.770000, 3.850000, 8.652500, 244.562500, -10.437500, -23.500000, -0.200000, -2.350000, -0.630000, -0.028889, -0.393333, 0.158889, -4.070000, -6.210000, 6.400000, 244.562500, -10.437500, -23.500000
5468, -0.240000, -0.240000, 1.620000, -0.065556, 0.144444, 0.540504, -1.750000, 3.850000, 8.652500, 240.812500, -10.250000, -23.562500, -0.070000, -1.000000, -0.700000, -0.002222, -0.405556, -0.110000, -4.020000, -6.210000, 6.430000, 240.812500, -10.250000, -23.562500
5488, -0.190000, -0.270000, 0.140000, -0.172222, -0.114444, 0.686667, -1.680000, 3.850000, 8.662500, 240.125000, -9.875000, -23.437500, -0.350000, -0.020000, -0.380000, -0.076667, -0.373333, -0.244444, -3.950000, -6.230000, 6.450000, 240.125000, -9.875000, -23.437500
5507, 0.480000, -1.670000, -1.860000, -0.136667, -0.053333, 0.615555, -1.650000, 3.840000, 8.672500, 236.875000, -9.687500, -23.437500, 0.000000, 1.160000, -0.850000, -0.090000, -0.365556, -0.283333, -3.870000, -6.260000, 6.470000, 236.875000, -9.687500, -23.437500
5527, 0.360000, -0.450000, -0.940000, 0.085556, 0.183333, 0.160000, -1.660000, 3.860000, 8.662500, 236.625000, -9.750000, -23.562500, -0.170000, 1.010000, -0.950000, 0.031111, -0.138889, 0.124444, -3.860000, -6.250000, 6.480000, 236.625000, -9.750000, -23.562500
5548, 0.070000, -0.510000, -0.640000, 0.100000, 0.191111, 0.103333, -1.680000, 3.880000, 8.652500, 236.500000, -9.875000, -23.687500, -0.420000, 0.250000, -0.350000, 0.080000, -0.054444, 0.317778, -3.880000, -6.220000, 6.500000, 236.500000, -9.875000, -23.687500
5568, -0.530000, 1.300000, 0.870000, 0.074444, 0.197778, 0.110000, -1.700000, 3.890000, 8.642500, 233.812500, -10.000000, -23.812500, -0.630000, -0.460000, 0.000000, 0.072222, -0.074444, 0.308889, -3.900000, -6.200000, 6.510000, 233.812500, -10.000000, -23.812500
5587, -0.580000, 0.760000, 1.370000, -0.172222, -0.004444, 0.407778, -1.690000, 3.880000, 8.652500, 233.375000, -9.875000, -23.687500, -0.680000, -0.820000, -0.040000, -0.062222, -0.164444, 0.147778, -3.910000, -6.190000, 6.520000, 233.375000, -9.875000, -23.687500
5607, -0.130000, -0.900000, 0.880000, -0.222222, -0.058889, 0.403333, -1.650000, 3.860000, 8.672500, 230.625000, -9.625000, -23.562500, -0.370000, -1.060000, -0.700000, -0.098889, -0.164444, 0.057778, -3.890000, -6.200000, 6.510000, 230.625000, -9.625000, -23.562500
5628, 0.330000, -1.250000, -0.180000, -0.134848, -0.001111, 0.113333, -1.630000, 3.840000, 8.682500, 230.500000, -9.562500, -23.375000, -0.420000, -0.280000, -0.410000, -0.110000, -0.014444, -0.075556, -3.880000, -6.220000, 6.500000, 230.500000, -9.562500, -23.375000
5648, 0.390000, -0.720000, -0.060000, -0.058889, 0.092222, 0.026667, -1.630000, 3.830000, 8.682500, 230.375000, -9.562500, -23.312500, -0.400000, -0.580000, -0.380000, -0.065556, 0.005556, 0.027778, -3.880000, -6.230000, 6.490000, 230.375000, -9.562500, -23.312500
5669, 0.190000, -0.310000, 0.570000, 0.008889, 0.126667, -0.003333, -1.650000, 3.830000, 8.682500, 228.312500, -9.687500, -23.375000, -0.360000, -0.550000, 0.180000, 0.001111, 0.004444, 0.044444, -3.880000, -6.230000, 6.500000, 228.312500, -9.687500, -23.375000
5687, 0.070000, -0.090000, 0.640000, 0.061111, -0.033333, 0.011111, -1.650000, 3.850000, 8.672500, 228.312500, -9.687500, -23.437500, -0.070000, -0.660000, -0.390000, 0.060000, -0.065556, -0.020000, -3.870000, -6.220000, 6.510000, 228.312500, -9.687500, -23.437500
5707, -0.090000, 0.710000, 0.990000, 0.041111, -0.100000, 0.020000, -1.620000, 3.850000, 8.672500, 226.250000, -9.562500, -23.437500, -0.230000, -0.260000, 0.000000, 0.023333, -0.028889, -0.076667, -3.870000, -6.220000, 6.510000, 226.250000, -9.562500, -23.437500
5728, 0.170000, 0.640000, -0.410000, -0.063333, -0.128889, 0.150000, -1.590000, 3.850000, 8.682500, 226.125000, -9.312500, -23.437500, -0.230000, 0.260000, 0.270000, -0.024444, -0.021111, -0.104444, -3.840000, -6.230000, 6.510000, 226.125000, -9.312500, -23.437500
5748, 0.270000, -0.180000, -1.020000, -0.053333, -0.037778, 0.172222, -1.560000, 3.840000, 8.880000, 225.937500, -9.187500, -23.375000, -0.230000, 0.420000, -0.010000, -0.033712, -0.044444, -0.074444, -3.830000, -6.240000, 6.510000, 225.937500, -9.187500, -23.375000
5767, 0.050000, 0.380000, -0.450000, -0.020000, 0.043333, 0.108889, -1.560000, 3.840000, 8.880000, 224.000000, -9.187500, -23.375000, -0.360000, 0.290000, 0.280000, -0.020000, -0.044444, -0.025556, -3.820000, -6.250000, 6.510000, 224.000000, -9.187500, -23.375000
5787, -0.090000, 0.740000, -0.390000, 0.028889, 0.050000, 0.181111, -1.560000, 3.850000, 8.682500, 223.812500, -9.125000, -23.437500, -0.420000, 0.100000, 0.370000, -0.037778, -0.112222, 0.023333, -3.810000, -6.250000, 6.510000, 223.812500, -9.125000, -23.437500
5808, -0.290000, 0.560000, 0.450000, 0.012222, 0.031111, 0.192222, -1.550000, 3.860000, 8.682500, 221.687500, -9.062500, -23.500000, -0.230000, 0.240000, 0.060000, -0.038889, -0.144444, 0.000000, -3.800000, -6.250000, 6.510000, 221.687500, -9.062500, -23.500000
5828, -0.240000, 0.900000, 0.300000, -0.086667, -0.128889, 0.245556, -1.510000, 3.850000, 8.880000, 221.437500, -8.875000, -23.437500, -0.280000, 0.190000, 0.170000, -0.128889, -0.131111, -0.062222, -3.790000, -6.260000, 6.520000, 221.437500, -8.875000, -23.437500
5847, -0.010000, 0.230000, -0.340000, -0.090000, -0.104444, 0.256667, -1.470000, 3.850000, 8.890000, 221.187500, -8.625000, -23.375000, -0.380000, 0.050000, 0.000000, -0.174444, -0.147778, -0.090000, -3.760000, -6.280000, 6.510000, 221.187500, -8.625000, -23.375000
5867, 0.050000, 0.270000, -0.210000, -0.095556, -0.050000, 0.248889, -1.450000, 3.840000, 8.900000, 219.125000, -8.500000, -23.312500, -0.470000, 0.000000, 0.050000, -0.148889, -0.148889, -0.061111, -3.760000, -6.290000, 6.510000, 219.125000, -8.500000, -23.312500
5888, -0.040000, 0.710000, -0.090000, -0.150000, 0.077778, 0.341111, -1.440000, 3.820000, 8.910000, 218.750000, -8.437500, -23.187500, -0.440000, -0.360000, 0.070000, -0.104444, -0.204444, -0.012222, -3.740000, -6.300000, 6.500000, 218.750000, -8.437500, -23.187500
5908, -0.080000, -0.360000, 0.510000, -0.103333, 0.134444, 0.350000, -1.430000, 3.820000, 8.910000, 216.750000, -8.375000, -23.187500, -0.210000, -0.140000, -0.070000, -0.090000, -0.222222, -0.030000, -3.730000, -6.310000, 6.500000, 216.750000, -8.375000, -23.187500
5927, 0.040000, 0.160000, 0.330000, -0.047778, -0.043333, 0.310000, -1.400000, 3.820000, 8.910000, 216.437500, -8.250000, -23.187500, -0.150000, -0.210000, -0.200000, -0.043333, -0.213333, -0.040000, -3.680000, -6.320000, 6.520000, 216.437500, -8.250000, -23.187500
5947, -0.070000, 0.330000, 0.520000, -0.062222, -0.175556, 0.347778, -1.360000, 3.820000, 8.920000, 216.125000, -7.937500, -23.125000, -0.280000, -0.160000, 0.000000, -0.091111, -0.190000, -0.077778, -3.650000, -6.340000, 6.520000, 216.125000, -7.937500, -23.125000
5968, 0.030000, 0.250000, 0.310000, -0.107778, -0.192222, 0.377778, -1.290000, 3.810000, 8.940000, 214.250000, -7.562500, -23.062500, -0.220000, -0.470000, -0.130000, -0.113333, -0.204444, -0.098889, -3.640000, -6.360000, 6.510000, 214.250000, -7.562500, -23.062500
5988, 0.290000, -0.480000, -0.300000, -0.048889, -0.145556, 0.282222, -1.240000, 3.800000, 8.940000, 213.937500, -7.312500, -23.000000, -0.150000, -0.470000, -0.480000, -0.106667, -0.170000, -0.138889, -3.590000, -6.410000, 6.490000, 213.937500, -7.312500, -23.000000
6008, 0.420000, -0.110000, -0.370000, -0.064444, -0.077778, 0.257778, -1.220000, 3.800000, 8.950000, 212.187500, -7.125000, -22.937500, -0.090000, -0.190000, -0.420000, -0.080000, -0.153333, -0.143333, -3.570000, -6.420000, 6.490000, 212.187500, -7.125000, -22.937500
6027, 0.540000, -0.340000, -0.630000, -0.106667, 0.104444, 0.190000, -1.210000, 3.780000, 8.960000, 211.937500, -7.125000, -22.875000, -0.040000, -0.050000, -0.410000, -0.018889, -0.111111, -0.010000, -3.540000, -6.430000, 6.500000, 211.937500, -7.125000, -22.875000
6047, 0.110000, -0.750000, 0.730000, -0.022222, -0.017778, 0.128889, -1.210000, 3.780000, 8.960000, 211.750000, -7.062500, -22.812500, 0.060000, -0.330000, -0.560000, 0.007778, -0.084444, 0.018889, -3.530000, -6.430000, 6.500000, 211.750000, -7.062500, -22.812500
6068, 0.250000, -0.450000, 0.010000, 0.028889, -0.044444, 0.072222, -1.200000, 3.780000, 8.960000, 210.437500, -7.000000, -22.875000, -0.040000, -0.320000, -0.380000, 0.006667, -0.067778, -0.051111, -3.520000, -6.430000, 6.500000, 210.437500, -7.000000, -22.875000
6088, 0.100000, -0.120000, 0.150000, 0.000000, -0.051111, 0.024444, -1.190000, 3.780000, 8.960000, 210.375000, -6.937500, -22.875000, -0.150000, -0.100000, -0.300000, -0.006667, -0.041111, -0.070000, -3.510000, -6.450000, 6.490000, 210.375000, -6.937500, -22.875000
6107, 0.140000, -0.070000, 0.000000, 0.011111, -0.098889, 0.020000, -1.170000, 3.780000, 8.960000, 209.125000, -6.875000, -22.875000, -0.210000, -0.400000, -0.150000, -0.011111, 0.003333, -0.025556, -3.520000, -6.460000, 6.470000, 209.125000, -6.875000, -22.875000
6127, 0.030000, 0.190000, -0.070000, -0.015556, -0.048889, -0.010000, -1.160000, 3.780000, 8.960000, 209.125000, -6.812500, -22.875000, -0.160000, 0.280000, -0.230000, 0.015556, 0.015556, -0.070000, -3.530000, -6.480000, 6.450000, 209.125000, -6.812500, -22.812500
6148, 0.040000, 0.240000, -0.500000, -0.054444, -0.005556, -0.004444, -1.160000, 3.770000, 8.970000, 209.125000, -6.812500, -22.812500, -0.290000, 0.390000, 0.040000, -0.014444, 0.027778, -0.041111, -3.530000, -6.480000, 6.450000, 209.125000, -6.812500, -22.812500
6168, -0.190000, 0.350000, 0.270000, -0.050000, -0.027778, 0.020000, -1.150000, 3.770000, 8.970000, 208.125000, -6.750000, -22.750000, -0.360000, 0.070000, 0.310000, -0.026667, -0.006667, 0.004444, -3.530000, -6.480000, 6.450000, 208.125000, -6.750000, -22.750000
6187, -0.010000, 0.360000, -0.520000, -0.022222, -0.016667, 0.054444, -1.140000, 3.780000, 8.970000, 208.062500, -6.687500, -22.812500, -0.290000, 0.170000, -0.040000, -0.001111, -0.032222, -0.015556, -3.520000, -6.480000, 6.450000, 208.000000, -6.687500, -22.875000
6207, 0.030000, 0.300000, -0.090000, -0.026667, -0.025556, 0.051111, -1.130000, 3.810000, 8.960000, 206.875000, -6.625000, -23.000000, -0.160000, 0.000000, -0.230000, -0.023333, -0.010000, 0.026667, -3.520000, -6.480000, 6.450000, 206.875000, -6.625000, -23.000000
6228, -0.060000, 0.310000, 0.160000, -0.111111, -0.030000, 0.098889, -1.120000, 3.790000, 8.970000, 206.812500, -6.562500, -22.875000, -0.280000, -0.030000, 0.010000, -0.036667, 0.005556, -0.003333, -3.520000, -6.490000, 6.440000, 206.750000, -6.562500, -22.812500
6248, 0.180000, 0.030000, -0.710000, -0.122222, 0.086667, 0.078889, -1.120000, 3.770000, 8.970000, 206.687500, -6.562500, -22.812500, -0.270000, 0.040000, -0.120000, -0.027778, 0.000000, -0.013333, -3.520000, -6.490000, 6.440000, 206.687500, -6.562500, -22.812500
6269, 0.040000, -0.120000, 0.030000, -0.103333, 0.114444, 0.056667, -1.140000, 3.760000, 8.980000, 205.562500, -6.687500, -22.687500, -0.280000, -0.040000, 0.180000, -0.023333, 0.008889, 0.027778, -3.530000, -6.490000, 6.430000, 205.562500, -6.687500, -22.687500
6287, 0.000000, 0.100000, 0.170000, 0.018889, 0.014444, 0.032222, -1.140000, 3.760000, 8.980000, 205.500000, -6.687500, -22.750000, -0.200000, 0.230000, 0.100000, 0.002222, -0.028889, 0.038889, -3.550000, -6.470000, 6.440000, 205.500000, -6.687500, -22.750000
6308, 0.130000, 0.390000, -0.060000, 0.014444, 0.016667, 0.030000, -1.140000, 3.760000, 8.980000, 204.687500, -6.687500, -22.750000, -0.060000, 0.000000, -0.030000, -0.024444, -0.037778, 0.033333, -3.560000, -6.470000, 6.440000, 204.687500, -6.687500, -22.750000
6328, 0.240000, 0.260000, -0.320000, -0.027778, 0.046667, 0.080000, -1.140000, 3.760000, 8.980000, 204.625000, -6.687500, -22.750000, -0.030000, 0.000000, -0.160000, -0.001111, -0.031111, 0.065556, -3.560000, -6.470000, 6.440000, 204.562500, -6.687500, -22.687500
