0, 0.550000, -0.250000, -0.550000, -0.062222, -0.655556, 0.171111, 4.350000, -1.160000, 8.700000, 235.312500, 26.375000, 7.562500, -0.090000, -0.290000, 0.100000, -0.078889, -0.074444, -0.263333, 0.000000, -9.160000, 3.480000, 234.937500, 26.687500, 7.687500
18, 0.670000, -0.060000, -0.930000, -0.102222, -0.615555, 0.177778, 4.440000, -1.190000, 8.650000, 234.812500, 26.937500, 7.875000, 0.000000, -0.070000, 0.020000, -0.067778, -0.106667, -0.250000, 0.050000, -9.170000, 3.470000, 234.812500, 26.937500, 7.875000
35, 0.010000, -0.240000, 0.880000, -0.134848, -0.452222, 0.196667, 4.480000, -1.210000, 8.630000, 234.562500, 27.437500, 8.125000, -0.110000, -0.580000, -0.120000, -0.027778, -0.107778, -0.175556, 0.090000, -9.170000, 3.460000, 234.562500, 27.437500, 8.125000
51, 0.480000, -0.660000, -0.860000, -0.060000, -0.612222, 0.248889, 4.570000, -1.250000, 8.580000, 234.437500, 27.750000, 8.250000, -0.250000, -0.630000, -0.040000, 0.030000, -0.096667, -0.176667, 0.130000, -9.170000, 3.470000, 233.875000, 28.000000, 8.375000
69, 0.600000, -1.240000, -1.270000, -0.015556, -0.371111, 0.144444, 4.640000, -1.270000, 8.540000, 233.750000, 28.187500, 8.437500, 0.000000, 0.530000, -0.270000, 0.083333, -0.105556, -0.193333, 0.150000, -9.160000, 3.470000, 233.750000, 28.187500, 8.437500
84, 0.670000, 0.410000, -1.430000, -0.001111, -0.195556, 0.040000, 4.650000, -1.280000, 8.530000, 233.750000, 28.312500, 8.500000, 0.050000, 0.400000, -0.090000, -0.040000, -0.023333, -0.068889, 0.170000, -9.160000, 3.470000, 233.750000, 28.312500, 8.500000
104, 0.300000, 0.250000, -0.390000, -0.131111, 0.013333, 0.040000, 4.650000, -1.290000, 8.530000, 233.750000, 28.312500, 8.562500, 0.040000, 0.080000, -0.210000, -0.140000, -0.020000, -0.048889, 0.180000, -9.170000, 3.440000, 233.437500, 28.312500, 8.687500
123, -0.310000, 0.980000, 0.780000, -0.282222, 0.001111, 0.035556, 4.650000, -1.330000, 8.520000, 233.500000, 28.312500, 9.062500, -0.370000, -0.110000, 0.300000, -0.270000, 0.057778, -0.168889, 0.200000, -9.190000, 3.400000, 233.500000, 28.312500, 9.062500
143, -0.540000, 0.960000, 1.170000, -0.408889, -0.180000, 0.127778, 4.670000, -1.400000, 8.500000, 233.375000, 28.562500, 9.687500, -0.690000, -0.270000, 0.680000, -0.324444, -0.016667, -0.343333, 0.250000, -9.210000, 3.340000, 233.375000, 28.562500, 9.687500
164, -0.020000, 0.780000, -0.220000, -0.453333, -0.417778, 0.243333, 4.720000, -1.490000, 8.460000, 232.937500, 28.812500, 10.000000, -0.600000, 0.130000, 0.690000, -0.314444, -0.044444, -0.436667, 0.290000, -9.220000, 3.320000, 232.812500, 29.000000, 10.375000
184, 0.010000, 0.810000, -0.880000, -0.436667, -0.418889, 0.331111, 4.780000, -1.590000, 8.410000, 232.500000, 29.312500, 11.125000, -0.400000, 0.330000, 0.170000, -0.267778, -0.134444, -0.485556, 0.430000, -9.240000, 3.240000, 232.500000, 29.312500, 11.125000
202, 0.080000, -1.190000, -1.340000, -0.434444, -0.358889, 0.504444, 4.830000, -1.700000, 8.360000, 232.250000, 29.500000, 11.500000, 0.860000, -0.060000, -1.100000, -0.250000, -0.183333, -0.524444, 0.530000, -9.250000, 3.200000, 231.750000, 29.562500, 11.937500
223, 0.710000, -4.220000, -3.490000, -0.382222, -0.296667, 0.451111, 4.860000, -1.810000, 8.320000, 231.375000, 29.750000, 12.625000, 1.990000, 0.340000, -3.070000, -0.161111, -0.185556, -0.605556, 0.640000, -9.250000, 3.180000, 231.375000, 29.750000, 12.625000
243, 1.460000, -7.980000, -5.040000, -0.312222, -0.092222, 0.166667, 4.870000, -1.890000, 8.290000, 231.500000, 29.812500, 12.875000, 4.220000, 0.570000, -5.460000, 0.347778, 0.387778, -0.191111, 0.680000, -9.230000, 3.220000, 231.500000, 29.812500, 12.875000
264, 2.720000, -15.050000, -9.500000, 0.066667, 0.323333, -0.778889, 4.860000, -1.850000, 8.300000, 231.437500, 29.687500, 12.562500, 6.050000, 0.110000, -7.250000, 0.692222, 0.796667, 0.144444, 0.640000, -9.210000, 3.290000, 232.375000, 29.500000, 11.812500
282, 2.430000, -16.020000, -12.060000, 0.610000, 1.387778, -2.933333, 4.760000, -1.570000, 8.420000, 236.125000, 28.187500, 8.625000, 5.970000, -1.780000, -10.950000, 1.870000, 2.867778, 0.394444, 0.340000, -9.070000, 3.690000, 236.125000, 28.187500, 8.625000
303, -0.450000, -4.620000, -13.570000, 1.614444, 3.387778, -4.794445, 4.410000, -0.960000, 8.700000, 238.625000, 26.687500, 6.250000, 0.460000, 5.950000, -4.880000, 2.002222, 3.522222, 0.702222, -0.090000, -8.930000, 4.030000, 241.312500, 24.500000, 3.812500
323, -6.770000, 2.180000, -2.850000, 1.763333, 5.266667, -5.170000, 3.640000, -0.250000, 9.100000, 246.562500, 19.062500, -0.187500, -2.990000, 7.540000, -2.580000, 0.922222, 3.460000, 2.496667, -0.750000, -8.632500, 4.210000, 246.562500, 19.062500, -0.187500
344, -13.300000, 18.010000, 8.590000, 1.196667, 3.925555, -4.436666, 2.840000, 0.260000, 9.370000, 250.625000, 15.187500, -2.562500, -13.160000, 3.390000, 4.670000, -0.667778, 3.421111, 2.258889, -1.430000, -8.790000, 4.100000, 250.625000, 15.187500, -2.562500
364, -14.660000, 25.120001, 12.960000, 0.287778, 2.686667, -2.147778, 2.320000, 0.500000, 9.510000, 251.750000, 13.687500, -3.000000, -18.270000, -2.670000, 16.100000, -1.590000, 3.031111, 1.191111, -1.640000, -8.642500, 3.920000, 252.187500, 12.500000, -2.875000
383, -10.370000, 19.870001, 10.540000, -0.885556, 0.940000, 0.543333, 2.040000, 0.390000, 9.580000, 251.125000, 12.125000, -1.562500, -16.230000, 3.980000, 19.660000, -0.973333, -1.148889, -1.505556, -1.430000, -9.030000, 3.520000, 251.125000, 12.125000, -1.562500
403, -2.820000, 11.430000, -3.960000, -1.264444, -0.511111, 2.443333, 2.110000, 0.100000, 9.570000, 249.875000, 12.437500, -0.562500, -10.160000, 6.980000, 12.270000, -0.717778, -2.532222, -1.128889, -1.070000, -9.100000, 3.460000, 248.250000, 12.625000, 0.375000
424, -1.060000, 11.340000, -7.760000, -0.964444, -0.087778, 3.606667, 2.150000, -0.230000, 9.560000, 244.125000, 12.437500, 2.375000, -2.490000, 8.560000, 0.130000, -1.275556, -4.161111, 0.132222, -0.790000, -9.180000, 3.340000, 244.125000, 12.437500, 2.375000
444, -0.600000, 7.220000, -11.520000, -1.041111, 0.805556, 4.730000, 2.020000, -0.580000, 9.570000, 238.937500, 10.937500, 4.750000, -0.640000, 10.810000, -2.740000, -2.567778, -3.890000, 1.141111, -0.700000, -9.300000, 3.010000, 238.937500, 10.937500, 4.750000
463, -1.700000, 4.860000, -11.220000, -1.842222, 1.891111, 5.650000, 1.640000, -1.060000, 9.600000, 236.000000, 9.625000, 6.312500, -1.190000, 9.190000, -4.780000, -3.410000, -4.002222, 1.821111, -0.750000, -9.380000, 2.740000, 232.687500, 7.812500, 8.062500
483, 0.980000, -24.260000, -8.060000, -2.754444, 3.153333, 7.044445, 0.950000, -1.690000, 9.610000, 225.625000, 2.750000, 12.062500, 7.070000, -5.050000, -11.380000, -4.482222, -4.016667, 4.301111, -1.430000, -9.550000, 1.650000, 225.625000, 2.750000, 12.062500
504, 1.980000, -36.910000, 1.360000, -3.252222, 4.445556, 5.027778, -0.030000, -2.350000, 9.510000, 223.187500, -0.187500, 13.875000, 13.060000, -19.850000, -19.639999, -3.262222, -2.857778, 4.577778, -2.150000, -9.480000, 1.280000, 222.500000, -2.687500, 14.750000
524, -9.250000, -18.530001, 26.430000, 0.295556, 2.928889, -1.027778, -0.700000, -2.480000, 9.460000, 224.500000, -3.937500, 14.000000, 5.440000, -18.209999, -18.600000, 0.748889, 1.012222, 1.468889, -2.540000, -9.370000, 1.330000, 224.500000, -3.937500, 14.000000
542, -8.160000, -13.540000, 17.230000, 1.767778, -2.423333, -2.188889, -0.400000, -2.220000, 9.540000, 226.500000, 0.000000, 12.187500, 0.140000, -14.900000, -10.050000, 1.154444, 2.158889, -0.842222, -2.550000, -9.360000, 1.420000, 226.500000, 0.000000, 12.187500
563, -4.370000, -12.930000, 0.170000, 1.513333, -4.644444, -2.690000, 0.480000, -1.930000, 9.600000, 227.687500, 2.750000, 11.375000, -2.990000, -12.340000, -4.060000, 1.458889, 2.006667, -2.105556, -2.390000, -9.380000, 1.510000, 229.312500, 5.500000, 10.375000
583, -4.760000, -2.760000, -3.220000, 1.724444, -3.805556, -4.084445, 1.350000, -1.560000, 9.580000, 233.375000, 9.937500, 7.937500, -3.920000, -4.100000, -4.600000, 3.608889, 2.084445, -3.810000, -1.510000, -9.440000, 2.150000, 233.375000, 9.937500, 7.937500
604, -2.180000, 8.050000, -14.060000, 1.653333, -2.516667, -3.797778, 1.970000, -1.120000, 9.530000, 235.312500, 11.562500, 6.687500, -8.040000, 14.940000, -1.840000, 4.304444, 2.516667, -3.507778, -1.110000, -9.300000, 2.880000, 236.937500, 12.687500, 5.375000
622, 2.340000, 17.750000, -27.250000, 1.785556, -0.483333, -2.831111, 2.220000, -0.680000, 9.520000, 239.375000, 12.187500, 3.000000, -5.420000, 29.840000, 2.430000, 4.128889, 3.656667, -0.980000, -1.340000, -9.090000, 3.390000, 239.375000, 12.187500, 3.000000
643, 1.040000, 16.299999, -35.810001, 0.680000, 4.895555, -1.092222, 1.630000, -0.420000, 9.650000, 240.437500, 5.375000, 2.250000, -1.810000, 25.370001, 2.040000, -0.807778, 3.917778, 3.872222, -2.180000, -8.970000, 3.280000, 240.437500, 5.375000, 2.250000
663, -4.550000, 14.890000, -31.379999, -0.267778, 10.487778, -0.087778, -0.040000, -0.410000, 9.790000, 240.625000, -0.250000, 2.375000, -3.580000, 18.400000, 2.880000, -2.255556, 3.217778, 4.707778, -2.680000, -8.930000, 3.010000, 240.500000, -7.125000, 2.937500
684, -11.000000, -2.163125, -9.250000, -1.887778, 13.654445, 0.701111, -2.460000, -0.660000, 9.460000, 240.062500, -21.875000, 5.562500, -0.760000, 10.580000, 0.300000, -4.595556, 1.462222, 6.422222, -4.330000, -8.600000, 1.810000, 240.062500, -21.875000, 5.562500
704, -14.470000, -6.660000, 4.880000, -2.758889, 12.646667, -0.157778, -4.710000, -1.120000, 8.520000, 240.187500, -28.687500, 7.500000, -1.670000, -5.160000, -7.160000, -4.756667, 1.254444, 6.752222, -5.430000, -8.100000, 0.950000, 240.562500, -34.937500, 9.625000
723, -22.620001, -9.800000, 31.420000, -2.164236, 10.433333, -0.688889, -6.360000, -1.540000, 7.290000, 241.437500, -44.000000, 14.000000, -6.250000, -16.500000, -2.360000, -4.295556, 1.511111, 6.302222, -6.300000, -7.500000, 0.180000, 241.437500, -44.000000, 14.000000
743, -18.870001, -7.730000, 31.280001, -1.015556, 1.701111, -0.574444, -6.910000, -1.810000, 6.710000, 241.500000, -43.750000, 15.250000, -10.640000, -30.590000, 4.040000, -1.453333, 1.451111, 0.972222, -6.590000, -7.240000, -0.290000, 241.500000, -43.750000, 15.250000
764, -15.430000, -9.950000, 21.980000, -0.044444, -3.447778, -0.204444, -6.550000, -1.870000, 7.040000, 241.437500, -41.937500, 14.875000, -11.840000, -22.240000, 8.170000, -0.241111, 0.364444, -1.245556, -6.510000, -7.320000, -0.330000, 241.437500, -39.625000, 14.125000
784, -15.690000, -9.120000, 24.490000, 1.540000, -5.352222, -0.400000, -5.870000, -1.760000, 7.650000, 241.937500, -32.875000, 11.187500, -8.990000, -15.020000, 1.410000, 2.156458, -2.838889, -4.664444, -5.660000, -7.990000, 0.370000, 241.937500, -32.875000, 11.187500
803, -13.010000, -8.682500, 8.370000, 3.008889, -9.155556, -0.311111, -4.600000, -1.380000, 8.540000, 242.125000, -27.937500, 9.187500, -5.330000, -10.200000, -3.820000, 2.773333, -3.130000, -5.246666, -5.240000, -8.250000, 0.750000, 242.312500, -22.437500, 7.062500
823, -2.770000, -9.130000, -15.160000, 3.313150, -9.763333, -0.331111, -2.890000, -0.830000, 9.330000, 242.937500, -12.625000, 3.562500, -3.800000, -5.060000, -9.960000, 3.821111, -3.566667, -6.290000, -3.580000, -8.880000, 2.100000, 242.937500, -12.625000, 3.562500
843, 1.430000, -10.860000, -15.660000, 2.351111, -6.308889, -1.173333, -1.560000, -0.400000, 9.670000, 244.625000, -6.625000, 1.375000, 1.960000, 4.740000, -16.730000, 4.668889, -0.040000, -5.932222, -2.470000, -9.020000, 2.930000, 244.625000, -6.625000, 1.375000
864, 5.340000, -17.420000, -12.740000, 2.252222, -3.554445, -2.512222, -0.800000, -0.040000, 9.770000, 246.062500, -4.625000, 0.250000, 4.580000, 7.760000, -13.300000, 4.671111, 1.378889, -4.688889, -2.110000, -8.980000, 3.300000, 248.000000, -3.187500, -1.062500
882, 4.710000, -9.850000, -14.620000, 3.411111, -1.785556, -4.500000, -0.400000, 0.480000, 9.780000, 253.312500, -2.187500, -4.625000, 3.960000, 4.290000, -10.140000, 3.995556, 2.504444, -2.142222, -1.800000, -8.680000, 4.170000, 253.312500, -2.187500, -4.625000
903, -1.050000, -3.790000, -4.730000, 3.283333, 0.311111, -5.380000, -0.450000, 1.070000, 9.730000, 256.250000, -2.625000, -6.250000, 0.340000, 5.460000, -5.510000, 3.123333, 3.172222, -1.104445, -1.840000, -8.570000, 4.370000, 259.375000, -3.312500, -7.812500
923, -7.110000, 7.710000, -1.630000, 3.275556, 0.216667, -5.740000, -0.660000, 1.600000, 9.650000, 265.437500, -4.437500, -11.000000, -5.630000, 5.950000, 0.330000, 2.106667, 3.204444, -0.575556, -2.100000, -8.350000, 4.690000, 265.437500, -4.437500, -11.000000
944, -13.450000, 26.620001, 6.770000, 2.967778, -0.067778, -3.983333, -0.820000, 2.110000, 9.540000, 269.062500, -4.687500, -13.562500, -14.880000, 4.780000, 15.210000, 0.295556, 2.950000, -1.045556, -2.110000, -8.410000, 4.550000, 269.062500, -4.687500, -13.562500
962, -12.800000, 27.030001, 9.420000, 1.295556, -2.198889, -0.730000, -0.620000, 2.410000, 9.480000, 269.625000, -3.625000, -14.250000, -17.260000, 3.950000, 22.799999, -0.852222, 1.607778, -2.331111, -2.000000, -8.500000, 4.450000, 269.437500, -1.500000, -14.500000
983, -11.400000, 18.590000, 7.120000, -0.197778, -5.384444, 2.432222, 0.280000, 2.430000, 9.490000, 267.000000, 5.625000, -14.000000, -11.530000, 5.680000, 16.940001, 0.428889, -1.484444, -2.187778, -1.300000, -8.560000, 4.590000, 267.000000, 5.625000, -14.000000
1003, -7.170000, 9.360000, -3.120000, -0.458889, -7.411111, 4.408889, 1.720000, 2.260000, 9.380000, 265.062500, 10.125000, -13.562500, -6.990000, 3.110000, 8.050000, 1.012222, -3.801111, -1.564444, -1.000000, -8.530000, 4.710000, 262.875000, 14.812500, -13.125000
1024, -7.320000, 4.250000, -1.910000, 0.173333, -7.765555, 5.392222, 3.280000, 2.020000, 9.010000, 257.625000, 24.562500, -12.000000, -0.330000, 5.900000, -1.540000, 0.765556, -5.074444, -1.873333, -0.280000, -8.480000, 4.910000, 257.625000, 24.562500, -12.000000
1044, 0.100000, -12.870000, -19.530001, 0.408889, -8.467778, 5.962222, 4.860000, 1.640000, 8.350000, 252.187500, 34.500000, -9.625000, 6.970000, 8.060000, -8.930000, 0.725556, -4.920000, -1.320000, 0.710000, -8.370000, 5.040000, 252.187500, 34.500000, -9.625000
1063, 5.000000, -17.660000, -28.660000, -0.144444, -6.305555, 4.156667, 6.070000, 1.110000, 7.610000, 250.187500, 38.250000, -8.312500, 10.500000, 7.990000, -13.870000, 0.395556, -3.737778, 0.004444, 0.890000, -8.360000, 5.040000, 248.937500, 40.625000, -7.500000
1083, 3.460000, -6.850000, -27.469999, 0.111111, -1.896667, 1.491111, 6.530000, 0.890000, 7.250000, 247.687500, 41.812500, -6.437500, 7.490000, 10.550000, -18.580000, -0.127778, -1.717778, 1.438889, 0.790000, -8.400000, 4.980000, 247.687500, 41.812500, -6.437500
1104, 1.140000, -11.160000, -34.740002, -0.685556, 2.657778, 0.421111, 6.360000, 0.740000, 7.420000, 247.500000, 40.437500, -5.687500, 7.280000, 14.330000, -22.719999, -0.287778, 2.402222, 2.383333, 0.480000, -8.430000, 4.970000, 247.812500, 37.312500, -5.000000
1124, -6.360000, -15.520000, -47.570000, -1.625556, 8.875556, -1.161111, 5.260000, 0.620000, 8.240000, 249.812500, 24.937500, -3.250000, -1.200000, 13.600000, -14.630000, -1.638889, 7.346667, 3.938889, -0.670000, -8.530000, 4.780000, 249.812500, 24.937500, -3.250000
1142, -27.570000, -24.420000, -48.820000, -3.372222, 19.755556, -3.534444, 2.390000, 0.320000, 9.500000, 254.312500, 0.500000, -0.437500, -4.700000, 15.600000, -11.930000, -3.724444, 7.680000, 5.762222, -3.040000, -8.640000, 3.480000, 254.312500, 0.500000, -0.437500
1163, -36.840000, -10.250000, -5.000000, -3.152222, 26.846666, -5.063334, -2.360000, -0.260000, 9.510000, 257.062500, -13.937500, 1.562500, -9.540000, 11.230000, -9.100000, -4.533333, 6.364444, 8.564445, -3.930000, -8.500000, 2.900000, 259.562500, -27.375000, 4.562500
1183, -33.180000, -6.400000, 18.709999, -2.347778, 20.581112, -3.933333, -6.070000, -1.070000, 7.620000, 264.000000, -46.125000, 11.500000, -16.059999, 7.000000, -7.050000, -4.552222, 3.364444, 11.168889, -6.590000, -7.130000, 1.320000, 264.000000, -46.125000, 11.500000
1204, -28.500000, 12.870000, 12.450000, -1.653333, 11.121111, -2.180000, -7.700000, -1.610000, 5.850000, 265.312500, -51.750000, 15.375000, -21.100000, -12.540000, 4.890000, -5.675556, 2.813150, 10.274445, -7.280000, -6.510000, 0.760000, 265.500000, -56.125000, 19.562500
1222, -29.040001, 2.630000, 20.700001, -3.604445, 7.591111, 0.156667, -8.490000, -1.980000, 4.480000, 263.812500, -63.250000, 27.750000, -20.020000, -30.950001, 17.260000, -6.001111, 2.192222, 6.363333, -8.140000, -5.440000, -0.260000, 263.812500, -63.250000, 27.750000
1243, -30.330000, -3.670000, 35.590000, -2.158889, 3.942222, 0.866667, -8.910000, -2.050000, 3.520000, 262.125000, -65.687500, 29.687500, -20.200001, -31.150000, 20.490000, -2.458889, 0.367778, 1.315556, -8.350000, -5.080000, -0.680000, 262.125000, -65.687500, 29.687500
1263, -24.049999, -0.300000, 23.610001, 0.228889, -3.790000, 1.512222, -8.642500, -1.860000, 3.820000, 261.062500, -64.250000, 25.937500, -15.610000, -17.490000, 8.400000, 0.715556, -3.148889, -2.851111, -8.230000, -5.310000, -0.400000, 259.687500, -61.687500, 21.000000
1284, -22.360001, -3.180000, 19.860001, 0.617778, -7.520000, 2.398889, -8.330000, -1.440000, 4.950000, 256.562500, -53.750000, 12.125000, -11.930000, -12.130000, 0.850000, 1.052222, -4.998889, -5.321111, -7.310000, -6.470000, 0.840000, 256.562500, -53.750000, 12.125000
1304, -21.900000, -3.490000, 11.690000, 0.892222, -10.876667, 2.354445, -7.300000, -0.990000, 6.460000, 255.125000, -48.187500, 8.750000, -8.410000, -6.810000, -0.310000, 1.176667, -4.556667, -6.995555, -6.820000, -6.930000, 1.220000, 253.812500, -41.625000, 6.125000
1323, -18.660000, -0.630000, -1.010000, 1.074444, -13.567778, 2.125556, -5.540000, -0.580000, 8.070000, 251.312500, -26.875000, 2.625000, -8.420000, -3.220000, -0.340000, 1.007778, -4.032222, -8.127778, -5.590000, -7.830000, 1.860000, 251.312500, -26.875000, 2.625000
1343, -10.600000, -0.730000, -12.710000, 0.862222, -13.677778, 2.354445, -3.270000, -0.240000, 9.240000, 248.625000, -12.500000, 0.562500, -8.040000, 3.600000, -0.460000, 1.446667, -3.682222, -8.302222, -3.400000, -8.790000, 2.690000, 248.625000, -12.500000, 0.562500
1364, -9.220000, -4.250000, -10.570000, 1.042222, -12.015555, 2.587778, -1.020000, 0.030000, 9.750000, 247.250000, -5.937500, -0.187500, -4.570000, 7.600000, -2.120000, 2.198889, -3.553333, -7.271111, -2.690000, -8.940000, 2.970000, 245.937500, 0.312500, -1.000000
1384, -5.110000, -5.660000, -18.040001, 1.701111, -11.445556, 2.416667, 1.120000, 0.320000, 9.730000, 243.500000, 12.312500, -2.625000, -2.660000, 5.770000, -4.730000, 2.446667, -3.543333, -5.816667, -0.820000, -9.010000, 3.780000, 243.500000, 12.312500, -2.625000
1403, -0.730000, -8.030000, -21.360001, 1.452222, -8.962222, 1.977778, 2.910000, 0.520000, 9.340000, 242.437500, 17.250000, -3.187500, 1.830000, 8.440000, -10.290000, 2.533333, -3.633333, -5.181111, -0.250000, -8.940000, 4.010000, 241.562500, 21.250000, -3.750000
1423, 2.370000, -4.260000, -18.910000, 1.383333, -5.952222, 1.045556, 4.070000, 0.670000, 8.890000, 240.500000, 27.125000, -4.875000, 4.320000, 11.650000, -11.440000, 2.618889, -2.683333, -3.860000, 0.710000, -8.710000, 4.440000, 240.500000, 27.125000, -4.875000
1444, 2.150000, -4.400000, -17.059999, 0.916667, -3.672222, 0.600000, 4.780000, 0.790000, 8.520000, 239.937500, 30.687500, -5.625000, 5.300000, 11.790000, -10.150000, 1.557778, -1.385556, -1.990000, 1.390000, -8.440000, 4.780000, 239.937500, 30.687500, -5.625000
1464, 1.310000, -1.610000, -16.190001, 0.297778, -2.126667, 0.107778, 5.180000, 0.840000, 8.280000, 239.875000, 31.875000, -5.812500, 3.670000, 13.100000, -9.200000, 0.413333, -0.263333, -0.564444, 1.440000, -8.420000, 4.810000, 239.937500, 32.687500, -5.875000
1482, 0.470000, 1.000000, -19.900000, -0.390000, -0.692222, -0.257778, 5.350000, 0.820000, 8.170000, 240.437500, 32.687500, -5.500000, -2.500000, 17.620001, -5.690000, -0.274444, 0.920000, 1.070000, 1.040000, -8.500000, 4.760000, 240.437500, 32.687500, -5.500000
1503, -3.210000, 12.200000, -18.719999, -1.050000, 2.324445, -0.037778, 5.110000, 0.710000, 8.330000, 240.562500, 31.375000, -4.875000, -5.810000, 13.600000, -3.370000, -1.593333, 2.246667, 2.972222, 0.700000, -8.600000, 4.650000, 240.375000, 29.375000, -3.750000
1523, -4.270000, 10.630000, -25.540001, -2.145555, 5.741111, 1.438889, 4.340000, 0.320000, 8.780000, 239.062500, 21.875000, 0.000000, -8.320000, 10.380000, 1.410000, -3.636667, 2.427778, 4.005556, -0.130000, -8.880000, 4.150000, 239.062500, 21.875000, 0.000000
1544, -14.390000, 3.350000, -5.860000, -3.386667, 9.868889, 2.166458, 2.790000, -0.360000, 9.390000, 237.250000, 10.937500, 4.562500, -5.760000, 1.620000, -0.760000, -5.521111, 0.570000, 4.566667, -1.390000, -9.300000, 2.770000, 237.250000, 10.937500, 4.562500
1562, -14.290000, -19.160000, 29.450001, -3.872222, 7.293334, 2.760000, 1.170000, -1.160000, 9.660000, 236.062500, 6.812500, 6.875000, -1.730000, -11.320000, -4.420000, -5.027778, -0.434444, 5.165555, -1.840000, -9.340000, 2.330000, 234.875000, 5.500000, 8.250000
1583, -4.400000, -21.570000, 12.960000, -0.744444, -1.325556, 1.820000, 1.040000, -1.490000, 9.630000, 233.312500, 7.125000, 8.687500, -4.820000, -29.799999, -2.330000, -2.620000, 0.338889, 3.663333, -2.610000, -9.290000, 1.730000, 233.312500, 7.125000, 8.687500
1603, -3.550000, -19.990000, 14.100000, 0.931111, -1.944444, -0.383333, 1.400000, -1.380000, 9.600000, 233.375000, 8.187500, 8.125000, -0.280000, -20.459999, -5.990000, 1.182222, -0.635556, -1.306667, -2.600000, -9.280000, 1.800000, 234.125000, 9.562500, 7.250000
1624, -2.260000, -13.990000, 7.250000, 1.758889, -2.840000, -2.403333, 1.910000, -1.020000, 9.560000, 236.625000, 13.062500, 4.812500, 1.970000, -9.620000, -12.120000, 2.264444, -0.924444, -3.744444, -1.970000, -9.340000, 2.163125, 236.625000, 13.062500, 4.812500
1644, -1.870000, -7.580000, -1.740000, 1.691111, -2.890000, -3.320000, 2.500000, -0.570000, 9.460000, 240.187500, 16.312500, 2.000000, -0.350000, -4.180000, -9.370000, 2.794445, 0.617778, -4.465556, -1.210000, -9.350000, 2.680000, 240.187500, 16.312500, 2.000000
1663, -2.070000, 0.400000, -5.960000, 1.671111, -2.504444, -4.083333, 2.980000, -0.070000, 9.340000, 242.250000, 17.687500, 0.437500, -4.010000, 7.780000, -3.560000, 3.344445, 1.832222, -4.343333, -0.510000, -9.240000, 3.220000, 244.375000, 18.875000, -1.187500
1683, 0.870000, 13.670000, -19.860001, 1.561111, -1.523333, -4.015555, 3.300000, 0.450000, 9.220000, 248.250000, 19.625000, -4.125000, -6.190000, 25.889999, 5.900000, 3.328889, 2.573333, -2.781111, -0.100000, -9.030000, 3.800000, 248.250000, 19.625000, -4.125000
1706, -0.560000, 19.370001, -16.350000, 0.306667, 1.555556, -2.631111, 3.140000, 0.770000, 9.250000, 250.437500, 17.062500, -4.562500, -5.750000, 16.980000, 9.740000, 0.188889, 2.627778, 0.686667, -0.280000, -8.950000, 3.990000, 250.437500, 17.062500, -4.562500
1724, -5.420000, 9.530000, 4.650000, -1.562222, 3.253333, -0.568889, 2.590000, 0.620000, 9.430000, 250.812500, 13.937500, -2.750000, 0.200000, 1.890000, -0.070000, -2.250000, 0.546667, 2.046667, -0.670000, -9.060000, 3.680000, 250.812500, 13.937500, -2.750000
1743, -4.160000, -5.670000, 17.570000, -2.004444, 0.484444, 0.871111, 2.320000, 0.250000, 9.520000, 250.125000, 14.500000, -0.312500, 3.810000, -12.210000, -3.490000, -2.543333, 0.574444, 1.652222, -1.010000, -9.200000, 3.220000, 250.125000, 14.500000, -0.312500
1763, 0.870000, -28.570000, 10.270000, -1.015556, -2.191111, -0.354444, 2.650000, -0.020000, 9.440000, 250.375000, 15.687500, 0.125000, 1.710000, -28.510000, -5.540000, 0.001111, 1.232222, -0.296667, -1.150000, -9.240000, 3.050000, 251.562500, 16.937500, -0.437500
1784, 1.260000, -17.570000, 6.100000, 1.678889, -2.420000, -3.435555, 3.060000, 0.320000, 9.300000, 255.250000, 19.437500, -4.062500, 1.260000, -11.330000, -8.970000, 3.292222, 0.536667, -3.825556, -0.660000, -9.130000, 3.490000, 255.250000, 19.437500, -4.062500
1804, 1.860000, -8.020000, -3.300000, 2.918889, -2.447778, -4.391111, 3.440000, 1.050000, 9.120000, 257.437500, 20.500000, -6.562500, 2.160000, 3.420000, -9.330000, 4.127778, 0.991111, -3.321111, -0.080000, -8.682500, 4.170000, 259.812500, 21.437500, -9.312500
1822, -1.900000, 0.970000, -5.210000, 2.950000, -2.115556, -4.983333, 3.680000, 1.900000, 8.880000, 264.812500, 22.500000, -14.812500, -5.110000, 11.230000, 0.700000, 3.638889, 2.534444, -1.814444, 0.070000, -8.540000, 4.800000, 264.812500, 22.500000, -14.812500
1843, -7.770000, 19.370001, -8.290000, 2.741111, -1.872222, -4.603333, 3.800000, 2.700000, 8.620000, 269.062500, 22.875000, -19.500000, -9.670000, 18.450001, 8.330000, 2.483333, 2.694444, -1.002222, 0.010000, -8.270000, 5.260000, 269.062500, 22.875000, -19.500000
1863, -12.600000, 35.959999, -3.380000, 1.305556, -0.858889, -2.151111, 3.820000, 3.200000, 8.440000, 270.187500, 22.937500, -20.750000, -15.870000, 10.790000, 19.570000, -0.301111, 1.906575, 0.103333, -0.190000, -8.220000, 5.330000, 270.187500, 23.125000, -20.937500
1884, -14.350000, 32.810001, 3.870000, -0.543333, -0.845556, 2.200000, 3.990000, 3.100000, 8.400000, 267.125000, 25.687500, -18.812500, -14.370000, 9.990000, 19.209999, -1.846667, -0.423333, -0.305556, -0.200000, -8.390000, 5.060000, 267.125000, 25.687500, -18.812500
1904, -8.120000, 17.160000, -8.670000, -1.356667, -2.063150, 5.843333, 4.560000, 2.500000, 8.300000, 264.250000, 27.750000, -16.750000, -8.300000, 10.050000, 11.310000, -2.160000, -3.027778, -0.367778, 0.090000, -8.580000, 4.730000, 260.812500, 29.625000, -14.062500
1923, -5.730000, 9.530000, -11.640000, -1.376667, -0.967778, 7.643333, 5.050000, 1.610000, 8.240000, 252.750000, 31.875000, -7.625000, -4.070000, 10.270000, 2.600000, -2.650000, -5.122222, 0.417778, 0.450000, -8.800000, 4.290000, 252.750000, 31.875000, -7.625000
1943, -0.710000, -6.550000, -16.950001, -1.143333, 0.225556, 8.147778, 5.230000, 0.620000, 8.270000, 244.312500, 32.000000, -1.125000, 1.730000, 11.290000, -7.290000, -2.824445, -5.447778, 2.108889, 0.610000, -9.030000, 3.750000, 244.312500, 32.000000, -1.125000
1964, 3.600000, -12.560000, -26.950001, -0.817778, 2.250000, 7.144444, 5.010000, -0.240000, 8.420000, 240.562500, 30.750000, 1.625000, 10.810000, 2.110000, -22.059999, -2.767778, -3.938889, 4.634444, 0.200000, -9.250000, 3.230000, 237.625000, 28.125000, 4.312500
1984, 0.850000, -26.700001, -27.430000, -2.031111, 6.757778, 4.076667, 4.030000, -0.990000, 8.880000, 235.312500, 19.062500, 7.500000, 9.910000, -4.300000, -24.660000, -2.024444, 0.712222, 5.871111, -0.760000, -9.350000, 2.830000, 235.312500, 19.062500, 7.500000
2005, -7.030000, -18.370001, -30.400000, -1.780000, 12.660000, 0.171111, 2.070000, -1.380000, 9.480000, 235.812500, 12.187500, 8.250000, -3.100000, 1.720000, -6.820000, -1.942222, 4.584445, 5.575555, -1.960000, -9.300000, 2.380000, 236.875000, 3.875000, 8.937500
2023, -25.040001, -11.540000, -10.810000, -1.620000, 17.352222, -1.122222, -0.900000, -1.670000, 9.620000, 239.750000, -14.750000, 11.062500, -5.750000, 0.160000, -6.200000, -2.490000, 3.205555, 6.375556, -3.180000, -9.090000, 1.800000, 239.750000, -14.750000, 11.062500
2044, -29.969999, -5.820000, 5.520000, -1.171111, 17.709999, -1.188889, -3.990000, -1.960000, 8.730000, 242.625000, -32.562500, 14.625000, -7.550000, -13.720000, -2.620000, -3.200000, 1.923333, 6.551111, -4.370000, -8.700000, 1.130000, 242.625000, -32.562500, 14.625000
2064, -33.090000, -5.900000, 31.790001, -0.825556, 12.046667, -0.753333, -6.140000, -2.180000, 7.320000, 243.687500, -38.812500, 16.625000, -7.780000, -25.129999, 3.340000, -2.778889, 1.666667, 4.026667, -5.180000, -8.310000, 0.480000, 244.187500, -40.562500, 17.375000
2083, -29.500000, -0.560000, 31.680000, 0.106667, -5.598889, 0.438889, -6.000000, -2.190000, 7.430000, 242.187500, -32.187500, 15.187500, -11.030000, -25.830000, 7.110000, -0.167778, 0.914444, -0.797778, -5.260000, -8.270000, 0.220000, 242.187500, -32.187500, 15.187500
2103, -18.559999, -17.580000, 9.420000, 0.260000, -12.600000, 0.697778, -4.250000, -2.120000, 8.570000, 241.062500, -25.687500, 13.875000, -7.080000, -10.430000, 0.090000, 2.036667, -1.392222, -4.896667, -4.600000, -8.630000, 0.540000, 240.500000, -18.750000, 12.437500
2123, -19.990000, -15.120000, 9.690000, 2.511111, -13.993333, -0.932222, -1.900000, -1.800000, 9.440000, 240.625000, -3.187500, 9.062500, -4.140000, -6.620000, -6.930000, 2.872222, -2.952222, -6.150000, -3.560000, -9.050000, 1.210000, 240.625000, -3.187500, 9.062500
2144, -4.720000, -12.860000, -24.750000, 3.127778, -13.763333, -1.924444, 0.740000, -1.250000, 9.690000, 242.062500, 10.437500, 5.687500, -0.900000, -1.930000, -10.820000, 3.982222, -2.320000, -5.981111, -2.420000, -9.280000, 2.000000, 242.062500, 10.437500, 5.687500
2162, 1.030000, -7.890000, -19.090000, 2.367778, -7.862222, -3.328889, 2.520000, -0.670000, 9.450000, 243.562500, 14.875000, 4.062500, 2.990000, 3.840000, -12.580000, 5.150000, -0.896667, -5.315556, -1.390000, -9.250000, 2.910000, 245.500000, 18.000000, 2.375000
2183, 1.210000, -5.210000, -18.459999, 1.632222, -3.924444, -4.218889, 3.390000, -0.110000, 9.200000, 250.000000, 21.625000, -0.875000, 4.850000, 10.930000, -12.990000, 5.056667, 0.703288, -4.253334, -0.630000, -9.010000, 3.810000, 250.000000, 21.625000, -0.875000
2203, 5.200000, 2.430000, -34.250000, 0.750000, -1.173333, -5.034444, 3.700000, 0.380000, 9.070000, 252.625000, 22.187500, -2.375000, 5.330000, 20.410000, -15.300000, 4.357778, 2.790000, -3.413333, -0.190000, -8.670000, 4.560000, 255.562500, 21.500000, -3.625000
2224, 0.880000, 8.940000, -32.130001, -0.667778, 4.146667, -5.481111, 3.200000, 0.700000, 9.240000, 261.312500, 15.125000, -4.250000, -1.100000, 28.740000, -7.630000, 1.623333, 6.230000, -0.893333, -0.400000, -8.450000, 4.940000, 261.312500, 15.125000, -4.250000
2242, -10.020000, 13.070000, -24.950001, -2.172222, 9.237778, -4.502222, 1.700000, 0.600000, 9.630000, 265.625000, 3.562500, -2.250000, -10.700000, 17.540001, 3.260000, -3.076667, 7.656667, 2.626667, -1.400000, -8.580000, 4.520000, 265.625000, 3.562500, -2.250000
2263, -19.420000, 17.490000, -8.940000, -3.016667, 13.161111, -2.811111, -0.610000, 0.100000, 9.780000, 267.062500, -3.562500, -0.625000, -18.080000, 3.420000, 15.390000, -5.700000, 4.908889, 3.891111, -2.450000, -8.662500, 3.430000, 267.937500, -10.875000, 1.062500
2283, -25.209999, 17.629999, 27.480000, -3.246667, 12.182222, -0.418889, -2.950000, -0.480000, 9.330000, 267.437500, -22.062500, 4.812500, -15.470000, -1.610000, 18.820000, -5.578889, 1.114444, 3.187778, -3.150000, -8.980000, 2.340000, 267.437500, -22.062500, 4.812500
2304, -22.680000, 25.270000, 30.090000, -2.983333, 1.933333, 1.903333, -3.870000, -0.950000, 8.950000, 266.125000, -23.250000, 6.062500, -12.660000, -2.560000, 16.580000, -3.894444, -1.952222, 1.898889, -3.490000, -9.000000, 1.700000, 263.625000, -21.562500, 6.812500
2324, -13.230000, 9.970000, 3.440000, -4.124444, -5.333333, 5.966667, -3.200000, -1.250000, 9.180000, 255.312500, -16.375000, 8.562500, -6.580000, 0.050000, 6.180000, -3.526667, -5.061111, 0.708889, -3.540000, -9.040000, 1.370000, 255.312500, -16.375000, 8.562500
2343, -10.400000, -7.900000, 8.050000, -3.364444, -6.647778, 7.498889, -2.280000, -1.520000, 9.410000, 246.500000, -10.125000, 9.687500, -0.090000, -5.980000, -0.980000, -2.520000, -5.831111, 0.713333, -3.490000, -9.070000, 1.280000, 246.500000, -10.125000, 9.687500
2363, -1.480000, -25.879999, -4.740000, -1.247778, -7.682222, 5.163333, -1.100000, -1.670000, 9.590000, 243.312500, -6.437500, 9.875000, 2.010000, -17.639999, -9.760000, -1.013333, -4.811111, 0.065556, -3.440000, -9.070000, 1.370000, 241.187500, -3.062500, 9.500000
2384, 3.990000, -20.910000, -11.550000, 1.200000, -5.331111, 1.700000, -0.060000, -1.500000, 9.690000, 239.562500, 1.625000, 8.062500, 5.570000, -8.330000, -18.270000, 1.124444, -4.302222, -2.678889, -2.960000, -9.180000, 1.740000, 239.562500, 1.625000, 8.062500
2404, 5.720000, -22.500000, -7.120000, 1.328889, -2.795556, -0.257778, 0.540000, -1.250000, 9.710000, 239.562500, 3.125000, 7.312500, 10.480000, -3.210000, -21.240000, 2.020000, -1.702222, -2.161111, -2.430000, -9.230000, 2.220000, 240.125000, 4.250000, 6.625000
2422, 5.540000, -23.760000, -6.910000, 1.208889, -1.180000, -2.164444, 0.860000, -1.000000, 9.710000, 242.937500, 5.375000, 5.000000, 6.050000, -8.070000, -17.299999, 1.781111, 1.175556, -0.732222, -2.280000, -9.190000, 2.510000, 242.937500, 5.375000, 5.000000
2443, -0.250000, -17.120001, -1.760000, 1.340000, 0.494444, -3.775556, 0.900000, -0.700000, 9.730000, 247.375000, 5.062500, 2.937500, -0.110000, -0.310000, -10.240000, 2.450000, 3.024444, -0.877778, -2.270000, -9.120000, 2.780000, 247.375000, 5.062500, 2.937500
2463, -9.270000, 15.110000, -1.960000, 2.146667, 0.490000, -5.037778, 0.840000, -0.260000, 9.760000, 250.062500, 4.875000, 1.500000, -14.430000, 15.980000, 5.080000, 2.412222, 3.583333, -0.835556, -2.320000, -9.010000, 3.070000, 252.500000, 4.562500, 0.250000
2484, -10.450000, 33.529999, -3.040000, 1.084444, 1.067778, -3.027778, 0.680000, 0.070000, 9.780000, 254.750000, 3.312500, -0.187500, -17.910000, 11.910000, 20.780001, -0.506667, 4.075555, -0.208889, -2.470000, -9.010000, 2.960000, 254.750000, 3.312500, -0.187500
2502, -4.820000, 21.680000, -7.090000, -1.645555, 1.183333, 0.568889, 0.450000, -0.110000, 9.790000, 254.437500, 2.625000, 0.625000, -10.680000, 11.030000, 17.740000, -1.850000, 0.540504, -0.256667, -2.540000, -9.110000, 2.580000, 253.500000, 1.875000, 1.812500
2523, -1.800000, 10.800000, -6.130000, -1.771111, 1.867778, 2.648889, 0.140000, -0.480000, 9.790000, 250.312500, -0.437500, 3.312500, -4.160000, 6.040000, 8.240000, -2.130000, -1.722222, 0.777778, -2.550000, -9.180000, 2.280000, 250.312500, -0.437500, 3.312500
2543, 1.870000, -6.470000, -1.980000, -0.505556, 2.136667, 3.811111, -0.290000, -0.610000, 9.780000, 246.312500, -2.937500, 3.687500, 4.290000, -0.780000, -2.030000, -1.277778, -3.094445, 1.776667, -2.700000, -9.170000, 2.150000, 246.312500, -2.937500, 3.687500
2564, 4.840000, -23.850000, 1.340000, -0.235556, 1.894444, 2.728889, -0.690000, -0.640000, 9.760000, 244.812500, -4.062500, 3.750000, 11.020000, -13.780000, -13.780000, 0.113333, -2.616667, 2.270000, -2.980000, -9.060000, 2.250000, 244.250000, -5.000000, 3.625000
2582, 2.870000, -25.230000, 12.000000, 0.538889, 1.088889, -0.443333, -0.950000, -0.580000, 9.740000, 245.500000, -5.562500, 3.000000, 11.520000, -16.440001, -17.270000, 1.106667, -1.618889, 0.975556, -3.120000, -8.940000, 2.520000, 245.500000, -5.562500, 3.000000
2603, 1.150000, -26.360001, 10.510000, 1.573333, -0.963333, -3.012222, -0.850000, -0.390000, 9.760000, 247.125000, -4.937500, 2.312500, 9.980000, -16.930000, -18.330000, 1.711111, 0.038889, -0.541615, -3.070000, -8.682500, 2.810000, 249.375000, -4.000000, 1.125000
2623, -1.140000, -14.040000, 2.480000, 2.751111, -1.751111, -4.513333, -0.520000, 0.020000, 9.790000, 254.625000, -2.125000, -1.687500, -0.770000, -7.490000, -7.760000, 2.845556, 2.367778, -1.803333, -2.920000, -8.810000, 3.130000, 254.625000, -2.125000, -1.687500
2644, -6.800000, 1.080000, -3.290000, 3.471111, -1.644444, -5.384444, -0.240000, 0.600000, 9.780000, 260.375000, -1.000000, -5.250000, -10.940000, 17.709999, 1.560000, 3.726667, 3.082222, -2.780000, -2.680000, -8.730000, 3.560000, 260.375000, -1.000000, -5.250000
2664, -9.770000, 31.549999, -8.250000, 2.431111, -0.294444, -3.611111, -0.180000, 1.120000, 9.740000, 262.375000, -1.000000, -6.562500, -13.450000, 21.080000, 9.840000, 1.397778, 3.847778, -1.527778, -2.610000, -8.670000, 3.760000, 263.375000, -1.312500, -7.125000
2683, -9.140000, 34.330002, -8.750000, -0.221111, 0.351111, -0.253333, -0.260000, 1.190000, 9.720000, 262.750000, -1.625000, -6.250000, -13.010000, 17.910000, 20.049999, -1.375556, 1.473333, -0.327778, -2.670000, -8.750000, 3.500000, 262.750000, -1.625000, -6.250000
2703, -6.290000, 27.520000, -8.940000, -2.525556, 0.566667, 2.894444, -0.310000, 0.840000, 9.760000, 261.125000, -1.812500, -4.937500, -10.490000, 18.820000, 16.889999, -2.442222, -1.215556, 0.860000, -2.710000, -8.682500, 3.170000, 258.750000, -2.000000, -3.375000
2724, -5.900000, 21.139999, -8.200000, -2.974444, 0.975556, 5.677778, -0.410000, 0.320000, 9.790000, 251.875000, -2.937500, -0.562500, -7.110000, 9.240000, 9.550000, -3.060000, -3.091111, 2.277778, -2.900000, -8.930000, 2.800000, 251.875000, -2.937500, -0.562500
2744, -7.080000, 8.380000, -7.290000, -2.295556, 1.115556, 7.732222, -0.600000, -0.060000, 9.780000, 243.062500, -4.312500, 1.062500, -7.030000, 6.860000, -0.530000, -3.094445, -5.287778, 3.150000, -3.150000, -8.920000, 2.560000, 243.062500, -4.312500, 1.062500
2762, -7.050000, -2.990000, -8.630000, -1.440000, 1.903333, 8.733334, -0.930000, -0.250000, 9.750000, 238.312500, -5.437500, 1.437500, -7.570000, 5.800000, -3.670000, -3.644444, -6.881111, 4.503334, -3.540000, -8.632500, 2.380000, 233.375000, -7.000000, 1.562500
2783, -4.630000, -23.340000, -1.120000, -1.611111, 3.425555, 9.072222, -1.540000, -0.300000, 9.670000, 224.062500, -11.250000, 2.500000, 6.160000, -20.889999, -23.469999, -4.112222, -6.961111, 6.084445, -4.170000, -8.580000, 2.240000, 224.062500, -11.250000, 2.500000
2803, -4.310000, -38.750000, 13.790000, -1.376667, 2.846667, 3.513333, -2.190000, -0.480000, 9.540000, 222.125000, -12.937500, 2.875000, 8.610000, -30.730000, -28.580000, -0.991111, -3.350000, 5.998889, -5.000000, -8.110000, 2.290000, 222.812500, -14.000000, 2.375000
2824, -7.850000, -32.959999, 18.490000, 1.576667, 0.775556, -3.257778, -2.430000, -0.330000, 9.490000, 227.187500, -13.937500, 1.687500, 2.170000, -18.639999, -29.459999, 1.860000, -0.181111, -0.763333, -5.120000, -7.950000, 2.580000, 227.187500, -13.937500, 1.687500
2842, -6.610000, -35.849998, 7.310000, 2.047778, -1.455556, -5.802222, -2.163125, -0.230000, 9.550000, 234.562500, -12.000000, 0.812500, -0.470000, -17.490000, -23.070000, 2.905555, 3.538889, -3.017778, -4.820000, -8.080000, 2.740000, 234.562500, -12.000000, 0.812500
2863, -10.000000, -28.980000, 2.920000, 3.142222, -1.830000, -8.684444, -1.870000, -0.010000, 9.620000, 239.437500, -11.000000, 0.062500, -4.810000, -15.920000, -17.700001, 4.422222, 5.507778, -4.637778, -4.470000, -8.220000, 2.910000, 245.000000, -10.000000, -0.937500
2883, -14.890000, -8.180000, -7.870000, 4.322222, -1.595556, -10.561111, -1.590000, 0.390000, 9.660000, 257.062500, -9.062500, -4.062500, -12.460000, 7.330000, -9.450000, 5.925556, 6.086667, -6.052222, -3.900000, -8.360000, 3.320000, 257.062500, -9.062500, -4.062500
2904, -17.480000, 11.160000, -9.440000, 5.422222, -0.541615, -10.308888, -1.580000, 1.030000, 9.620000, 262.875000, -9.250000, -6.062500, -15.090000, 11.210000, -3.860000, 5.395555, 6.812222, -5.590000, -3.430000, -8.370000, 3.760000, 268.125000, -9.812500, -8.250000
2924, -19.330000, 36.340000, -1.350000, 4.840000, -0.153333, -7.222222, -1.760000, 1.700000, 9.490000, 275.125000, -10.375000, -11.687500, -19.950001, 28.629999, 24.650000, 2.528889, 5.684444, -4.948889, -3.060000, -8.440000, 3.920000, 275.125000, -10.375000, -11.687500
2943, -21.139999, 37.049999, 6.080000, 1.857778, -2.306667, -2.087778, -1.600000, 2.080000, 9.440000, 276.500000, -7.125000, -12.437500, -21.879999, 12.050000, 31.559999, -2.034444, 3.507778, -2.144444, -2.890000, -8.680000, 3.510000, 276.500000, -7.125000, -12.437500
2963, -17.900000, 26.260000, 3.960000, -0.998889, -5.944445, 2.260000, -0.630000, 2.020000, 9.570000, 275.625000, -3.687500, -11.937500, -19.260000, 4.760000, 30.670000, -0.950000, -0.178889, -1.743333, -2.650000, -8.890000, 3.160000, 274.062500, 0.562500, -11.562500
2984, -16.160000, 22.459999, -0.970000, 0.085556, -8.216666, 4.797778, 1.770000, 1.940000, 9.440000, 269.062500, 10.437500, -11.562500, -14.140000, 9.600000, 19.600000, 1.705556, -3.433333, -1.408889, -2.163125, -8.880000, 3.500000, 269.062500, 10.437500, -11.562500
3004, -7.500000, 8.470000, -17.740000, 1.255556, -7.032222, 6.642222, 2.520000, 1.910000, 9.270000, 265.812500, 14.875000, -11.625000, -10.230000, 10.830000, 8.010000, 2.440000, -6.388889, -0.537778, -1.680000, -8.740000, 4.100000, 262.187500, 18.687500, -11.812500
3023, -1.300000, 9.350000, -28.760000, 2.235556, -3.830000, 7.193333, 3.830000, 1.730000, 8.662500, 253.875000, 22.937500, -11.062500, 4.680000, 16.570000, -18.930000, 0.676667, -7.794445, 0.378889, -1.060000, -8.640000, 4.500000, 253.875000, 22.937500, -11.062500
3043, 2.100000, -6.340000, -33.669998, 0.785556, 1.916667, 8.483334, 3.790000, 1.490000, 8.910000, 244.625000, 20.812500, -7.437500, 12.830000, 17.920000, -26.299999, -0.667778, -4.776667, 2.797778, -0.900000, -8.640000, 4.530000, 244.625000, 20.812500, -7.437500
3064, -3.260000, -35.150002, -21.410000, -1.343333, 8.287778, 6.007778, 2.810000, 0.890000, 9.340000, 241.250000, 16.687500, -5.437500, 13.950000, 17.629999, -25.510000, -2.571111, 0.414444, 7.053333, -1.800000, -8.660000, 4.230000, 239.250000, 11.187500, -4.125000
3084, -6.540000, -20.910000, -23.830000, -0.655556, 12.250000, 1.095556, -0.540000, 0.540000, 9.770000, 238.312500, -3.187500, -3.187500, -5.030000, -13.360000, -10.740000, -4.272222, 3.744444, 8.646667, -3.450000, -8.520000, 3.400000, 238.312500, -3.187500, -3.187500
3102, -22.910000, -13.270000, -0.210000, -1.737778, 15.500000, -0.645556, -1.970000, 0.380000, 9.590000, 238.375000, -11.625000, -2.250000, -6.890000, -0.080000, -6.240000, -2.698889, 2.165347, 6.803333, -4.760000, -8.120000, 2.720000, 238.562500, -19.625000, -0.875000
3123, -27.139999, -9.480000, 14.890000, -2.633333, 13.716666, -0.751111, -5.440000, -0.330000, 8.140000, 238.625000, -33.750000, 2.312500, -7.790000, -6.300000, -10.210000, -4.396667, 0.775556, 7.352222, -5.880000, -7.570000, 2.060000, 238.625000, -33.750000, 2.312500
3143, -33.209999, -11.240000, 31.330000, -2.155555, 7.557778, -0.481111, -5.970000, -0.620000, 7.750000, 238.687500, -37.500000, 4.562500, -11.070000, -31.940001, 5.420000, -4.017778, 2.591111, 3.705555, -6.640000, -7.110000, 1.190000, 238.687500, -37.500000, 4.562500
3164, -23.219999, -8.662500, 29.990000, 0.071111, -7.198889, -0.264444, -5.420000, -0.630000, 8.140000, 238.750000, -33.562500, 4.375000, -14.250000, -31.959999, 9.790000, 0.085556, 1.981111, -3.585556, -6.440000, -7.350000, 0.740000, 238.812500, -28.625000, 3.750000
3182, -15.910000, -15.800000, 13.620000, 2.236667, -9.536667, -0.806667, -2.970000, -0.160000, 9.340000, 240.500000, -17.625000, 0.937500, -9.650000, -8.590000, -0.740000, 3.158889, -1.865556, -7.711111, -5.400000, -8.080000, 1.230000, 240.500000, -17.625000, 0.937500
3203, -13.950000, -5.580000, -2.730000, 3.827778, -11.391111, -1.758889, -1.950000, 0.140000, 9.600000, 241.687500, -11.437500, -0.812500, -7.350000, -4.740000, -5.800000, 4.503334, -3.355556, -8.631111, -3.940000, -8.710000, 2.180000, 242.812500, -5.500000, -2.437500
3223, 2.150000, -3.750000, -29.320000, 2.163333, -9.461111, -1.422222, 0.570000, 0.760000, 9.750000, 244.750000, 3.375000, -4.437500, -3.010000, 7.830000, -15.120000, 5.171111, -2.388889, -8.244445, -2.380000, -8.960000, 3.190000, 244.750000, 3.375000, -4.437500
3244, 20.540001, -5.930000, -49.049999, 1.606667, -3.104445, -2.482222, 0.530000, 1.030000, 9.730000, 247.937500, 3.125000, -6.062500, 7.840000, 34.660000, -19.670000, 6.407778, 2.540000, -5.481111, -1.370000, -8.760000, 4.170000, 247.937500, 3.125000, -6.062500
3264, 5.360000, -6.210000, -47.919998, -0.220000, 9.236667, -4.273334, -0.350000, 1.020000, 9.740000, 250.000000, -2.062500, -5.937500, 10.010000, 47.430000, -13.070000, 2.187778, 5.860000, 2.505556, -1.880000, -8.410000, 4.670000, 252.375000, -9.562500, -5.500000
3283, -9.420000, 4.400000, -31.040001, -1.361111, 16.180000, -5.322222, -4.590000, 0.230000, 8.660000, 257.000000, -27.875000, -1.500000, -4.750000, 14.250000, -8.340000, -4.901111, 6.457778, 6.762222, -3.380000, -8.390000, 3.770000, 257.000000, -27.875000, -1.500000
3303, -23.090000, -0.110000, 12.070000, -3.760000, 14.806666, -4.977778, -5.750000, -0.310000, 7.930000, 259.125000, -35.937500, 2.187500, -8.940000, 6.740000, -3.100000, -5.454444, 5.658889, 7.120000, -4.810000, -8.150000, 2.530000, 261.187500, -41.812500, 6.062500
3324, -25.459999, 24.700001, 13.000000, -2.762222, 8.975555, -2.841111, -7.560000, -1.400000, 6.080000, 262.125000, -50.437500, 13.000000, -19.430000, -10.710000, 8.650000, -8.038889, 2.866667, 6.682222, -5.980000, -7.680000, 1.130000, 262.125000, -50.437500, 13.000000
3344, -30.540001, 6.670000, 33.459999, -4.034444, 5.011111, 1.311111, -7.910000, -1.540000, 5.570000, 258.562500, -53.812500, 15.437500, -19.459999, -30.309999, 19.980000, -6.436666, 1.711111, 2.387778, -6.520000, -7.320000, -0.170000, 258.562500, -53.812500, 15.437500
3363, -22.750000, 6.220000, 27.120001, -1.445556, -4.366667, 2.612222, -7.710000, -1.420000, 5.870000, 256.500000, -51.875000, 13.625000, -17.700001, -20.070000, 24.930000, -3.064445, 0.241111, -0.225556, -6.340000, -7.470000, -0.250000, 254.250000, -48.375000, 11.000000
3383, -17.610001, 5.220000, 14.110000, -0.450000, -8.713333, 3.761111, -6.200000, -0.780000, 7.550000, 249.187500, -39.250000, 5.875000, -9.570000, -5.800000, 6.680000, 1.375556, -5.776667, -4.026667, -5.780000, -7.900000, 0.520000, 249.187500, -39.250000, 5.875000
3403, -8.672500, 2.360000, -2.060000, -0.365556, -9.531111, 4.414444, -5.520000, -0.560000, 8.080000, 246.500000, -34.250000, 3.937500, -5.310000, -0.100000, -0.280000, 1.326667, -6.297778, -4.393333, -4.980000, -8.330000, 1.380000, 243.875000, -29.187500, 2.562500
3424, -4.520000, 2.860000, -9.800000, -0.487778, -9.313334, 4.300000, -3.310000, -0.140000, 9.220000, 238.937500, -19.687500, 0.875000, -0.880000, 10.180000, -3.510000, 1.031111, -5.247778, -3.994444, -4.110000, -8.660000, 2.050000, 238.937500, -19.687500, 0.875000
3442, 3.640000, 0.850000, -20.540001, -0.808889, -6.812222, 4.462222, -2.270000, -0.060000, 9.530000, 233.812500, -13.437500, 0.312500, -0.620000, 10.080000, -2.660000, -0.306667, -4.257778, -2.100000, -3.490000, -8.662500, 2.370000, 233.812500, -13.437500, 0.312500
3463, 5.370000, -4.040000, -18.700001, -0.902222, -2.771111, 4.801111, -2.030000, -0.040000, 9.590000, 231.187500, -11.937500, 0.250000, 2.180000, 5.230000, -7.060000, -0.831111, -4.443333, -1.233333, -3.130000, -8.940000, 2.490000, 228.500000, -11.375000, 0.437500
3483, 6.120000, -30.830000, -10.370000, -1.852222, 0.114444, 3.904444, -2.030000, -0.270000, 9.580000, 225.062500, -11.937500, 1.625000, 7.450000, -0.610000, -14.520000, -0.740000, -3.836667, 0.501111, -2.990000, -8.970000, 2.580000, 225.062500, -11.937500, 1.625000
3504, 5.920000, -33.869999, -8.680000, -0.858889, 1.565556, -0.301111, -2.170000, -0.360000, 9.550000, 225.187500, -12.750000, 2.125000, 11.990000, -8.500000, -27.950001, -0.572222, -3.045556, 0.716667, -3.000000, -8.950000, 2.630000, 226.500000, -13.937500, 2.687500
3522, -2.180000, -30.139999, 4.880000, 0.183333, 2.312222, -4.037778, -2.680000, -0.560000, 9.410000, 231.687500, -15.875000, 3.437500, 8.190000, -10.210000, -28.230000, 0.560000, 2.235556, 0.574444, -3.160000, -8.900000, 2.610000, 231.687500, -15.875000, 3.437500
3543, -9.580000, -24.360001, 13.500000, 1.994444, 0.802222, -6.100000, -2.630000, -0.430000, 9.430000, 239.000000, -15.562500, 2.625000, -3.740000, -12.260000, -14.340000, 1.738889, 5.302222, 0.492222, -3.490000, -8.790000, 2.560000, 239.000000, -15.562500, 2.625000
3563, -17.490000, -0.490000, 15.350000, 3.980000, -2.162222, -6.513333, -2.420000, -0.230000, 9.490000, 242.812500, -14.312500, 1.375000, -12.080000, -15.230000, 1.740000, 1.897778, 5.654444, -0.404444, -3.570000, -8.780000, 2.480000, 246.312500, -12.437500, -0.062500
3584, -17.889999, 12.780000, 9.640000, 3.717778, -4.040000, -5.067778, -1.340000, 0.480000, 9.700000, 251.562500, -7.812500, -2.812500, -17.540001, -9.940000, 8.470000, 1.883333, 4.421111, -5.656667, -2.990000, -9.000000, 2.480000, 251.562500, -7.812500, -2.812500
3604, -13.990000, 18.930000, 3.040000, 2.497778, -5.280000, -2.425555, -0.860000, 0.690000, 9.740000, 253.062500, -5.062500, -4.000000, -19.230000, 11.300000, 16.190001, 2.385556, 3.787778, -6.858889, -2.000000, -9.180000, 2.790000, 253.812500, -1.937500, -5.062500
3623, -11.830000, 14.880000, 1.260000, 1.923333, -6.473333, -0.064444, 0.940000, 1.220000, 9.680000, 253.812500, 5.500000, -7.187500, -16.480000, 15.060000, 21.020000, 3.595556, 2.186667, -5.190000, -1.300000, -9.110000, 3.370000, 253.812500, 5.500000, -7.187500
3643, -11.490000, 13.920000, 0.250000, 1.996667, -8.246667, 1.438889, 2.560000, 1.520000, 9.340000, 252.312500, 15.125000, -9.250000, -8.350000, 6.660000, 8.240000, 2.933333, -3.162222, -2.151111, -0.730000, -8.940000, 3.940000, 252.312500, 15.125000, -9.250000
3664, -8.682500, 8.690000, -10.840000, 1.984444, -9.604445, 3.041111, 3.440000, 1.610000, 9.030000, 250.875000, 20.562500, -10.125000, -3.710000, 6.530000, 0.360000, 2.652222, -3.855556, -2.374444, 0.000000, -8.760000, 4.390000, 249.187500, 25.937500, -10.687500
3684, -2.220000, 0.160000, -23.930000, 1.644444, -8.216666, 3.781111, 5.550000, 1.510000, 7.930000, 245.500000, 34.500000, -10.750000, 1.350000, 13.600000, -4.040000, 2.165347, -3.958889, -2.825556, 0.770000, -8.560000, 4.720000, 245.500000, 34.500000, -10.750000
3702, 3.260000, -9.940000, -28.040001, 0.365556, -4.525556, 2.664444, 5.920000, 1.390000, 7.680000, 244.187500, 37.125000, -10.250000, 8.330000, 19.260000, -11.160000, 1.958889, -3.205555, -1.688889, 1.240000, -8.380000, 4.930000, 243.437500, 38.875000, -9.812500
3723, 3.360000, -4.480000, -30.049999, -0.066667, -1.310000, 0.885556, 6.190000, 1.170000, 7.500000, 242.750000, 39.187500, -8.625000, 9.330000, 18.830000, -18.350000, 0.418889, -2.331111, 0.591111, 1.190000, -8.410000, 4.890000, 242.750000, 39.187500, -8.625000
3743, -0.140000, -1.640000, -37.779999, -1.233333, 4.254445, 0.626667, 5.330000, 0.850000, 8.180000, 242.312500, 32.875000, -5.937500, 5.150000, 13.910000, -21.379999, -1.831111, 2.874444, 4.347778, 0.400000, -8.610000, 4.670000, 242.312500, 32.875000, -5.937500
3764, -5.220000, -11.030000, -48.080002, -3.218889, 12.071111, 0.188889, 4.350000, 0.580000, 8.760000, 242.437500, 26.375000, -3.812500, -1.250000, 12.920000, -15.130000, -2.424444, 5.190000, 4.860000, -0.920000, -8.642500, 4.150000, 243.125000, 16.937500, -1.625000
3782, -34.560001, -18.150000, -41.580002, -4.442222, 22.231112, -2.013333, -1.440000, -0.520000, 9.680000, 246.000000, -8.437500, 3.062500, -8.630000, 12.240000, -8.720000, -4.326667, 6.336667, 6.078889, -2.470000, -8.930000, 3.180000, 246.000000, -8.437500, 3.062500
3803, -35.639999, -12.870000, -6.640000, -3.902222, 24.340000, -2.707778, -3.590000, -0.930000, 9.070000, 247.687500, -21.437500, 5.875000, -12.000000, 10.360000, -7.700000, -4.730000, 5.597778, 8.374444, -4.250000, -8.580000, 2.070000, 249.312500, -32.750000, 8.625000
3823, -32.740002, 9.430000, 21.350000, -2.218889, 16.851110, -1.861111, -7.290000, -1.760000, 6.310000, 251.062500, -48.000000, 15.625000, -20.240000, -0.500000, -0.800000, -4.626300, 3.701111, 10.754444, -6.000000, -7.680000, 1.000000, 251.062500, -48.000000, 15.625000
3844, -28.590000, 10.470000, 18.559999, -3.976667, 8.903334, 0.698889, -8.190000, -2.010000, 4.990000, 248.500000, -56.687500, 22.000000, -17.809999, -20.000000, 5.630000, -6.658889, 1.342222, 8.256667, -7.230000, -6.610000, -0.060000, 248.500000, -56.687500, 22.000000
3862, -30.799999, -12.490000, 34.560001, -3.110000, 4.695556, 2.020000, -8.440000, -1.990000, 4.560000, 246.812500, -59.437500, 23.625000, -18.360001, -32.959999, 14.790000, -5.883333, 1.438889, 6.622222, -7.870000, -5.790000, -0.820000, 245.437500, -59.750000, 22.562500
3883, -30.840000, -6.320000, 34.090000, 0.102222, -5.907778, 1.881111, -7.760000, -1.560000, 5.780000, 242.437500, -52.312500, 15.062500, -14.790000, -28.959999, 12.750000, 0.978889, -2.171111, -1.916667, -7.670000, -6.080000, -0.390000, 242.437500, -52.312500, 15.062500
3903, -27.770000, -14.710000, 24.580000, 0.913333, -12.480000, 2.027778, -7.050000, -1.360000, 6.670000, 240.937500, -45.937500, 11.562500, -10.410000, -19.290001, -1.800000, 1.414444, -4.262222, -4.398889, -7.020000, -6.820000, 0.450000, 239.937500, -38.562500, 8.625000
3924, -25.190001, -13.950000, 6.260000, 2.571111, -15.202222, 0.803333, -3.720000, -0.650000, 9.040000, 239.312500, -22.312500, 4.125000, -6.590000, -8.682500, -7.430000, 1.917778, -4.925556, -7.584445, -6.480000, -7.300000, 0.890000, 239.312500, -22.312500, 4.125000
3944, -10.200000, -4.810000, -21.750000, 2.631111, -13.535556, 0.033333, -1.510000, -0.230000, 9.680000, 239.437500, -8.625000, 1.375000, -7.330000, -1.740000, -7.180000, 2.372222, -3.658889, -9.334444, -4.170000, -8.630000, 2.020000, 239.437500, -8.625000, 1.375000
3963, 3.130000, 9.450000, -34.590000, 1.781111, -8.956667, -0.485556, -0.680000, -0.070000, 9.780000, 239.750000, -3.937500, 0.437500, -6.110000, 22.660000, -10.370000, 4.323333, -1.566667, -8.731112, -2.880000, -8.940000, 2.790000, 239.812500, -0.500000, -0.125000
3983, 10.650000, 14.510000, -41.139999, 0.055556, -3.380000, 0.766667, 0.250000, -0.060000, 9.800000, 238.562500, 1.437500, 0.375000, 3.030000, 42.200001, -1.100000, 2.822222, 1.217778, -2.753333, -2.680000, -8.930000, 3.000000, 238.562500, 1.437500, 0.375000
4004, 6.950000, 6.000000, -32.320000, -1.610000, 2.951111, 2.034444, -0.020000, -0.210000, 9.800000, 237.437500, -0.125000, 1.250000, 2.020000, 25.120001, -0.490000, -2.200000, 0.068889, 4.283333, -2.850000, -8.682500, 3.020000, 236.187500, -2.937500, 2.062500
4024, -3.150000, 4.300000, -11.900000, -0.861111, 5.893333, 2.598889, -1.670000, -0.380000, 9.650000, 233.187500, -9.812500, 2.250000, -6.010000, 3.710000, 1.520000, -3.074445, -0.885556, 6.686666, -3.880000, -8.630000, 2.560000, 233.187500, -9.812500, 2.250000
4042, -12.020000, 8.160000, 8.652500, 0.290000, 6.810000, 4.284444, -2.810000, -0.130000, 9.390000, 228.062500, -16.625000, 0.812500, -7.740000, -1.110000, 4.590000, -3.007778, -2.842222, 6.356667, -5.190000, -8.010000, 2.220000, 228.062500, -16.625000, 0.812500
4063, -11.510000, -16.540001, 29.780001, -0.527778, 2.142222, 5.646667, -3.000000, -0.030000, 9.330000, 224.937500, -17.812500, 0.187500, 3.520000, -18.850000, -5.320000, -2.076667, -3.554445, 5.032222, -5.500000, -7.790000, 2.250000, 222.500000, -17.062500, -0.062500
4083, -1.790000, -37.150002, 3.060000, -0.302222, -2.815556, 1.757778, -2.420000, 0.020000, 9.500000, 222.125000, -14.312500, -0.125000, 5.330000, -31.459999, -17.530001, -0.296667, -2.744444, 0.485556, -5.650000, -7.630000, 2.440000, 222.125000, -14.312500, -0.125000
4104, -2.220000, -28.719999, 3.960000, 0.106667, -1.431111, -3.105556, -2.290000, -0.030000, 9.530000, 223.812500, -13.500000, 0.125000, 4.910000, -18.100000, -27.620001, 1.203333, -0.514444, -4.566667, -5.060000, -7.940000, 2.710000, 226.437500, -12.687500, 0.687500
4122, 1.560000, -25.889999, -17.420000, 1.005556, -0.873333, -6.496666, -2.240000, -0.130000, 9.540000, 234.375000, -13.187500, 0.812500, 1.970000, -9.640000, -29.980000, 2.824445, 5.484445, -5.873333, -4.370000, -8.330000, 2.740000, 234.375000, -13.187500, 0.812500
4143, 4.710000, -13.180000, -39.599998, 2.325556, 6.856667, -8.532222, -3.690000, -0.160000, 9.080000, 244.437500, -22.125000, 1.000000, -3.980000, 6.790000, -11.650000, 3.938889, 8.358889, -4.768889, -3.870000, -8.590000, 2.710000, 244.437500, -22.125000, 1.000000
4163, -13.120000, 8.270000, -1.970000, 2.933333, 10.382222, -8.678056, -4.550000, -0.260000, 8.670000, 249.687500, -27.687500, 1.750000, -10.910000, 27.139999, 0.010000, 2.655555, 7.176667, -1.866667, -3.900000, -8.590000, 2.660000, 254.500000, -32.625000, 3.187500
4184, -19.990000, 23.980000, 6.840000, 1.887778, 7.757778, -6.641111, -6.260000, -0.860000, 7.490000, 261.187500, -39.625000, 6.500000, -17.360001, 22.260000, 14.060000, -2.578889, 6.231111, 2.538889, -4.430000, -8.510000, 2.000000, 261.187500, -39.625000, 6.500000
4204, -28.250000, 36.820000, 31.650000, -1.355556, 3.073333, -1.436667, -6.460000, -1.040000, 7.300000, 261.812500, -41.187500, 8.125000, -24.549999, -20.469999, 25.610001, -7.052222, 2.938889, 1.854445, -4.930000, -8.450000, 0.590000, 260.750000, -40.125000, 8.375000
4223, -23.570000, 13.790000, 24.620001, -1.370000, -6.141111, 3.458889, -5.330000, -0.800000, 8.190000, 255.312500, -32.875000, 5.562500, -23.650000, -18.120001, 33.540001, -0.846667, -0.322222, -0.834444, -4.890000, -8.490000, 0.100000, 255.312500, -32.875000, 5.562500
4243, -21.799999, 0.490000, 23.889999, -0.177778, -10.310000, 5.495555, -3.560000, -0.330000, 9.130000, 249.125000, -21.250000, 2.062500, -12.590000, -6.490000, 17.420000, 3.367778, -5.927778, -1.008889, -4.480000, -8.570000, 1.570000, 249.125000, -21.250000, 2.062500
4264, -15.650000, -13.260000, 2.090000, 0.893333, -13.356667, 4.265555, -2.380000, -0.130000, 9.510000, 246.750000, -14.062500, 0.750000, -6.200000, -15.360000, -0.890000, 2.885556, -7.457778, -2.798889, -4.120000, -8.640000, 2.110000, 245.187500, -6.625000, -0.437500
4284, -9.010000, -7.930000, -12.830000, 2.184444, -12.626667, 1.961111, 1.050000, 0.460000, 9.730000, 243.562500, 6.125000, -2.687500, 2.050000, -8.200000, -20.350000, 2.503333, -6.474444, -7.024445, -2.760000, -8.920000, 2.980000, 243.562500, 6.125000, -2.687500
4303, 1.720000, -8.500000, -20.330000, 1.357778, -8.758889, 1.435556, 1.860000, 0.560000, 9.610000, 242.812500, 10.937500, -3.375000, 1.700000, 8.660000, -13.830000, 3.148889, -2.690000, -7.600000, -1.210000, -9.030000, 3.620000, 242.250000, 14.750000, -3.687500
4323, 6.370000, -15.790000, -24.290001, 0.927778, -5.916667, 0.444444, 3.440000, 0.810000, 9.140000, 242.375000, 20.562500, -5.062500, 3.500000, 17.049999, -11.120000, 3.695555, -1.134444, -4.845556, -0.150000, -8.642500, 4.260000, 242.375000, 20.562500, -5.062500
4344, 9.720000, -5.190000, -39.430000, 1.072222, -2.621111, -1.541111, 3.560000, 1.060000, 9.070000, 244.125000, 21.250000, -6.625000, 10.080000, 21.920000, -23.080000, 3.155555, 0.502222, -1.023333, -0.010000, -8.410000, 5.030000, 244.125000, 21.250000, -6.625000
4364, 6.460000, 0.760000, -45.340000, -0.848889, 5.371111, -2.116667, 3.070000, 1.050000, 9.250000, 245.250000, 18.250000, -6.437500, 8.010000, 25.100000, -24.830000, 1.460000, 5.807778, 2.568889, -0.500000, -8.330000, 5.130000, 246.312500, 13.437500, -5.562500
4382, -4.510000, -1.520000, -49.029999, -3.028889, 12.267777, -2.248889, -0.390000, 0.330000, 9.790000, 248.500000, -2.312500, -1.875000, -5.520000, 23.160000, -10.060000, -3.690000, 7.964445, 4.400000, -1.850000, -8.460000, 4.580000, 248.500000, -2.312500, -1.875000
4403, -22.080000, -3.040000, -34.650002, -4.636667, 19.477777, -2.304445, -2.190000, -0.120000, 9.550000, 249.562500, -12.875000, 0.687500, -10.470000, 14.790000, -1.700000, -6.800000, 5.557778, 6.723333, -3.340000, -8.630000, 3.230000, 250.437500, -23.500000, 3.750000
4423, -28.190001, 4.810000, 7.560000, -3.912222, 17.216667, -1.330000, -6.360000, -1.210000, 7.360000, 250.937500, -40.437500, 9.312500, -14.630000, 7.100000, 0.750000, -6.751111, 1.767778, 9.247778, -4.860000, -8.290000, 1.930000, 250.937500, -40.437500, 9.312500
4444, -24.570000, 5.930000, 13.330000, -2.661111, 11.696667, 1.204444, -7.730000, -1.310000, 5.880000, 248.812500, -52.000000, 12.562500, -18.280001, -17.709999, 11.710000, -5.774445, 0.434444, 9.591111, -6.900000, -6.930000, 0.660000, 248.812500, -52.000000, 12.562500
4462, -26.160000, -4.410000, 30.590000, -2.554445, 6.814445, 2.513333, -8.120000, -1.260000, 5.340000, 247.062500, -55.937500, 13.250000, -13.100000, -25.730000, 13.230000, -2.597778, -0.921111, 6.081111, -7.280000, -6.530000, 0.550000, 245.312500, -58.062500, 12.875000
4483, -29.040001, -6.820000, 33.970001, -1.008889, -0.814444, 2.181111, -8.080000, -0.910000, 5.470000, 242.312500, -55.500000, 9.500000, -9.550000, -31.360001, 4.590000, -0.945556, -2.421111, 0.872222, -7.540000, -6.230000, 0.690000, 242.312500, -55.500000, 9.500000
4503, -23.540001, -11.010000, 29.459999, -0.635556, -7.792222, 1.750000, -7.670000, -0.820000, 6.050000, 240.937500, -51.437500, 7.687500, -8.540000, -23.850000, -0.930000, 0.467778, -3.201111, -4.075555, -7.120000, -6.640000, 1.140000, 239.937500, -46.187500, 6.312500
4524, -21.040001, -11.640000, 14.520000, 0.487778, -11.333333, 0.528889, -5.370000, -0.590000, 8.170000, 239.500000, -33.187500, 4.125000, -8.360000, -11.870000, -4.100000, 1.183333, -2.943333, -6.705555, -6.210000, -7.390000, 1.670000, 239.500000, -33.187500, 4.125000
4544, -19.250000, -8.430000, 3.730000, 1.636667, -13.647778, -0.248889, -3.060000, -0.320000, 9.310000, 239.937500, -18.187500, 1.937500, -8.070000, -5.890000, -3.480000, 1.746667, -2.337778, -7.756667, -4.330000, -8.450000, 2.430000, 239.937500, -18.187500, 1.937500
4563, -11.070000, -6.360000, -13.300000, 2.238889, -13.594444, -0.632222, -1.830000, -0.130000, 9.630000, 240.312500, -10.750000, 0.750000, -6.070000, -0.870000, -4.750000, 2.463333, -1.915556, -7.773334, -3.650000, -8.680000, 2.700000, 240.812500, -4.000000, -0.375000
4583, -8.940000, -5.740000, -11.810000, 2.168889, -11.240000, -1.021111, 1.320000, 0.470000, 9.700000, 242.125000, 7.750000, -2.812500, -3.690000, 4.150000, -6.340000, 3.353333, -1.526667, -7.387778, -2.300000, -8.930000, 3.320000, 242.125000, 7.750000, -2.812500
4604, -2.850000, -5.570000, -19.480000, 2.047778, -9.654445, -1.047778, 2.200000, 0.680000, 9.530000, 242.750000, 12.937500, -4.062500, -2.870000, 8.630000, -8.090000, 4.123333, -1.234444, -6.198889, -1.090000, -8.682500, 4.020000, 243.437500, 17.437500, -5.375000
4624, 0.620000, -7.270000, -24.309999, 2.078889, -7.042222, -1.546667, 3.980000, 1.350000, 8.662500, 245.312500, 24.000000, -8.687500, 2.030000, 16.940001, -9.670000, 4.732222, -0.713333, -3.824445, -0.280000, -8.540000, 4.810000, 245.312500, 24.000000, -8.687500
4643, 2.840000, 1.080000, -30.139999, 1.638889, -3.727778, -2.427778, 4.340000, 1.760000, 8.610000, 247.937500, 26.250000, -11.562500, 5.030000, 21.340000, -14.560000, 3.702222, 0.608889, -1.086667, -0.010000, -8.140000, 5.450000, 247.937500, 26.250000, -11.562500
4663, 1.520000, 4.420000, -28.870001, 0.168889, 1.006667, -2.364444, 4.210000, 1.870000, 8.650000, 249.125000, 25.437500, -12.250000, 2.380000, 16.379999, -12.940000, 0.722222, 3.624444, 1.357778, -0.440000, -7.980000, 5.660000, 250.187500, 23.562500, -12.250000
4683, -0.860000, 1.420000, -29.430000, -1.250000, 4.803333, -2.003333, 2.840000, 1.770000, 9.210000, 252.062500, 16.812500, -10.875000, 0.370000, 16.290001, -9.290000, -1.002222, 6.020000, 2.226667, -1.340000, -8.010000, 5.480000, 252.062500, 16.812500, -10.875000
4704, -4.480000, 1.480000, -28.559999, -2.537778, 9.352222, -2.000000, 1.980000, 1.590000, 9.470000, 252.875000, 11.625000, -9.500000, -3.960000, 12.350000, -5.160000, -2.933333, 5.976666, 3.583333, -2.440000, -8.140000, 4.870000, 253.562500, 5.312500, -7.875000
4722, -12.460000, -4.710000, -21.930000, -3.535556, 13.370000, -1.762222, -1.690000, 0.700000, 9.630000, 254.625000, -9.937500, -4.125000, -4.400000, 10.280000, -2.190000, -3.883333, 5.038889, 4.965556, -3.620000, -8.180000, 4.000000, 254.625000, -9.937500, -4.125000
4743, -15.190000, -9.670000, -14.870000, -2.272222, 15.442223, -1.853333, -4.460000, 0.280000, 8.720000, 256.000000, -27.000000, -1.875000, -7.080000, 0.490000, -0.470000, -3.413333, 3.368889, 6.937778, -4.860000, -7.910000, 3.130000, 256.000000, -27.000000, -1.875000
4763, -19.230000, -10.100000, 2.040000, -0.378889, 15.558888, -2.144444, -5.700000, 0.150000, 7.970000, 257.000000, -35.500000, -1.062500, -4.340000, -8.340000, -2.240000, -1.684444, 1.834444, 7.092222, -6.030000, -7.270000, 2.590000, 258.250000, -43.375000, -0.062500
4784, -19.230000, -13.430000, 15.660000, 0.411111, 12.312222, -2.697778, -8.060000, -0.320000, 5.560000, 261.937500, -55.312500, 3.250000, -2.170000, -12.610000, -7.530000, -0.483333, 1.304444, 6.152222, -6.930000, -6.520000, 2.340000, 261.937500, -55.312500, 3.250000
4802, -25.799999, -12.240000, 34.049999, 1.755556, 6.405556, -3.798889, -8.370000, -0.520000, 5.070000, 264.562500, -58.625000, 5.937500, -4.850000, -21.010000, -3.510000, -0.323333, 2.594445, 3.391111, -7.530000, -5.940000, 2.000000, 267.562500, -58.687500, 8.125000
4823, -31.150000, -0.690000, 33.630001, 2.907778, -5.444445, -3.313150, -7.510000, -0.820000, 6.240000, 272.062500, -50.000000, 7.437500, -9.200000, -31.750000, 7.350000, -1.523333, 3.645555, -1.128889, -7.650000, -5.970000, 1.360000, 272.062500, -50.000000, 7.437500
4843, -30.920000, -3.400000, 28.299999, 4.324444, -12.758889, -1.713333, -5.650000, -0.380000, 8.000000, 275.062500, -35.187500, 2.750000, -22.700001, -30.290001, 20.290001, 1.400000, 1.425556, -7.292222, -7.010000, -6.760000, 1.070000, 275.062500, -35.187500, 2.750000
4864, -25.049999, 3.070000, 1.660000, 4.982222, -14.368889, -0.950000, -4.510000, -0.040000, 8.700000, 276.250000, -27.375000, 0.250000, -24.420000, -3.010000, 8.140000, 5.064445, -2.784444, -10.392222, -5.570000, -7.840000, 1.900000, 277.062500, -19.625000, -2.187500
4884, -20.200001, 20.250000, -11.870000, 3.430000, -13.711111, 0.931111, -0.910000, 0.860000, 9.720000, 276.062500, -5.375000, -5.062500, -13.520000, 20.840000, 2.150000, 4.356667, -2.434444, -7.682222, -4.100000, -8.410000, 2.900000, 276.062500, -5.375000, -5.062500
4903, -6.850000, 11.970000, -23.150000, 0.197778, -10.587778, 3.053333, 0.080000, 0.890000, 9.760000, 274.687500, 0.500000, -5.187500, -5.630000, 13.370000, 4.220000, 1.348889, -2.261111, -4.427778, -3.140000, -8.640000, 3.390000, 273.187500, 5.125000, -4.937500
4923, -0.320000, 8.570000, -23.230000, -0.371111, -5.754445, 3.021111, 1.790000, 0.700000, 9.610000, 270.187500, 10.562500, -4.187500, -3.270000, 10.740000, 5.530000, -0.097778, -2.240000, -2.566667, -2.490000, -8.790000, 3.540000, 270.187500, 10.562500, -4.187500
4944, -0.440000, 6.000000, -7.300000, -0.014444, -2.747778, 2.970000, 2.290000, 0.600000, 9.510000, 266.937500, 13.500000, -3.625000, -1.200000, 6.150000, 4.700000, -0.156667, -2.574445, -1.296667, -2.060000, -8.880000, 3.610000, 266.937500, 13.500000, -3.625000
4964, 0.530000, -2.470000, -7.650000, 0.173333, -1.883333, 3.035556, 2.480000, 0.550000, 9.470000, 263.937500, 15.500000, -3.187500, 0.990000, 3.610000, 0.150000, 0.705556, -2.814445, -0.600000, -1.740000, -8.682500, 3.790000, 263.937500, 15.500000, -3.187500
4982, 0.590000, -1.700000, -7.690000, 0.610000, -0.920000, 2.064445, 2.780000, 0.520000, 9.380000, 261.687500, 16.500000, -3.187500, 3.680000, 4.460000, -7.040000, 0.626667, -2.906667, -0.682222, -1.410000, -8.652500, 4.000000, 261.687500, 16.500000, -3.187500
5003, 0.620000, -2.630000, -5.980000, 0.203333, -0.610000, 1.780000, 2.840000, 0.490000, 9.370000, 260.687500, 16.875000, -3.000000, 4.490000, 4.990000, -8.550000, -0.074444, -2.038889, -0.544444, -1.130000, -8.652500, 4.070000, 259.875000, 17.187500, -2.687500
5023, 1.400000, -6.000000, -6.350000, -0.326667, -0.454444, 1.182222, 2.970000, 0.320000, 9.330000, 258.875000, 17.625000, -1.937500, 3.710000, 2.660000, -8.100000, -0.637778, -0.842222, -0.115556, -1.000000, -8.890000, 4.000000, 258.875000, 17.625000, -1.937500
5044, 1.610000, -6.120000, -6.360000, -0.394444, 0.013333, 0.539392, 2.950000, 0.230000, 9.340000, 258.437500, 17.500000, -1.437500, 1.150000, 0.330000, -4.280000, -0.563333, -0.011111, 0.232222, -1.020000, -8.930000, 3.900000, 258.437500, 17.500000, -1.437500
5062, 0.150000, -5.430000, -2.290000, -0.153333, 0.456667, 0.110000, 2.910000, 0.210000, 9.360000, 258.437500, 16.937500, -1.312500, 0.240000, -0.940000, -2.970000, -0.211111, 0.088889, 0.393333, -1.090000, -8.950000, 3.850000, 258.437500, 16.937500, -1.312500
5083, -0.560000, -3.820000, 0.680000, 0.284444, 0.388889, -0.068889, 2.800000, 0.290000, 9.390000, 258.437500, 16.625000, -1.750000, -0.310000, -1.160000, -1.400000, 0.221111, -0.023333, 0.273333, -1.150000, -8.930000, 3.870000, 258.437500, 16.625000, -1.750000
5103, -0.070000, -2.760000, -0.930000, 0.466667, 0.264444, -0.190000, 2.780000, 0.330000, 9.390000, 258.687500, 16.312500, -2.312500, 0.390000, 0.010000, -2.600000, 0.450000, -0.033712, 0.095556, -1.160000, -8.900000, 3.940000, 258.687500, 16.312500, -2.312500
5124, 0.080000, 1.440000, -1.150000, 0.365556, 0.331111, -0.454444, 2.680000, 0.450000, 9.410000, 259.062500, 15.875000, -2.750000, -0.260000, 0.910000, -0.950000, 0.243333, 0.277778, 0.125556, -1.200000, -8.682500, 3.990000, 259.062500, 15.875000, -2.750000
5142, -0.470000, 0.890000, 0.530000, -0.051111, 0.373333, -0.217778, 2.630000, 0.440000, 9.430000, 259.250000, 15.500000, -2.687500, -0.490000, 0.170000, 0.240000, 0.012222, 0.326667, 0.124444, -1.240000, -8.672500, 3.990000, 259.250000, 15.500000, -2.687500
5163, -0.300000, 0.380000, 0.730000, -0.072222, 0.153333, -0.138889, 2.610000, 0.440000, 9.440000, 259.437500, 15.375000, -2.687500, -1.300000, -0.250000, 1.510000, 0.093333, 0.273333, 0.040000, -1.280000, -8.672500, 3.990000, 259.437500, 15.375000, -2.687500
5183, -0.260000, 1.270000, 0.810000, 0.107778, -0.001111, -0.064444, 2.600000, 0.460000, 9.440000, 259.437500, 15.375000, -2.812500, -1.080000, 0.130000, 1.330000, 0.194444, 0.090000, 0.014444, -1.290000, -8.652500, 4.020000, 259.437500, 15.375000, -2.812500
5204, 0.050000, 0.830000, 0.490000, 0.155556, -0.064444, -0.017778, 2.610000, 0.480000, 9.440000, 259.437500, 15.437500, -2.875000, -0.480000, 0.230000, 0.470000, 0.165556, 0.005556, 0.006667, -1.290000, -8.642500, 4.050000, 259.437500, 15.437500, -3.000000
5224, 0.150000, 0.700000, 0.520000, 0.121111, -0.088889, -0.033333, 2.630000, 0.510000, 9.430000, 259.500000, 15.562500, -3.125000, -0.230000, -0.040000, 0.140000, 0.011111, 0.061111, -0.042222, -1.290000, -8.642500, 4.060000, 259.500000, 15.562500, -3.125000
5243, 0.860000, 0.490000, -0.720000, -0.045556, -0.007778, -0.071111, 2.630000, 0.510000, 9.430000, 259.562500, 15.562500, -3.062500, 0.100000, 0.000000, -0.030000, -0.076667, 0.095556, -0.030000, -1.290000, -8.642500, 4.040000, 259.562500, 15.562500, -3.062500
5263, 0.570000, 0.050000, 0.310000, -0.157778, 0.061111, -0.093333, 2.630000, 0.490000, 9.430000, 259.687500, 15.500000, -2.937500, -0.290000, -0.480000, 0.270000, -0.121111, 0.203333, 0.030000, -1.310000, -8.652500, 4.020000, 259.687500, 15.500000, -2.937500
5284, 0.210000, 1.000000, 0.710000, -0.145556, 0.021111, -0.084444, 2.620000, 0.460000, 9.430000, 259.812500, 15.500000, -2.812500, -0.860000, -0.770000, 1.090000, -0.125556, 0.104444, -0.032222, -1.310000, -8.662500, 3.990000, 259.812500, 15.500000, -2.812500
5304, 0.230000, 0.120000, 0.550000, -0.143333, -0.030000, 0.072222, 2.620000, 0.440000, 9.430000, 259.750000, 15.500000, -2.687500, -0.830000, -0.630000, 0.500000, 0.002222, -0.083333, -0.051111, -1.300000, -8.672500, 3.990000, 259.687500, 15.500000, -2.687500
5322, 0.200000, -0.700000, 0.340000, -0.003333, -0.005556, 0.136667, 2.630000, 0.440000, 9.430000, 259.562500, 15.562500, -2.687500, -0.170000, -0.120000, -0.380000, 0.095556, -0.128889, -0.067778, -1.280000, -8.662500, 4.010000, 259.562500, 15.562500, -2.687500
5343, 0.240000, -0.090000, -0.120000, 0.092222, -0.042222, 0.025556, 2.640000, 0.450000, 9.430000, 259.562500, 15.562500, -2.750000, 0.030000, 0.180000, -0.430000, 0.025556, 0.013333, -0.073333, -1.270000, -8.662500, 4.020000, 259.562500, 15.562500, -2.750000
5363, 0.340000, 0.000000, -0.350000, -0.021111, -0.073333, -0.035556, 2.640000, 0.450000, 9.430000, 259.625000, 15.687500, -2.750000, -0.240000, 0.110000, 0.000000, -0.008889, 0.057778, -0.093333, -1.260000, -8.662500, 4.010000, 259.625000, 15.687500, -2.750000
5384, 0.330000, 0.000000, -0.390000, -0.078889, -0.070000, -0.054444, 2.660000, 0.440000, 9.420000, 259.687500, 15.750000, -2.687500, -0.110000, 0.330000, -0.020000, 0.026667, 0.027778, -0.071111, -1.240000, -8.662500, 4.020000, 259.687500, 15.750000, -2.687500
5402, 0.380000, 0.250000, -0.650000, -0.007778, -0.071111, -0.064444, 2.670000, 0.440000, 9.420000, 259.750000, 15.812500, -2.687500, -0.010000, 0.650000, -0.260000, 0.063333, 0.026667, -0.091111, -1.230000, -8.662500, 4.020000, 259.750000, 15.812500, -2.687500
5423, 0.190000, 0.550000, 0.000000, 0.013333, -0.011111, -0.068889, 2.670000, 0.450000, 9.420000, 259.812500, 15.812500, -2.750000, 0.050000, 0.330000, -0.340000, -0.003333, 0.062222, -0.027778, -1.230000, -8.662500, 4.030000, 259.812500, 15.812500, -2.750000
5443, 0.310000, -0.200000, -0.620000, -0.053333, -0.043333, -0.026667, 2.680000, 0.440000, 9.420000, 259.875000, 15.875000, -2.687500, -0.290000, 0.470000, -0.010000, -0.011111, 0.095556, -0.086667, -1.230000, -8.662500, 4.020000, 259.875000, 15.875000, -2.687500
5464, 0.100000, 0.330000, 0.040000, -0.068889, 0.000000, -0.063333, 2.690000, 0.440000, 9.410000, 259.937500, 15.937500, -2.687500, -0.630000, 0.410000, 0.390000, -0.011111, 0.078889, -0.020000, -1.230000, -8.662500, 4.020000, 260.000000, 16.062500, -2.750000
5484, 0.220000, 0.140000, -0.640000, -0.018889, -0.014444, -0.021111, 2.750000, 0.480000, 9.390000, 260.062500, 16.312500, -2.937500, -0.350000, 0.590000, 0.150000, 0.013333, -0.023333, 0.062222, -1.230000, -8.662500, 4.020000, 260.062500, 16.312500, -2.937500
5503, 0.110000, 0.070000, -0.250000, 0.054444, 0.032222, 0.018889, 2.760000, 0.490000, 9.390000, 260.000000, 16.312500, -3.000000, -0.040000, 0.080000, -0.220000, 0.032222, -0.043333, 0.118889, -1.250000, -8.662500, 4.030000, 260.000000, 16.312500, -3.062500
5523, -0.050000, 0.350000, 0.160000, 0.076667, 0.021111, 0.033333, 2.760000, 0.510000, 9.390000, 259.937500, 16.312500, -3.125000, -0.150000, 0.280000, -0.010000, 0.015556, -0.001111, 0.044444, -1.260000, -8.652500, 4.030000, 259.937500, 16.312500, -3.125000
5544, 0.070000, 0.220000, -0.370000, 0.033712, -0.061111, 0.030000, 2.770000, 0.520000, 9.390000, 259.937500, 16.437500, -3.125000, -0.240000, 0.260000, -0.150000, -0.046667, 0.001111, -0.012222, -1.260000, -8.662500, 4.020000, 259.937500, 16.437500, -3.125000
5564, 0.190000, -0.100000, -0.520000, -0.028889, -0.055556, 0.022222, 2.780000, 0.510000, 9.380000, 260.062500, 16.437500, -3.125000, -0.170000, 0.560000, -0.430000, -0.070000, 0.028889, 0.008889, -1.260000, -8.662500, 4.010000, 260.062500, 16.437500, -3.125000
5583, 0.380000, -0.220000, -0.730000, -0.037778, 0.004444, 0.001111, 2.780000, 0.500000, 9.390000, 260.062500, 16.437500, -3.062500, -0.130000, 0.360000, -0.110000, -0.116667, 0.050000, 0.134444, -1.290000, -8.672500, 3.990000, 260.062500, 16.437500, -3.062500
5603, 0.310000, -0.240000, -0.420000, -0.047778, 0.061111, -0.018889, 2.770000, 0.500000, 9.390000, 260.062500, 16.375000, -3.000000, -0.180000, 0.090000, -0.170000, -0.112222, 0.045556, 0.211111, -1.330000, -8.672500, 3.970000, 260.062500, 16.375000, -3.000000
5624, 0.100000, -0.280000, -0.050000, -0.020000, 0.091111, -0.037778, 2.750000, 0.500000, 9.390000, 260.125000, 16.250000, -3.000000, -0.310000, -0.410000, -0.040000, -0.041111, -0.002222, 0.191111, -1.360000, -8.672500, 3.960000, 260.125000, 16.250000, -3.000000
5644, -0.230000, -0.200000, 0.920000, 0.033712, 0.087778, -0.031111, 2.740000, 0.510000, 9.400000, 260.125000, 16.187500, -3.062500, -0.370000, -0.560000, -0.140000, 0.013333, -0.012222, 0.083333, -1.380000, -8.672500, 3.960000, 260.125000, 16.187500, -3.062500
5662, -0.110000, -0.050000, 0.410000, 0.013333, -0.035556, 0.005556, 2.740000, 0.510000, 9.400000, 260.062500, 16.250000, -3.062500, -0.270000, 0.040000, -0.140000, -0.011111, 0.010000, -0.090000, -1.370000, -8.672500, 3.960000, 260.062500, 16.250000, -3.062500
5683, 0.190000, 0.250000, -0.390000, -0.058889, -0.051111, -0.005556, 2.750000, 0.490000, 9.390000, 260.125000, 16.250000, -3.000000, -0.440000, 0.660000, 0.170000, -0.042222, 0.055556, -0.080000, -1.360000, -8.672500, 3.950000, 260.125000, 16.250000, -3.000000
5703, 0.270000, 0.050000, -0.160000, -0.110000, 0.042222, 0.017778, 2.740000, 0.480000, 9.400000, 260.312500, 16.187500, -2.875000, -0.500000, 0.100000, 0.290000, -0.065556, 0.022222, 0.078889, -1.370000, -8.682500, 3.940000, 260.312500, 16.187500, -2.875000
5724, 0.000000, 0.070000, 0.480000, -0.084444, 0.057778, 0.040000, 2.730000, 0.460000, 9.400000, 260.250000, 16.187500, -2.750000, -0.280000, -0.450000, 0.230000, -0.021111, -0.015556, 0.070000, -1.380000, -8.682500, 3.940000, 260.250000, 16.187500, -2.750000
5742, 0.130000, -0.540000, -0.060000, -0.016667, -0.027778, 0.056667, 2.740000, 0.450000, 9.400000, 260.250000, 16.250000, -2.750000, -0.070000, -0.020000, -0.140000, 0.041111, -0.031111, -0.035556, -1.380000, -8.672500, 3.940000, 260.250000, 16.250000, -2.750000
5763, 0.160000, -0.260000, -0.060000, 0.018889, -0.023333, -0.017778, 2.740000, 0.450000, 9.400000, 260.250000, 16.250000, -2.750000, 0.040000, 0.270000, -0.240000, 0.037778, -0.004444, -0.065556, -1.360000, -8.672500, 3.950000, 260.250000, 16.250000, -2.812500
5783, 0.260000, 0.190000, -0.480000, 0.036667, -0.052222, -0.040000, 2.750000, 0.470000, 9.390000, 260.312500, 16.312500, -2.812500, -0.190000, 0.760000, 0.100000, 0.015556, 0.021111, -0.060000, -1.360000, -8.672500, 3.950000, 260.312500, 16.312500, -2.812500
5804, 0.400000, 0.310000, -0.930000, 0.020000, -0.030000, -0.046667, 2.760000, 0.470000, 9.390000, 260.375000, 16.312500, -2.875000, -0.280000, 0.510000, 0.090000, 0.001111, 0.030000, 0.036667, -1.360000, -8.672500, 3.950000, 260.562500, 16.312500, -2.875000
5824, 0.120000, 0.100000, -0.120000, -0.001111, 0.105556, -0.021111, 2.730000, 0.470000, 9.400000, 260.562500, 16.187500, -2.875000, -0.280000, -0.190000, 0.190000, 0.011111, 0.013333, 0.111111, -1.380000, -8.672500, 3.950000, 260.562500, 16.187500, -2.875000
5843, 0.140000, 0.190000, -0.090000, 0.045556, 0.070000, 0.006667, 2.720000, 0.480000, 9.400000, 260.562500, 16.125000, -2.937500, -0.120000, 0.120000, 0.120000, 0.015556, -0.008889, 0.033333, -1.390000, -8.672500, 3.960000, 260.562500, 16.125000, -2.937500
5863, 0.160000, 0.320000, 0.090000, 0.007778, 0.043333, 0.041111, 2.720000, 0.480000, 9.400000, 260.500000, 16.062500, -2.875000, -0.130000, 0.100000, -0.010000, -0.024444, 0.002222, -0.005556, -1.390000, -8.672500, 3.950000, 260.500000, 16.062500, -2.875000
5884, 0.300000, -0.030000, -0.160000, -0.036667, 0.042222, 0.045556, 2.710000, 0.460000, 9.410000, 260.437500, 16.000000, -2.812500, -0.090000, 0.170000, -0.080000, -0.060000, 0.022222, -0.002222, -1.390000, -8.672500, 3.940000, 260.437500, 16.000000, -2.812500
5904, 0.190000, -0.400000, 0.340000, -0.072222, 0.050000, 0.012222, 2.700000, 0.460000, 9.410000, 260.562500, 16.000000, -2.750000, -0.180000, -0.020000, -0.050000, -0.037778, 0.043333, 0.025556, -1.400000, -8.682500, 3.940000, 260.562500, 16.000000, -2.750000
5923, 0.300000, 0.000000, -0.110000, -0.023333, -0.054444, -0.016667, 2.710000, 0.450000, 9.410000, 260.562500, 16.062500, -2.750000, -0.280000, -0.210000, 0.140000, -0.014444, -0.001111, -0.005556, -1.400000, -8.682500, 3.930000, 260.562500, 16.062500, -2.750000
5943, 0.360000, 0.250000, -0.370000, -0.003333, -0.020000, -0.002222, 2.710000, 0.440000, 9.410000, 260.562500, 16.062500, -2.687500, -0.220000, 0.110000, 0.190000, 0.006667, 0.030000, -0.007778, -1.400000, -8.682500, 3.930000, 260.562500, 16.062500, -2.687500
5963, 0.220000, 0.110000, 0.130000, -0.035556, 0.068889, 0.020000, 2.700000, 0.440000, 9.410000, 260.562500, 16.000000, -2.687500, -0.200000, 0.090000, 0.090000, -0.004444, 0.008889, 0.014444, -1.410000, -8.682500, 3.930000, 260.562500, 16.000000, -2.687500
5984, 0.060000, 0.230000, 0.270000, -0.050000, 0.046667, 0.020000, 2.700000, 0.430000, 9.410000, 260.562500, 16.000000, -2.625000, -0.400000, 0.020000, 0.470000, 0.005556, 0.033333, -0.022222, -1.410000, -8.672500, 3.930000, 260.562500, 16.000000, -2.625000
6002, 0.070000, 0.220000, 0.200000, -0.052222, -0.007778, 0.040000, 2.700000, 0.420000, 9.410000, 260.687500, 16.000000, -2.562500, -0.380000, 0.230000, 0.470000, -0.016667, -0.008889, -0.048889, -1.400000, -8.682500, 3.930000, 260.687500, 16.000000, -2.562500
6023, 0.200000, 0.140000, -0.070000, -0.044444, -0.054444, 0.031111, 2.710000, 0.420000, 9.410000, 260.625000, 16.062500, -2.562500, -0.320000, 0.290000, 0.260000, -0.001111, -0.055556, -0.052222, -1.390000, -8.682500, 3.930000, 260.625000, 16.062500, -2.562500
6043, 0.220000, -0.110000, -0.260000, 0.013333, -0.053333, 0.042222, 2.730000, 0.420000, 9.400000, 260.562500, 16.125000, -2.562500, -0.150000, 0.080000, -0.020000, 0.041111, -0.076667, 0.013333, -1.390000, -8.672500, 3.940000, 260.562500, 16.125000, -2.562500
