0, -0.090000, -0.880000, -0.870000, -0.038889, 0.155556, -0.107778, 4.490000, -0.880000, 8.660000, 237.125000, 27.250000, 5.812500, 0.150000, -0.080000, -0.680000, -0.006667, 0.124444, 0.068889, -0.170000, -9.030000, 3.810000, 236.937500, 27.187500, 5.750000
19, -0.010000, -0.760000, -0.680000, 0.023333, 0.213333, -0.156667, 4.460000, -0.870000, 8.680000, 237.062500, 27.062500, 5.687500, 0.260000, 0.080000, -0.670000, 0.054444, 0.154444, 0.108889, -0.200000, -9.020000, 3.820000, 237.125000, 26.937500, 5.625000
37, -0.210000, -0.880000, 0.080000, 0.045556, 0.252222, -0.206667, 4.420000, -0.840000, 8.700000, 237.250000, 26.812500, 5.562500, 0.270000, 0.030000, -0.780000, 0.115556, 0.234444, 0.190000, -0.240000, -9.010000, 3.840000, 237.375000, 26.687500, 5.437500
58, -0.300000, 0.450000, 0.650000, 0.044444, 0.270000, -0.261111, 4.390000, -0.810000, 8.730000, 237.375000, 26.562500, 5.312500, -0.510000, -0.240000, 0.370000, 0.142222, 0.293333, 0.208889, -0.300000, -9.000000, 3.860000, 237.375000, 26.562500, 5.312500
78, -0.300000, 0.850000, 0.810000, 0.050000, 0.261111, -0.218889, 4.340000, -0.790000, 8.750000, 237.687500, 26.312500, 5.125000, -0.630000, -0.120000, 0.540000, 0.080000, 0.250000, 0.200000, -0.350000, -9.000000, 3.870000, 237.750000, 26.187500, 5.062500
99, -0.730000, 1.920000, 2.050000, 0.026667, 0.208889, -0.150000, 4.310000, -0.770000, 8.770000, 237.875000, 26.062500, 5.000000, -1.380000, -0.510000, 1.780000, 0.051111, 0.215556, 0.193333, -0.390000, -8.990000, 3.880000, 237.875000, 26.062500, 5.000000
119, -0.810000, 2.060000, 2.310000, -0.005556, 0.058889, -0.024444, 4.290000, -0.760000, 8.780000, 237.812500, 25.937500, 4.937500, -1.700000, -0.640000, 2.360000, -0.055556, -0.025556, 0.047778, -0.410000, -8.990000, 3.870000, 237.812500, 26.000000, 5.000000
138, -0.830000, 2.640000, 2.830000, -0.068889, -0.150000, 0.162222, 4.310000, -0.780000, 8.770000, 237.687500, 26.062500, 5.062500, -1.770000, -0.850000, 2.830000, -0.166667, -0.212222, -0.187778, -0.370000, -9.000000, 3.850000, 237.625000, 26.187500, 5.187500
158, -0.730000, 2.760000, 2.490000, -0.152222, -0.413333, 0.301111, 4.360000, -0.820000, 8.740000, 237.437500, 26.375000, 5.375000, -1.370000, -0.430000, 2.450000, -0.224444, -0.292222, -0.285556, -0.290000, -9.030000, 3.810000, 237.437500, 26.375000, 5.375000
179, -0.880000, 2.760000, 2.270000, -0.228889, -0.688889, 0.498889, 4.450000, -0.900000, 8.680000, 237.000000, 27.000000, 5.875000, -1.150000, -0.190000, 2.050000, -0.466667, -0.567778, -0.572222, -0.170000, -9.060000, 3.740000, 236.687500, 27.437500, 6.250000
199, -0.250000, 1.470000, -0.560000, -0.366667, -0.977778, 0.737778, 4.600000, -1.010000, 8.600000, 236.312500, 27.937500, 6.687500, -0.410000, 0.320000, 0.890000, -0.581111, -0.656667, -0.681111, 0.000000, -9.110000, 3.620000, 236.312500, 27.937500, 6.687500
218, -0.240000, -1.660000, -1.110000, -0.685556, -0.833333, 0.912222, 4.720000, -1.180000, 8.510000, 235.375000, 28.750000, 7.937500, 0.850000, -0.130000, -0.880000, -0.920000, -0.668889, -1.096667, 0.220000, -9.160000, 3.470000, 234.937500, 29.125000, 8.625000
238, 3.490000, -14.410000, -7.340000, -0.514444, -0.776667, 0.893333, 4.820000, -1.370000, 8.420000, 234.500000, 29.437500, 9.187500, 3.460000, -2.110000, -4.420000, 0.070000, -0.528889, -1.171111, 0.470000, -9.170000, 3.410000, 234.187500, 29.812500, 9.375000
258, 5.420000, -18.150000, -11.790000, 0.714444, -0.381111, -0.307778, 4.910000, -1.310000, 8.380000, 234.250000, 30.062500, 8.875000, 9.440000, 1.270000, -12.060000, 0.895556, -0.347778, -0.884444, 0.580000, -9.080000, 3.630000, 234.250000, 30.062500, 8.875000
279, 1.850000, -11.170000, -11.340000, 1.557778, 1.473333, -2.777778, 4.800000, -0.890000, 8.500000, 236.250000, 29.312500, 5.937500, 9.670000, 4.100000, -14.770000, 2.330000, 1.578889, 1.227778, 0.340000, -8.920000, 4.040000, 238.000000, 28.250000, 4.000000
297, -0.350000, -3.340000, -12.330000, 1.501111, 2.743333, -3.962222, 4.430000, -0.300000, 8.730000, 240.000000, 26.875000, 2.000000, 3.360000, 4.330000, -10.610000, 1.937778, 2.403333, 1.688889, -0.170000, -8.790000, 4.320000, 240.000000, 26.875000, 2.000000
318, -8.720000, 4.090000, -3.270000, 0.231111, 4.786667, -4.066667, 3.730000, 0.110000, 9.060000, 244.312500, 22.312500, -0.687500, -2.300000, 5.670000, -5.650000, 0.316667, 3.414444, 2.114444, -0.790000, -8.720000, 4.390000, 246.437500, 19.375000, -1.250000
338, -16.209999, 11.610000, 20.090000, -0.706667, 4.728889, -3.428889, 2.830000, 0.240000, 9.380000, 248.312500, 16.750000, -1.437500, -9.680000, 4.430000, 2.220000, -1.140000, 3.692222, 2.163125, -1.460000, -8.740000, 4.190000, 249.750000, 15.125000, -1.500000
359, -12.400000, 14.990000, 11.080000, -0.452222, 1.257778, -1.374444, 2.440000, 0.240000, 9.490000, 250.500000, 14.437500, -1.437500, -15.050000, -5.370000, 11.590000, -1.867778, 3.702222, 1.612222, -1.870000, -8.672500, 3.760000, 250.500000, 14.437500, -1.437500
377, -9.500000, 14.520000, 8.620000, -0.541615, 0.383333, 0.063333, 2.360000, 0.160000, 9.510000, 250.812500, 13.875000, -0.937500, -15.920000, -0.930000, 19.070000, -0.662222, 0.398889, -1.467778, -1.740000, -8.980000, 3.530000, 250.500000, 13.812500, -0.562500
398, -4.500000, 9.910000, 2.870000, -0.460000, -0.027778, 1.396667, 2.340000, 0.020000, 9.520000, 249.750000, 13.812500, -0.125000, -8.310000, 4.400000, 12.140000, -0.078889, -0.941111, -1.163333, -1.600000, -9.000000, 3.540000, 249.750000, 13.812500, -0.125000
418, -2.140000, 9.310000, -3.570000, -0.215556, -0.256667, 2.363333, 2.390000, -0.120000, 9.500000, 247.437500, 14.062500, 0.687500, -3.680000, 3.790000, 3.700000, -0.368889, -3.362222, -0.691111, -1.150000, -9.040000, 3.600000, 245.937500, 14.062500, 1.187500
439, -0.120000, 10.820000, -9.570000, -0.338889, 0.252222, 3.147778, 2.360000, -0.300000, 9.510000, 244.250000, 13.875000, 1.812500, -0.410000, 12.020000, 0.170000, -1.058889, -3.251111, 0.045556, -0.890000, -9.100000, 3.520000, 242.312500, 13.500000, 2.687500
459, 0.300000, 6.840000, -11.610000, -1.252222, 0.996667, 4.203333, 2.180000, -0.650000, 9.530000, 240.125000, 12.812500, 3.875000, 0.130000, 12.860000, -0.780000, -1.886667, -3.411111, 0.725556, -0.840000, -9.160000, 3.390000, 240.125000, 12.812500, 3.875000
478, -0.050000, 1.840000, -11.370000, -2.025556, 2.041111, 5.246666, 1.770000, -1.180000, 9.570000, 235.000000, 10.375000, 7.062500, -0.170000, 7.850000, -5.280000, -3.941111, -3.701111, 3.037778, -1.120000, -9.390000, 2.580000, 232.062500, 8.500000, 8.687500
498, 1.800000, -25.990000, -5.610000, -2.396667, 3.400000, 5.970000, 1.050000, -1.750000, 9.580000, 229.062500, 6.125000, 10.375000, 2.810000, 0.990000, -8.030000, -4.052222, -3.520000, 3.864444, -1.390000, -9.430000, 2.260000, 229.062500, 6.125000, 10.375000
519, 0.500000, -37.080002, 4.580000, -1.664444, 4.136667, 3.290000, 0.150000, -2.180000, 9.550000, 225.000000, 0.875000, 12.875000, 7.600000, -16.230000, -16.480000, -1.204444, -1.378889, 4.495555, -2.490000, -9.320000, 1.710000, 224.750000, -1.062500, 12.937500
539, -7.630000, -15.430000, 21.080000, 1.181111, 2.230000, -1.113333, -0.360000, -2.090000, 9.570000, 225.500000, -2.062500, 12.312500, 5.400000, -18.639999, -17.910000, 0.147778, -0.305556, 3.504444, -3.000000, -9.160000, 1.780000, 226.562500, -2.000000, 11.437500
557, -7.000000, -12.720000, 15.770000, 1.748889, -1.604445, -2.035556, -0.160000, -1.780000, 9.640000, 227.562500, -0.937500, 10.500000, 0.010000, -15.090000, -9.560000, 0.875556, 1.653333, 0.990000, -3.120000, -9.110000, 1.810000, 227.562500, -0.937500, 10.500000
578, -5.380000, -9.510000, 6.750000, 1.356667, -3.126667, -2.744444, 0.450000, -1.510000, 9.670000, 230.062500, 2.625000, 8.875000, -3.590000, -13.840000, -2.950000, 0.901111, 2.276667, -1.563333, -2.830000, -9.190000, 1.880000, 231.625000, 4.625000, 8.000000
598, -4.820000, -0.610000, 0.450000, 1.553333, -3.282222, -3.497778, 1.130000, -1.190000, 9.660000, 233.375000, 6.625000, 7.000000, -4.680000, -6.700000, -2.590000, 1.891111, 2.002222, -3.674444, -2.540000, -9.250000, 1.990000, 233.375000, 6.625000, 7.000000
619, -2.190000, 5.380000, -9.030000, 1.567778, -2.537778, -3.071111, 1.700000, -0.820000, 9.620000, 236.625000, 10.000000, 4.875000, -7.430000, 8.310000, 0.590000, 3.158889, 2.107778, -4.145555, -1.640000, -9.280000, 2.700000, 238.000000, 11.187500, 3.625000
637, 1.810000, 12.530000, -19.650000, 1.656575, -1.041111, -2.225556, 2.010000, -0.420000, 9.580000, 239.125000, 11.812500, 2.500000, -5.430000, 18.309999, 1.570000, 3.937778, 2.277778, -2.481111, -1.470000, -9.110000, 3.290000, 239.875000, 11.562500, 1.562500
658, 2.290000, 13.980000, -29.190001, 0.961111, 2.820000, -1.052222, 1.710000, -0.160000, 9.650000, 240.437500, 10.062500, 0.937500, -0.540000, 24.530001, -1.050000, 2.977778, 3.438889, 0.687778, -1.640000, -9.000000, 3.500000, 240.437500, 10.062500, 0.937500
678, -0.280000, 11.420000, -27.030001, 0.012222, 7.273334, -0.076667, 0.550000, -0.100000, 9.790000, 240.812500, 3.187500, 0.625000, -0.590000, 17.879999, 1.790000, 0.052222, 3.960000, 3.606667, -2.890000, -8.760000, 3.310000, 240.750000, -1.750000, 0.875000
699, -6.130000, -1.050000, -18.250000, -0.863333, 11.260000, -0.028889, -1.350000, -0.230000, 9.710000, 240.812500, -7.875000, 1.375000, -1.030000, 12.020000, 1.880000, -2.098889, 2.554445, 4.963333, -3.380000, -8.670000, 3.060000, 240.812500, -7.875000, 1.375000
717, -9.730000, -9.550000, -4.170000, -1.644444, 12.764444, -0.917778, -3.620000, -0.530000, 9.090000, 241.562500, -21.625000, 3.375000, 0.570000, 0.830000, -5.320000, -2.753333, 1.787778, 6.138889, -4.970000, -8.150000, 2.163125, 242.500000, -28.187500, 4.812500
738, -19.209999, -5.710000, 22.870001, -1.371111, 11.175555, -1.974444, -5.500000, -0.930000, 8.050000, 243.625000, -34.125000, 6.562500, -1.480000, -7.660000, -7.150000, -2.827778, 1.333333, 6.168889, -5.910000, -7.650000, 1.620000, 244.750000, -38.625000, 8.500000
758, -22.290001, -3.930000, 31.799999, -0.855556, 4.300000, -1.755556, -6.410000, -1.290000, 7.300000, 245.750000, -40.812500, 10.062500, -7.500000, -24.240000, 2.630000, -2.832222, 2.240000, 4.516667, -6.270000, -7.420000, 1.290000, 245.750000, -40.812500, 10.062500
779, -18.709999, -7.390000, 29.180000, 0.361111, -4.302222, -0.812222, -6.030000, -1.410000, 7.590000, 246.625000, -38.000000, 10.500000, -11.900000, -30.760000, 10.300000, -1.306667, 2.315556, 0.570000, -6.430000, -7.370000, 0.650000, 246.937500, -34.500000, 9.750000
799, -14.500000, -5.270000, 14.150000, 2.007778, -7.472222, -0.824444, -4.960000, -1.250000, 8.360000, 247.375000, -30.437500, 8.500000, -11.640000, -17.030001, 6.930000, 0.910000, -0.486667, -3.685555, -6.160000, -7.580000, 0.750000, 247.375000, -30.437500, 8.500000
818, -10.910000, 0.800000, 2.360000, 2.668889, -8.258889, -0.743333, -3.600000, -0.880000, 9.070000, 248.437500, -21.500000, 5.500000, -9.590000, -10.350000, 0.850000, 2.276667, -2.268889, -5.477778, -4.860000, -8.360000, 1.580000, 248.687500, -17.187500, 4.187500
838, -4.730000, 0.720000, -5.480000, 2.152222, -7.196667, -0.174444, -2.250000, -0.490000, 9.530000, 248.812500, -13.250000, 2.937500, -7.310000, -2.100000, -0.810000, 2.774444, -2.475556, -6.117778, -3.770000, -8.760000, 2.250000, 248.812500, -9.750000, 1.812500
859, -1.250000, -0.310000, -9.590000, 1.773333, -5.668889, 0.344444, -1.140000, -0.140000, 9.730000, 248.687500, -6.687500, 0.812500, -3.810000, 4.580000, -2.700000, 3.056667, -2.492222, -5.984445, -3.210000, -8.890000, 2.590000, 248.687500, -6.687500, 0.812500
879, 7.170000, -8.790000, -15.480000, 1.560000, -4.026667, 0.636667, -0.320000, 0.160000, 9.790000, 248.062500, -1.875000, -0.937500, 0.130000, 8.310000, -6.650000, 3.182222, -2.533333, -4.948889, -1.760000, -8.950000, 3.570000, 247.937500, -0.125000, -1.687500
897, 8.730000, -17.930000, -14.740000, 1.408889, -2.051111, -0.770000, 0.150000, 0.420000, 9.790000, 248.375000, 0.875000, -2.437500, 8.660000, 7.180000, -14.150000, 3.132222, -1.511111, -2.711111, -1.480000, -8.880000, 3.860000, 248.375000, 0.875000, -2.437500
918, 4.070000, -20.240000, -5.400000, 1.174444, -0.040000, -3.226667, 0.220000, 0.680000, 9.770000, 251.312500, 1.250000, -4.000000, 10.180000, -1.230000, -17.389999, 2.230000, 0.617778, -0.850000, -1.300000, -8.650000, 4.420000, 253.750000, 0.875000, -4.687500
938, -0.190000, -15.270000, -0.530000, 1.883333, 0.488889, -5.574444, 0.060000, 0.980000, 9.750000, 256.750000, 0.375000, -5.750000, 4.950000, -3.960000, -14.080000, 1.957778, 3.022222, -0.945556, -1.450000, -8.490000, 4.680000, 260.062500, -0.250000, -7.250000
959, -7.270000, 0.880000, -3.090000, 3.883333, 0.411111, -6.255556, -0.160000, 1.590000, 9.670000, 263.437500, -0.937500, -9.312500, -3.610000, -0.170000, -4.820000, 2.716667, 4.400000, -0.724444, -1.590000, -8.380000, 4.830000, 263.437500, -0.937500, -9.312500
977, -10.890000, 18.980000, -3.450000, 4.766667, 0.737778, -4.994444, -0.470000, 2.430000, 9.480000, 269.437500, -2.750000, -14.312500, -12.060000, 5.330000, 8.630000, 2.454444, 3.684444, -0.484444, -1.970000, -8.070000, 5.200000, 271.375000, -3.750000, -16.437500
998, -15.400000, 27.100000, 10.840000, 2.804445, 0.244444, -1.758889, -0.710000, 3.010000, 9.300000, 272.375000, -4.125000, -17.875000, -13.950000, 7.560000, 19.440001, 0.891111, 2.236667, -1.136667, -1.990000, -8.050000, 5.220000, 272.375000, -4.125000, -17.875000
1018, -12.070000, 25.180000, 4.200000, 0.152222, -3.147778, 1.306667, -0.280000, 3.150000, 9.280000, 272.125000, -1.625000, -18.750000, -11.780000, 7.100000, 17.910000, -0.068889, -0.026667, -1.618889, -1.620000, -8.130000, 5.220000, 271.062500, 0.937500, -18.187500
1039, -9.660000, 12.640000, 3.930000, -1.618889, -4.946667, 3.467778, 0.700000, 2.900000, 9.340000, 269.625000, 4.062500, -17.250000, -5.500000, 6.180000, 8.900000, -0.404444, -2.162222, -1.596667, -1.160000, -8.220000, 5.200000, 267.937500, 7.812500, -16.375000
1059, -7.630000, 8.370000, -1.780000, -1.144444, -6.915555, 4.688889, 2.060000, 2.560000, 9.230000, 266.000000, 12.125000, -15.500000, -3.940000, 4.310000, 6.330000, -0.732222, -2.920000, -1.354445, -0.910000, -8.270000, 5.170000, 266.000000, 12.125000, -15.500000
1078, -7.770000, 1.960000, -4.380000, -0.624444, -7.731111, 5.727778, 3.620000, 2.130000, 8.662500, 261.125000, 21.687500, -13.500000, -1.330000, 3.990000, 0.490000, -1.000000, -3.833333, -1.434444, -0.010000, -8.440000, 4.980000, 258.375000, 26.562500, -12.375000
1098, 0.470000, -13.030000, -15.750000, -0.266667, -7.431111, 6.034444, 5.070000, 1.590000, 8.230000, 255.500000, 31.187500, -10.937500, 2.600000, 2.850000, -4.260000, -1.222222, -4.362222, -1.537778, 0.310000, -8.500000, 4.870000, 255.500000, 31.187500, -10.937500
1119, 4.210000, -25.910000, -20.650000, -0.888889, -5.282222, 4.033333, 6.080000, 0.940000, 7.630000, 251.062500, 38.312500, -7.062500, 8.060000, 5.340000, -12.010000, 0.113333, -3.362222, -0.863333, 0.960000, -8.490000, 4.810000, 250.125000, 40.625000, -6.437500
1139, 5.190000, -8.420000, -27.219999, 0.834444, -2.714444, 0.188889, 6.570000, 0.880000, 7.210000, 249.937500, 42.062500, -6.937500, 9.250000, 8.430000, -15.600000, 0.620000, -1.891111, 0.932222, 0.830000, -8.440000, 4.900000, 250.062500, 42.437500, -7.750000
1158, 3.490000, -8.450000, -40.099998, 0.203333, 2.730000, -0.945556, 6.420000, 1.050000, 7.330000, 250.437500, 40.937500, -8.125000, 6.080000, 9.530000, -22.610001, 0.765556, 1.097778, 3.064445, 0.530000, -8.430000, 4.970000, 250.437500, 40.937500, -8.125000
1178, -7.480000, -10.940000, -47.580002, -1.566667, 9.898889, -2.005556, 5.170000, 1.090000, 8.250000, 252.250000, 31.875000, -7.500000, 0.520000, 14.880000, -15.760000, 0.031111, 6.001111, 4.014444, -1.250000, -8.420000, 4.850000, 253.562500, 23.687500, -6.062500
1199, -28.959999, -25.450001, -48.279999, -4.000000, 20.959999, -3.651111, 2.070000, 0.700000, 9.550000, 255.375000, 12.187500, -4.187500, -3.900000, 12.600000, -11.290000, -2.694444, 7.152222, 5.661111, -2.020000, -8.450000, 4.520000, 255.375000, 12.187500, -4.187500
1219, -36.709999, -12.150000, 3.330000, -3.575556, 24.858889, -5.030000, -2.500000, -0.010000, 9.480000, 260.187500, -14.750000, 0.062500, -9.170000, 8.920000, -8.250000, -3.241111, 6.367778, 7.868889, -4.580000, -8.050000, 3.210000, 262.500000, -26.625000, 2.625000
1237, -33.490002, -2.610000, 20.139999, -1.548889, 17.521111, -4.020000, -5.760000, -0.720000, 7.900000, 264.687500, -35.937500, 5.187500, -13.840000, 6.240000, -4.150000, -2.612222, 4.355556, 9.827778, -6.240000, -7.170000, 2.400000, 266.687500, -42.687500, 7.937500
1258, -25.290001, 11.970000, 15.440000, -1.962222, 9.177778, -2.124444, -7.220000, -1.260000, 6.500000, 267.750000, -47.437500, 10.937500, -17.930000, -8.910000, 5.430000, -3.644444, 3.527778, 9.325556, -6.920000, -6.660000, 1.940000, 267.750000, -47.437500, 10.937500
1278, -25.610001, 3.520000, 23.059999, -3.115556, 5.880000, 0.167778, -7.960000, -1.650000, 5.480000, 267.125000, -54.250000, 16.687500, -16.980000, -19.370001, 13.540000, -4.773334, 2.621111, 6.378889, -8.100000, -5.480000, 0.600000, 266.250000, -56.562500, 18.500000
1299, -25.150000, -1.490000, 34.150002, -1.291111, 1.676667, 1.030000, -8.280000, -1.690000, 4.960000, 265.375000, -57.625000, 18.812500, -17.750000, -29.910000, 22.219999, -3.008889, 1.041111, 1.954444, -8.210000, -5.340000, 0.360000, 265.375000, -57.625000, 18.812500
1317, -20.900000, 0.690000, 24.670000, 0.602222, -3.688889, 1.790000, -8.080000, -1.420000, 5.360000, 263.625000, -55.500000, 14.875000, -13.230000, -14.940000, 10.050000, 0.710000, -2.518889, -2.452222, -7.810000, -5.840000, 0.980000, 262.437500, -52.812500, 11.875000
1338, -20.010000, -1.150000, 20.290001, 0.990000, -7.351111, 2.230000, -7.410000, -1.000000, 6.330000, 261.187500, -49.125000, 8.937500, -9.580000, -9.800000, 1.400000, 1.300000, -4.732222, -4.732222, -7.480000, -6.170000, 1.390000, 259.937500, -44.312500, 6.375000
1358, -17.250000, -2.350000, 5.950000, 0.933333, -10.464444, 2.156458, -6.140000, -0.580000, 7.620000, 258.687500, -38.750000, 4.375000, -7.630000, -5.880000, 0.620000, 0.908889, -4.190000, -6.286667, -6.600000, -6.930000, 2.110000, 258.687500, -38.750000, 4.375000
1379, -18.000000, -0.470000, 5.560000, 1.053333, -12.190000, 1.782222, -4.320000, -0.230000, 8.790000, 256.687500, -26.125000, 1.500000, -7.710000, -2.250000, 1.380000, 0.428889, -3.594445, -7.428889, -5.430000, -7.730000, 2.610000, 255.750000, -18.937500, 0.437500
1399, -13.840000, -0.210000, -8.590000, 1.107778, -13.817778, 2.117778, -1.950000, 0.070000, 9.600000, 254.687500, -11.437500, -0.437500, -7.300000, 1.230000, 1.080000, 0.564444, -3.315556, -7.623333, -4.070000, -8.390000, 2.990000, 254.687500, -11.437500, -0.437500
1418, -11.700000, -4.280000, -11.270000, 1.382222, -13.086667, 2.522222, 0.520000, 0.330000, 9.780000, 252.187500, 3.062500, -1.937500, -6.840000, 3.870000, 0.030000, 1.241111, -3.332222, -7.015555, -2.690000, -8.790000, 3.380000, 250.937500, 9.812500, -2.812500
1438, -3.310000, -2.730000, -20.639999, 1.834444, -10.917778, 2.310000, 2.670000, 0.590000, 9.410000, 249.750000, 15.812500, -3.625000, -3.990000, 5.460000, -3.260000, 1.674444, -3.407778, -6.097778, -1.390000, -8.930000, 3.780000, 248.562500, 20.750000, -4.125000
1459, -3.230000, -4.770000, -10.930000, 1.282222, -7.335556, 2.131111, 4.110000, 0.700000, 8.682500, 247.437500, 24.812500, -4.500000, 0.560000, 8.470000, -7.280000, 1.783333, -3.446667, -5.265555, -0.210000, -8.880000, 4.130000, 247.437500, 24.812500, -4.500000
1479, -0.660000, -10.350000, -16.459999, 1.576667, -7.476666, 1.815556, 5.320000, 0.770000, 8.190000, 245.187500, 32.875000, -5.312500, 3.510000, 10.460000, -10.190000, 2.040000, -3.225556, -3.877778, 0.770000, -8.700000, 4.450000, 244.375000, 36.812500, -6.000000
1498, 2.950000, -10.740000, -25.980000, 1.594444, -5.716667, 0.601111, 6.300000, 0.900000, 7.450000, 243.875000, 39.937500, -6.875000, 5.820000, 10.110000, -12.010000, 1.896667, -2.185555, -1.747778, 1.360000, -8.480000, 4.720000, 243.875000, 39.937500, -6.875000
1518, 2.163125, 0.090000, -23.860001, 1.125556, -1.842222, -0.590000, 6.680000, 1.130000, 7.080000, 243.937500, 42.937500, -9.000000, 5.400000, 13.140000, -12.350000, 1.621111, -0.911111, 0.094444, 1.540000, -8.320000, 4.950000, 244.125000, 42.812500, -9.625000
1538, -0.260000, 4.610000, -24.180000, -0.198889, 2.181111, -0.291111, 6.510000, 1.200000, 7.220000, 244.250000, 41.625000, -9.437500, 0.130000, 15.890000, -9.180000, 0.498889, 0.606667, 1.937778, 1.280000, -8.280000, 5.090000, 244.187500, 39.500000, -8.625000
1559, -4.560000, 7.540000, -25.540001, -1.676667, 5.712222, 0.795556, 5.830000, 0.970000, 7.810000, 243.875000, 36.500000, -7.062500, -1.240000, 12.110000, -8.260000, -1.442222, 2.174444, 3.596667, 0.590000, -8.420000, 4.970000, 243.875000, 36.500000, -7.062500
1577, -10.200000, 0.220000, -20.150000, -3.466667, 10.086667, 1.502222, 4.420000, 0.330000, 8.740000, 242.937500, 26.812500, -2.187500, -6.110000, 9.590000, -1.390000, -3.394444, 2.561111, 4.426667, -0.320000, -8.700000, 4.500000, 242.562500, 20.562500, 0.187500
1598, -17.230000, -8.540000, 6.260000, -4.088889, 11.870000, 1.415556, 2.390000, -0.430000, 9.490000, 242.187500, 14.125000, 2.625000, -5.510000, -0.970000, -1.090000, -4.622222, 1.567778, 5.285555, -1.320000, -8.960000, 3.730000, 242.187500, 14.125000, 2.625000
1618, -19.160000, -12.330000, 29.400000, -1.976667, 6.232222, 0.722222, 0.850000, -0.980000, 9.710000, 241.750000, 5.000000, 5.750000, -4.990000, -14.350000, 0.500000, -3.670000, 1.016667, 5.597778, -2.350000, -9.020000, 3.010000, 241.437500, 4.562500, 6.000000
1639, -7.360000, -9.500000, 17.670000, 0.303333, -3.247778, 1.016667, 1.070000, -1.010000, 9.690000, 240.750000, 6.250000, 5.937500, -5.850000, -25.250000, 3.850000, -1.790000, 0.940000, 2.644444, -3.030000, -8.960000, 2.560000, 240.187500, 8.562500, 5.687500
1657, -4.210000, -15.500000, 10.150000, 0.847778, -3.973333, -0.245556, 1.830000, -0.880000, 9.590000, 240.187500, 10.750000, 5.250000, -2.580000, -15.030000, -2.110000, 0.641111, -0.788889, -2.083333, -2.850000, -9.010000, 2.590000, 240.187500, 10.750000, 5.250000
1678, -2.900000, -9.660000, 2.080000, 1.432222, -4.180000, -2.264444, 2.590000, -0.560000, 9.440000, 241.875000, 15.312500, 3.375000, -1.430000, -7.680000, -8.880000, 1.421111, -0.973333, -4.307778, -2.120000, -9.130000, 2.860000, 243.187500, 17.500000, 2.187500
1698, -0.550000, -1.220000, -6.140000, 1.336667, -3.114444, -2.883333, 3.230000, -0.150000, 9.250000, 244.625000, 19.250000, 0.937500, -2.510000, -2.410000, -6.900000, 1.951111, 0.190000, -4.873333, -1.280000, -9.180000, 3.190000, 244.625000, 19.250000, 0.937500
1719, 1.650000, 2.460000, -11.690000, 0.738889, -1.575556, -2.841111, 3.570000, 0.180000, 9.120000, 247.562500, 21.375000, -1.125000, -2.250000, 9.950000, -3.960000, 2.424444, 1.054444, -4.336667, -0.540000, -9.110000, 3.580000, 248.937500, 21.625000, -1.937500
1739, 4.320000, 7.240000, -22.719999, 0.276667, 1.185556, -2.375556, 3.500000, 0.420000, 9.140000, 250.187500, 20.937500, -2.625000, -2.510000, 17.980000, -0.810000, 2.015556, 1.705556, -2.018889, -0.180000, -8.970000, 3.950000, 251.250000, 19.062500, -2.875000
1758, 0.990000, 4.390000, -15.720000, -0.754444, 5.216667, -1.575556, 2.740000, 0.440000, 9.400000, 252.125000, 16.187500, -2.687500, -1.380000, 10.130000, 1.260000, 0.033712, 1.843333, 1.440000, -0.430000, -8.920000, 4.040000, 252.125000, 16.187500, -2.687500
1778, -8.160000, -3.800000, 9.130000, -1.420000, 7.560000, -1.098889, 1.440000, 0.260000, 9.690000, 253.437500, 8.437500, -1.500000, 0.320000, -0.720000, -1.280000, -1.058889, 1.251111, 3.038889, -1.010000, -8.950000, 3.870000, 254.000000, 4.937500, -0.812500
1799, -15.790000, -5.430000, 29.340000, -0.336667, 1.857778, -1.056667, 0.670000, 0.110000, 9.780000, 254.562500, 3.875000, -0.625000, 0.870000, -11.960000, -0.230000, -0.875556, 1.345556, 2.928889, -1.620000, -8.940000, 3.670000, 254.562500, 3.875000, -0.625000
1819, -8.080000, -10.960000, 9.190000, 1.295556, -7.715556, -0.693333, 1.740000, 0.320000, 9.640000, 255.437500, 10.187500, -1.875000, -3.500000, -23.900000, 1.950000, -0.352222, 1.388889, 0.010000, -1.880000, -8.950000, 3.530000, 255.937500, 14.625000, -2.937500
1837, -2.500000, -11.160000, -4.680000, 1.701111, -7.036667, -1.805556, 3.100000, 0.690000, 9.270000, 256.937500, 18.437500, -4.250000, -3.460000, -14.230000, -2.840000, 1.533333, 0.117778, -4.323333, -1.350000, -8.980000, 3.690000, 258.250000, 21.375000, -5.750000
1858, 0.790000, -4.290000, -7.380000, 1.630000, -4.844444, -2.852222, 3.960000, 1.150000, 8.890000, 259.812500, 23.812500, -7.375000, -0.710000, 3.460000, -7.070000, 2.761111, 0.033712, -5.823333, -0.380000, -8.890000, 4.120000, 259.812500, 23.812500, -7.375000
1878, 3.550000, -2.990000, -17.930000, 1.786667, -3.450000, -3.624444, 4.510000, 1.710000, 8.530000, 263.312500, 27.375000, -11.312500, 0.440000, 12.140000, -5.950000, 3.074445, 1.030000, -4.125556, 0.330000, -8.630000, 4.620000, 265.375000, 28.000000, -13.312500
1899, 1.730000, 9.000000, -18.660000, 0.367778, -0.067778, -3.494444, 4.540000, 2.180000, 8.410000, 267.187500, 27.562500, -14.500000, 0.110000, 17.170000, -0.960000, 2.045556, 2.136667, -1.252222, 0.480000, -8.390000, 5.040000, 267.187500, 27.562500, -14.500000
1917, -5.400000, 9.980000, -3.740000, -1.458889, 3.017778, -2.661111, 4.040000, 2.240000, 8.640000, 270.312500, 24.312500, -14.562500, -2.590000, 10.200000, 3.320000, 0.226667, 3.030000, 0.985556, 0.140000, -8.330000, 5.170000, 271.437500, 22.250000, -13.750000
1938, -6.420000, 13.150000, -0.710000, -1.947778, 2.565556, -1.623333, 3.460000, 2.050000, 8.940000, 272.375000, 20.687500, -12.937500, -5.410000, 8.030000, 5.030000, -1.358889, 2.848889, 1.620000, -0.400000, -8.420000, 4.990000, 272.937500, 19.437500, -11.875000
1958, -8.910000, 10.390000, 9.140000, -2.298889, 2.184444, 0.088889, 3.080000, 1.700000, 9.150000, 273.000000, 18.312500, -10.562500, -8.060000, 1.270000, 10.670000, -2.528889, 1.997778, 1.651111, -0.860000, -8.600000, 4.610000, 273.000000, 18.312500, -10.562500
1979, -5.810000, 8.290000, 1.760000, -2.135556, 0.574444, 1.351111, 2.930000, 1.250000, 9.270000, 272.062500, 17.375000, -7.687500, -7.030000, -0.890000, 9.090000, -2.561111, 0.505556, 1.095556, -1.150000, -8.800000, 4.150000, 271.312500, 17.187500, -6.312500
1997, -5.400000, 9.920000, 4.350000, -1.552222, 0.574444, 1.928889, 2.870000, 0.840000, 9.330000, 270.375000, 17.000000, -5.125000, -6.300000, 2.380000, 7.900000, -1.974444, -0.680000, 0.321111, -1.210000, -8.950000, 3.800000, 270.375000, 17.000000, -5.125000
2018, -4.600000, 13.530000, 0.080000, -0.955556, -0.045556, 3.205555, 2.890000, 0.500000, 9.350000, 267.500000, 17.125000, -3.062500, -6.020000, 5.200000, 7.840000, -2.041111, -1.915556, 0.290000, -1.140000, -9.080000, 3.500000, 265.375000, 17.250000, -1.812500
2038, -4.540000, 10.340000, -2.250000, -1.217778, -0.066667, 4.884444, 2.920000, 0.050000, 9.350000, 262.812500, 17.375000, -0.312500, -3.540000, 5.480000, 4.910000, -2.493333, -3.093333, 0.776667, -1.070000, -9.220000, 3.140000, 259.875000, 17.375000, 1.312500
2059, -5.790000, 4.500000, 3.840000, -1.117778, -0.664444, 6.061111, 2.960000, -0.490000, 9.330000, 256.625000, 17.562500, 3.000000, -2.240000, 2.860000, 2.190000, -2.695555, -3.868889, 1.318889, -1.070000, -9.340000, 2.750000, 253.187500, 18.062500, 4.437500
2079, -2.690000, -3.080000, -1.560000, -0.334444, -1.495556, 6.842222, 3.120000, -0.950000, 9.240000, 249.437500, 18.562500, 5.875000, -0.290000, 0.020000, -0.570000, -2.810000, -4.557778, 1.717778, -1.160000, -9.450000, 2.340000, 245.687500, 18.875000, 7.437500
2098, 1.800000, -20.160000, -6.550000, -0.465556, -1.281111, 6.056667, 3.210000, -1.430000, 9.150000, 242.375000, 19.125000, 8.875000, 5.050000, -4.070000, -9.790000, -1.693333, -4.602222, 1.855556, -1.290000, -9.490000, 2.080000, 242.375000, 19.125000, 8.875000
2118, 5.800000, -18.459999, -17.059999, 1.155556, -0.114444, 2.325556, 3.200000, -1.510000, 9.140000, 238.625000, 19.062500, 9.375000, 6.740000, -0.310000, -17.719999, 0.484444, -2.832222, 1.980000, -1.510000, -9.440000, 2.150000, 238.125000, 18.250000, 8.500000
2139, 5.140000, -5.130000, -29.709999, 1.532222, 4.534444, -0.210000, 2.670000, -1.240000, 9.350000, 238.312500, 15.812500, 7.500000, 4.060000, 7.800000, -13.140000, 1.468889, 1.228889, 2.650000, -1.940000, -9.300000, 2.390000, 238.750000, 12.000000, 6.937500
2159, -2.810000, -7.110000, -33.779999, -0.148889, 10.037778, -0.383333, 1.120000, -1.170000, 9.670000, 239.250000, 6.562500, 6.875000, -1.200000, 6.650000, -7.640000, -0.582222, 2.765556, 4.315556, -2.740000, -9.130000, 2.280000, 240.125000, -0.687500, 7.375000
2177, -16.870001, -9.800000, -12.920000, -1.746667, 16.042223, -1.042222, -1.580000, -1.430000, 9.570000, 241.250000, -9.250000, 8.500000, -4.510000, -2.200000, -3.570000, -2.072222, 2.680000, 5.768889, -3.780000, -8.672500, 1.790000, 242.500000, -17.750000, 10.187500
2198, -23.049999, -7.960000, 19.930000, -1.756667, 14.027778, -1.514444, -4.160000, -1.850000, 8.680000, 243.875000, -25.062500, 12.062500, -4.320000, -12.420000, -3.280000, -1.725556, 2.270000, 5.646667, -4.810000, -8.440000, 1.290000, 243.875000, -25.062500, 12.062500
2218, -25.530001, -4.460000, 31.389999, -0.935556, 8.028889, -1.175556, -5.630000, -2.140000, 7.730000, 246.187500, -35.062500, 15.500000, -5.570000, -18.040001, 1.310000, -1.542222, 1.971111, 3.360000, -5.480000, -8.080000, 0.850000, 246.687500, -35.937500, 16.250000
2239, -20.709999, -1.740000, 31.260000, 0.122222, -4.534444, -0.113333, -5.420000, -2.220000, 7.860000, 246.437500, -33.562500, 15.750000, -7.430000, -20.600000, 4.580000, -0.724444, 1.187778, -0.125556, -5.620000, -8.010000, 0.550000, 245.625000, -29.125000, 14.875000
2257, -18.370001, -11.620000, 16.080000, 0.297778, -10.960000, 0.616667, -3.900000, -2.150000, 8.730000, 244.625000, -23.437500, 13.812500, -7.240000, -14.420000, 2.870000, 0.834444, -0.491111, -3.428889, -5.210000, -8.280000, 0.610000, 243.687500, -16.812500, 12.687500
2278, -17.809999, -14.680000, 3.060000, 1.543333, -13.826667, -0.101111, -1.610000, -1.920000, 9.470000, 243.062500, -9.500000, 11.500000, -3.920000, -6.820000, -5.130000, 1.765556, -2.232222, -5.333333, -4.380000, -8.700000, 1.050000, 242.875000, -1.875000, 10.187500
2298, -5.260000, -12.210000, -19.129999, 2.436667, -12.765555, -1.713333, 0.860000, -1.510000, 9.650000, 243.187500, 5.062500, 8.875000, -3.600000, -5.330000, -7.960000, 2.174444, -2.066667, -5.994444, -3.330000, -9.080000, 1.560000, 243.187500, 5.062500, 8.875000
2319, -0.950000, -8.570000, -18.570000, 2.041111, -8.178889, -3.278889, 2.630000, -1.000000, 9.390000, 245.500000, 15.562500, 6.125000, -0.310000, 2.850000, -9.190000, 3.382222, -0.845556, -6.010000, -2.230000, -9.300000, 2.160000, 247.250000, 19.125000, 4.625000
2339, 0.480000, -7.680000, -16.889999, 1.535556, -4.698889, -4.270000, 3.650000, -0.480000, 9.080000, 249.375000, 21.875000, 3.000000, 2.310000, 6.370000, -10.450000, 4.061111, 0.396667, -4.773334, -1.320000, -9.280000, 2.860000, 251.750000, 23.687500, 1.125000
2358, 0.090000, -6.080000, -19.920000, 1.551111, -1.723333, -5.493333, 4.090000, 0.160000, 8.910000, 254.562500, 24.625000, -1.000000, 2.280000, 10.520000, -9.630000, 4.385556, 1.835556, -3.101111, -0.800000, -9.090000, 3.580000, 257.687500, 24.562500, -3.375000
2378, 0.340000, 9.470000, -29.240000, 0.806667, 2.166667, -6.112222, 3.860000, 0.820000, 8.970000, 260.875000, 23.187500, -5.250000, 1.830000, 20.889999, -8.280000, 4.133333, 3.543333, -1.731111, -0.680000, -8.800000, 4.260000, 263.875000, 20.312500, -6.125000
2399, -1.560000, 6.640000, -32.279999, -1.585556, 7.408889, -5.385556, 2.700000, 1.000000, 9.370000, 266.750000, 16.000000, -6.062500, -0.840000, 21.650000, -6.330000, 1.452222, 5.506667, 0.324444, -1.060000, -8.610000, 4.550000, 266.750000, 16.000000, -6.062500
2419, -17.639999, 8.550000, -22.840000, -3.498889, 14.182222, -4.621111, 0.340000, 0.590000, 9.780000, 271.750000, 1.937500, -3.437500, -9.030000, 11.250000, 4.400000, -1.946667, 6.366667, 2.764444, -1.950000, -8.640000, 4.200000, 273.625000, -6.875000, -1.312500
2438, -26.670000, 13.190000, 1.670000, -3.495556, 16.526667, -2.922222, -2.680000, -0.140000, 9.420000, 275.000000, -15.875000, 0.812500, -12.370000, 4.220000, 11.500000, -4.313334, 4.531111, 3.953333, -2.940000, -8.740000, 3.320000, 275.750000, -24.000000, 3.000000
2458, -26.620001, 18.129999, 30.690001, -3.642222, 11.640000, -0.166667, -4.950000, -0.780000, 8.420000, 275.625000, -30.312500, 5.250000, -13.910000, -7.160000, 21.230000, -5.217778, 2.001111, 3.010000, -3.650000, -8.800000, 2.290000, 274.437500, -33.250000, 7.000000
2479, -22.389999, 13.620000, 30.750000, -2.046667, -2.462222, 2.397778, -5.210000, -1.040000, 8.240000, 272.750000, -32.062500, 7.187500, -11.480000, -2.980000, 19.959999, -2.556667, -1.252222, 1.097778, -3.900000, -8.632500, 1.770000, 270.125000, -28.500000, 7.000000
2499, -16.230000, 14.560000, 7.740000, -3.548889, -8.432222, 5.226666, -4.040000, -1.130000, 8.672500, 266.562500, -24.312500, 7.250000, -6.740000, 0.650000, 7.320000, -1.737778, -4.482222, -0.061111, -3.810000, -8.672500, 1.750000, 262.437500, -19.437500, 7.687500
2517, -14.880000, -0.670000, 1.550000, -3.602222, -11.153334, 7.108889, -2.370000, -1.370000, 9.410000, 257.875000, -14.000000, 8.250000, 0.570000, 0.860000, -3.140000, -2.495556, -6.278889, -0.791111, -3.490000, -8.980000, 1.780000, 253.062500, -8.375000, 9.125000
2538, -5.040000, -24.879999, -14.110000, -2.730000, -10.833333, 6.808889, -0.550000, -1.730000, 9.630000, 248.812500, -3.187500, 10.125000, 1.250000, -9.210000, -4.490000, -2.291111, -4.938889, -0.121111, -3.250000, -9.090000, 1.700000, 245.750000, 0.937500, 10.625000
2558, 6.310000, -19.740000, -17.719999, 0.726667, -5.863333, 2.645555, 0.660000, -1.750000, 9.620000, 244.000000, 3.812500, 10.312500, 2.270000, -8.720000, -11.620000, -0.574444, -3.985556, -1.020000, -3.010000, -9.160000, 1.760000, 243.187500, 5.500000, 9.625000
2579, 4.250000, -14.860000, -6.980000, 1.316667, -1.752222, 0.271111, 1.090000, -1.510000, 9.620000, 242.937500, 6.375000, 8.937500, 5.710000, -1.160000, -16.469999, 1.580000, -2.926667, -1.905556, -2.570000, -9.220000, 2.130000, 243.000000, 7.000000, 8.312500
2597, 4.150000, -21.330000, -5.920000, 0.680000, -0.461111, -0.852222, 1.250000, -1.340000, 9.630000, 243.375000, 7.312500, 7.937500, 8.560000, -5.330000, -19.459999, 1.303333, -1.207778, -0.814444, -2.290000, -9.200000, 2.470000, 244.437500, 7.375000, 7.562500
2618, 1.780000, -21.629999, -1.830000, 0.508889, 0.422222, -2.975556, 1.250000, -1.190000, 9.650000, 246.000000, 7.312500, 7.062500, 5.840000, -7.600000, -17.750000, 1.254444, 1.254444, -0.464444, -2.250000, -9.170000, 2.640000, 248.187500, 7.375000, 6.250000
2638, -3.060000, -8.320000, -3.480000, 1.412222, 0.244444, -4.637778, 1.280000, -0.880000, 9.680000, 250.625000, 7.500000, 5.187500, -1.120000, -0.140000, -8.662500, 2.143333, 3.223333, -0.815556, -2.260000, -9.100000, 2.860000, 253.312500, 7.500000, 3.875000
2659, -6.710000, 6.270000, -5.330000, 1.658889, 1.012222, -4.840000, 1.210000, -0.450000, 9.710000, 255.875000, 7.125000, 2.625000, -10.720000, 12.160000, 3.750000, 2.422222, 3.784444, -0.934444, -2.320000, -9.000000, 3.110000, 258.125000, 6.312500, 1.562500
2679, -10.460000, 29.639999, -3.070000, 0.825556, 1.936667, -2.880000, 0.910000, -0.170000, 9.760000, 259.687500, 5.312500, 1.000000, -14.370000, 18.350000, 16.430000, 1.093333, 3.801111, -0.795556, -2.400000, -8.940000, 3.210000, 260.375000, 4.125000, 1.125000
2698, -8.580000, 27.160000, -4.250000, -1.537778, 2.441111, 0.253333, 0.480000, -0.330000, 9.780000, 260.312500, 2.812500, 1.937500, -10.760000, 8.642500, 19.129999, -1.963333, 1.987778, 0.528889, -2.580000, -9.000000, 2.870000, 259.625000, 1.437500, 3.062500
2718, -5.700000, 17.459999, 2.530000, -2.080000, 1.942222, 2.305556, 0.050000, -0.730000, 9.770000, 258.375000, 0.312500, 4.250000, -5.040000, 7.490000, 11.300000, -2.464444, -0.920000, 0.831111, -2.710000, -9.090000, 2.470000, 256.625000, -0.437500, 5.187500
2739, -2.550000, 11.660000, -2.540000, -1.381111, 0.848889, 4.235556, -0.200000, -1.010000, 9.750000, 254.312500, -1.125000, 5.937500, -1.650000, 4.400000, 5.040000, -2.465556, -2.448889, 1.390000, -2.830000, -9.130000, 2.150000, 251.687500, -1.937500, 6.562500
2759, 3.150000, -22.889999, -1.790000, -1.577778, 1.284444, 4.784444, -0.510000, -1.250000, 9.710000, 249.062500, -2.937500, 7.312500, 1.550000, 1.780000, 0.520000, -1.962222, -3.635556, 2.162014, -3.040000, -9.110000, 1.960000, 247.375000, -3.875000, 7.812500
2778, 3.880000, -26.049999, 5.910000, 0.005556, 1.185556, 1.134444, -0.790000, -1.320000, 9.680000, 246.812500, -4.625000, 7.750000, 9.600000, -17.750000, -19.790001, -0.096667, -2.696667, 2.184444, -3.340000, -8.990000, 2.040000, 247.062500, -5.062500, 7.375000
2798, 2.810000, -26.879999, 7.550000, 1.338889, 0.411111, -1.474444, -0.890000, -1.140000, 9.690000, 247.875000, -5.187500, 6.687500, 7.790000, -14.500000, -18.129999, 1.466667, -0.487778, 0.557778, -3.450000, -8.880000, 2.310000, 249.375000, -5.000000, 5.750000
2818, -0.760000, -16.000000, 5.710000, 2.678889, -0.401111, -3.623333, -0.790000, -0.760000, 9.740000, 251.375000, -4.625000, 4.437500, 3.210000, -11.360000, -12.850000, 2.183333, 1.268889, -0.491111, -3.450000, -8.800000, 2.590000, 253.750000, -4.062500, 3.000000
2839, -3.580000, -6.930000, 0.910000, 3.045556, -0.937778, -4.461111, -0.590000, -0.260000, 9.780000, 256.187500, -3.500000, 1.500000, -3.710000, -2.960000, -5.120000, 2.802222, 2.326667, -1.602222, -3.350000, -8.740000, 2.900000, 258.750000, -3.000000, 0.062500
2857, -9.270000, 11.250000, -2.560000, 2.913333, -0.501111, -4.457778, -0.470000, 0.230000, 9.790000, 261.187500, -2.750000, -1.375000, -6.500000, 1.290000, -2.620000, 2.837778, 2.675555, -2.627778, -3.100000, -8.720000, 3.210000, 263.312500, -2.687500, -2.812500
2878, -9.910000, 24.950001, -3.780000, 2.081111, 0.033712, -2.550000, -0.480000, 0.660000, 9.770000, 264.750000, -2.812500, -3.875000, -13.620000, 17.230000, 17.580000, 1.794444, 3.197778, -2.511111, -2.850000, -8.730000, 3.410000, 265.375000, -2.875000, -4.375000
2898, -7.040000, 29.110001, -7.570000, -0.133333, -0.256667, 0.147778, -0.460000, 0.730000, 9.760000, 265.312500, -2.687500, -4.312500, -13.270000, 17.770000, 19.950001, -0.345556, 1.452222, -1.102222, -2.740000, -8.800000, 3.320000, 264.437500, -2.500000, -3.687500
2919, -4.850000, 25.570000, -9.560000, -1.961111, -0.066667, 2.877778, -0.410000, 0.460000, 9.780000, 262.875000, -2.375000, -2.687500, -6.490000, 14.450000, 13.040000, -1.585556, -1.288889, 0.394444, -2.710000, -8.880000, 3.130000, 260.625000, -2.437500, -1.500000
2937, -3.960000, 15.750000, -9.580000, -2.298889, 0.532222, 5.012222, -0.460000, 0.070000, 9.790000, 257.875000, -2.687500, -0.375000, -4.670000, 10.960000, 8.420000, -2.477778, -3.163333, 1.602222, -2.770000, -8.940000, 2.890000, 254.687500, -3.125000, 0.562500
2958, -4.720000, 10.240000, -7.480000, -2.037778, 0.976667, 6.527778, -0.630000, -0.250000, 9.780000, 251.125000, -3.687500, 1.437500, -4.160000, 10.440000, 4.910000, -2.741111, -4.433333, 2.442222, -2.940000, -8.960000, 2.650000, 247.250000, -4.312500, 2.187500
2978, -5.360000, 2.760000, -8.330000, -1.550000, 1.012222, 7.594444, -0.870000, -0.460000, 9.750000, 243.062500, -5.062500, 2.687500, -6.310000, 5.540000, -5.130000, -3.288889, -5.787778, 3.805556, -3.260000, -8.910000, 2.440000, 238.625000, -6.125000, 3.062500
2999, -3.710000, -13.020000, -5.200000, -2.163333, 2.255556, 8.323334, -1.300000, -0.630000, 9.690000, 234.062500, -7.625000, 3.687500, -3.300000, 1.750000, -8.652500, -3.752222, -6.500000, 5.507778, -3.820000, -8.740000, 2.250000, 230.250000, -9.250000, 4.625000
3019, -1.580000, -38.349998, 7.460000, -1.204444, 2.232222, 3.425555, -1.810000, -0.830000, 9.600000, 228.375000, -10.625000, 4.937500, 4.410000, -30.740000, -28.080000, -2.074445, -4.360000, 6.186666, -4.620000, -8.350000, 2.220000, 228.625000, -11.562500, 4.500000
3038, -5.610000, -30.049999, 15.080000, 1.785556, 0.754444, -2.292222, -2.020000, -0.640000, 9.570000, 230.000000, -11.875000, 3.812500, 1.550000, -23.570000, -28.889999, 0.802222, -1.412222, 1.691111, -5.010000, -8.060000, 2.430000, 231.750000, -11.687500, 3.125000
3058, -3.690000, -33.880001, 8.550000, 1.917778, -0.634444, -3.924444, -1.910000, -0.420000, 9.600000, 234.000000, -11.250000, 2.500000, 0.530000, -15.770000, -23.360001, 2.158680, 2.106667, -1.236667, -4.940000, -8.050000, 2.610000, 237.000000, -10.687500, 1.812500
3079, -8.020000, -31.559999, 5.560000, 2.991111, -1.125556, -6.828889, -1.700000, -0.140000, 9.650000, 240.812500, -10.000000, 0.812500, -2.840000, -18.219999, -18.350000, 3.674444, 3.932222, -2.368889, -4.820000, -8.070000, 2.770000, 245.562500, -9.187500, -0.375000
3099, -12.410000, -19.150000, -1.100000, 4.512222, -1.408889, -9.463333, -1.460000, 0.350000, 9.690000, 250.875000, -8.562500, -2.062500, -5.720000, -10.420000, -16.820000, 5.470000, 4.952222, -4.448889, -4.470000, -8.140000, 3.120000, 256.562500, -8.250000, -4.000000
3117, -16.200001, 1.920000, -7.140000, 5.625556, -0.703288, -10.011111, -1.430000, 1.060000, 9.640000, 262.250000, -8.375000, -6.250000, -13.440000, 8.790000, -3.350000, 6.430000, 5.914444, -5.101111, -4.060000, -8.140000, 3.630000, 267.687500, -8.750000, -8.750000
3138, -17.250000, 18.290001, -9.790000, 5.948889, -0.378889, -8.627778, -1.600000, 1.890000, 9.480000, 272.687500, -9.375000, -11.250000, -15.740000, 15.860000, 6.750000, 5.903333, 5.871111, -4.707778, -3.750000, -8.050000, 4.140000, 276.812500, -10.062500, -13.562500
3158, -20.590000, 36.590000, 1.030000, 4.490000, -0.448889, -5.041111, -1.790000, 2.580000, 9.280000, 279.812500, -10.562500, -15.500000, -16.910000, 18.299999, 12.000000, 2.915555, 4.411111, -4.028889, -3.510000, -8.030000, 4.390000, 281.312500, -10.125000, -16.937500
3179, -21.230000, 36.209999, 9.150000, 1.390000, -3.244444, 0.724444, -1.420000, 2.940000, 9.240000, 281.250000, -8.312500, -17.687500, -17.180000, 16.360001, 31.070000, -1.150000, 3.006667, -2.701111, -3.290000, -8.250000, 4.130000, 280.000000, -5.187500, -17.812500
3197, -13.980000, 19.850000, -4.490000, -0.401111, -6.434444, 4.480000, -0.190000, 2.980000, 9.340000, 278.125000, -1.062500, -17.687500, -17.379999, 3.260000, 30.990000, -1.227778, -0.107778, -1.227778, -3.130000, -8.450000, 3.850000, 275.875000, 3.187500, -17.375000
3218, -8.400000, 12.830000, -12.620000, -0.251111, -5.830000, 5.681111, 1.210000, 2.860000, 9.300000, 273.250000, 7.125000, -17.062500, -12.520000, 6.700000, 20.330000, 1.733333, -4.328889, -1.496667, -2.640000, -8.450000, 4.200000, 270.375000, 10.687500, -16.812500
3238, -4.540000, 10.170000, -15.220000, 0.742222, -4.420000, 6.262222, 2.370000, 2.730000, 9.110000, 267.312500, 13.937500, -16.687500, -2.320000, 10.530000, -4.240000, 1.314444, -6.507778, -0.901111, -1.950000, -8.360000, 4.730000, 263.812500, 16.875000, -16.250000
3259, -2.550000, 9.080000, -20.860001, 0.315556, -2.281111, 7.611111, 3.220000, 2.440000, 8.930000, 259.812500, 19.187500, -15.250000, -0.620000, 11.600000, -8.070000, 0.334444, -7.003334, -0.757778, -1.200000, -8.390000, 4.920000, 255.250000, 20.625000, -13.437500
3277, 1.250000, -11.210000, -24.840000, -1.312222, 0.972222, 8.634722, 3.540000, 1.730000, 8.970000, 250.562500, 21.125000, -10.875000, 5.130000, 16.809999, -15.350000, -2.326667, -6.763333, 1.231111, -0.660000, -8.560000, 4.720000, 246.375000, 20.375000, -7.875000
3298, 8.900000, -38.810001, -39.770000, -2.856667, 5.424443, 5.344444, 3.000000, 0.840000, 9.290000, 243.562500, 17.812500, -5.187500, 11.800000, 12.910000, -24.530001, -2.354445, -2.967778, 4.727778, -0.920000, -8.730000, 4.350000, 242.562500, 13.000000, -3.812500
3318, -4.740000, -18.709999, -27.100000, -0.187778, 12.158889, -0.805556, 1.090000, 0.630000, 9.720000, 242.812500, 6.375000, -3.687500, 6.220000, -4.960000, -26.760000, -1.333333, 3.131111, 7.848889, -2.280000, -8.610000, 4.080000, 243.437500, -1.687500, -3.812500
3339, -15.040000, -10.150000, -19.580000, -0.447778, 16.341110, -1.911111, -1.810000, 0.600000, 9.610000, 244.187500, -10.625000, -3.562500, -4.700000, -2.750000, -8.610000, -0.548889, 4.043334, 6.637778, -3.700000, -8.290000, 3.690000, 244.937500, -19.562500, -2.875000
3359, -27.629999, -2.000000, 7.280000, -1.321111, 15.223333, -1.614444, -4.590000, 0.290000, 8.660000, 245.437500, -27.875000, -1.937500, -9.830000, 8.150000, -3.630000, -0.655556, 3.018889, 6.984445, -5.020000, -7.740000, 3.310000, 245.750000, -34.562500, -0.750000
3378, -32.840000, 0.650000, 31.700001, -1.668889, 10.071111, -0.522222, -6.410000, -0.040000, 7.410000, 245.687500, -40.812500, 0.250000, -10.370000, -18.490000, -1.200000, -3.876667, 1.798889, 7.602222, -6.250000, -7.070000, 2.640000, 245.375000, -42.437500, 0.812500
3398, -27.520000, -3.860000, 31.620001, -0.626667, -4.376300, 1.078889, -6.310000, -0.080000, 7.500000, 244.625000, -40.062500, 0.562500, -10.040000, -32.250000, 7.860000, -3.013333, 2.814445, 2.297778, -6.860000, -6.750000, 1.840000, 244.000000, -34.625000, 0.250000
3419, -16.900000, -16.990000, 13.570000, 1.057778, -9.806666, 0.342222, -4.910000, 0.060000, 8.480000, 243.937500, -30.062500, -0.375000, -13.570000, -27.059999, 11.860000, 1.203333, 0.316667, -4.414444, -6.540000, -7.100000, 1.710000, 244.687500, -24.500000, -1.625000
3439, -17.100000, -7.800000, 9.530000, 3.536667, -11.270000, -1.160000, -3.100000, 0.520000, 9.280000, 245.812500, -18.437500, -3.187500, -9.710000, -11.240000, 1.540000, 2.562222, -2.350000, -7.565556, -5.460000, -7.820000, 2.260000, 246.875000, -12.062500, -4.750000
3457, -4.430000, -1.280000, -16.799999, 2.441111, -10.995556, -0.914444, -1.050000, 1.000000, 9.690000, 247.750000, -6.187500, -5.875000, -4.550000, -2.550000, -8.620000, 3.022222, -2.567778, -7.876300, -4.120000, -8.380000, 2.960000, 248.500000, -1.187500, -6.562500
3478, 3.550000, -9.050000, -23.760000, 0.638889, -7.546667, -1.024444, 0.480000, 1.180000, 9.720000, 249.250000, 2.812500, -6.875000, -2.420000, 4.630000, -10.580000, 3.822222, -1.207778, -7.245555, -2.800000, -8.650000, 3.650000, 250.562500, 5.312500, -7.375000
3498, 17.850000, -5.540000, -48.990002, 0.753333, -0.090000, -3.426667, 0.870000, 1.360000, 9.670000, 252.375000, 5.125000, -8.000000, 6.130000, 18.500000, -18.010000, 4.497778, 2.014444, -4.488889, -2.010000, -8.560000, 4.320000, 254.625000, 1.687500, -8.187500
3519, 3.490000, -3.410000, -40.650002, -0.324444, 10.065556, -5.046667, -0.690000, 1.350000, 9.680000, 256.937500, -4.000000, -7.937500, 6.440000, 31.180000, -13.710000, 2.915555, 4.428889, 0.402222, -2.220000, -8.290000, 4.740000, 259.250000, -11.375000, -7.187500
3537, -12.600000, 1.180000, -7.250000, -2.476667, 14.122222, -4.834445, -3.240000, 0.860000, 9.210000, 261.312500, -19.312500, -5.312500, -0.430000, 23.549999, -5.510000, -1.914444, 6.172222, 4.423333, -3.280000, -8.160000, 4.310000, 263.187500, -26.437500, -2.750000
3558, -18.420000, 3.460000, 7.970000, -2.583333, 10.776667, -4.327778, -5.250000, 0.020000, 8.270000, 265.062500, -32.375000, -0.125000, -8.682500, 6.370000, 0.230000, -3.315556, 5.666667, 5.620000, -3.930000, -8.100000, 3.860000, 266.562500, -37.437500, 2.312500
3578, -20.700001, 16.250000, 16.059999, -2.453333, 8.344444, -1.561111, -6.550000, -0.580000, 7.270000, 267.062500, -41.937500, 4.562500, -13.780000, -8.570000, 8.660000, -6.176667, 3.671111, 5.292222, -5.630000, -7.720000, 2.160000, 266.687500, -45.375000, 6.437500
3599, -25.350000, 10.380000, 32.470001, -2.120000, 2.562222, 0.725556, -7.150000, -0.860000, 6.640000, 265.875000, -46.812500, 7.375000, -15.580000, -22.680000, 23.120001, -6.080000, 2.865556, 3.370000, -6.020000, -7.640000, 1.180000, 264.687500, -45.812500, 6.875000
3619, -21.040001, 9.740000, 23.400000, -0.347778, -5.441111, 2.478889, -6.690000, -0.680000, 7.130000, 263.125000, -43.000000, 5.437500, -14.660000, -16.889999, 23.480000, -0.216667, -1.838889, -1.946667, -5.800000, -7.820000, 1.130000, 261.187500, -39.125000, 3.687500
3638, -17.340000, 9.000000, 11.380000, -0.078889, -8.432222, 4.057778, -5.580000, -0.270000, 8.050000, 258.875000, -34.687500, 1.875000, -12.350000, -5.630000, 12.500000, 1.275556, -4.747778, -3.684444, -5.190000, -8.130000, 1.720000, 256.312500, -29.812500, 0.375000
3658, -9.050000, 6.700000, -4.110000, -0.401111, -9.341111, 4.837778, -4.100000, 0.110000, 8.900000, 253.625000, -24.750000, -0.687500, -7.110000, 6.150000, 3.980000, 1.390000, -5.602222, -3.912222, -4.360000, -8.420000, 2.460000, 250.812500, -19.750000, -1.437500
3679, -0.210000, 6.510000, -18.950001, -0.861111, -8.162222, 5.335556, -2.570000, 0.310000, 9.450000, 247.937500, -15.187500, -1.875000, -2.720000, 10.240000, -1.210000, 0.367778, -6.331111, -2.387778, -3.580000, -8.600000, 3.040000, 244.812500, -11.562500, -1.937500
3699, 1.820000, 0.960000, -20.280001, -1.390000, -4.441111, 6.043334, -1.540000, 0.300000, 9.670000, 241.500000, -9.062500, -1.750000, -0.520000, 8.300000, -5.900000, -0.365556, -6.187778, -1.497778, -3.020000, -8.720000, 3.300000, 238.062500, -7.500000, -1.562500
3718, 2.260000, -7.430000, -15.210000, -1.200000, -1.058889, 6.484445, -1.170000, 0.230000, 9.730000, 234.500000, -6.875000, -1.312500, -0.940000, 7.570000, -8.260000, -1.941111, -6.282222, 0.492222, -2.650000, -8.632500, 3.340000, 230.937500, -6.937500, -0.750000
3738, 5.150000, -34.430000, -9.760000, -2.880000, 1.295556, 5.285555, -1.310000, -0.060000, 9.710000, 227.937500, -7.625000, 0.375000, 8.310000, -1.460000, -19.080000, -1.863333, -5.113333, 1.870000, -2.550000, -8.880000, 3.270000, 226.625000, -8.625000, 1.437500
3759, 1.940000, -37.580002, 0.150000, -0.532222, 2.410000, -1.480000, -1.690000, -0.310000, 9.650000, 227.437500, -9.937500, 1.875000, 11.260000, -12.800000, -28.860001, -1.073333, -3.667778, 2.438889, -2.640000, -8.662500, 3.270000, 229.562500, -11.062500, 2.125000
3779, -6.260000, -35.099998, 11.950000, 0.602222, 1.053333, -5.426667, -1.960000, -0.410000, 9.590000, 232.562500, -11.562500, 2.437500, 5.190000, -13.050000, -32.439999, 0.854444, 2.293333, 0.916667, -3.040000, -8.710000, 3.300000, 236.375000, -11.187500, 2.062500
3797, -15.070000, -10.360000, 15.010000, 3.270000, -1.493333, -7.473333, -1.750000, -0.170000, 9.640000, 240.625000, -10.250000, 1.062500, -7.670000, -14.090000, -11.660000, 1.355556, 4.662222, 0.622222, -3.450000, -8.590000, 3.200000, 244.687500, -8.875000, -0.187500
3818, -15.480000, 2.520000, 8.682500, 3.384444, -2.918889, -6.667778, -1.260000, 0.260000, 9.720000, 248.500000, -7.375000, -1.500000, -13.270000, -17.549999, 2.160000, 1.351111, 6.816667, -0.728889, -3.580000, -8.630000, 2.950000, 251.875000, -5.937500, -2.875000
3838, -16.900000, 18.340000, 8.220000, 3.100000, -2.965556, -5.052222, -0.770000, 0.730000, 9.740000, 254.750000, -4.500000, -4.312500, -18.139999, -4.740000, 11.390000, 1.687778, 4.892222, -6.226666, -2.980000, -8.880000, 2.870000, 256.812500, -2.625000, -5.750000
3859, -17.549999, 25.889999, 11.220000, 2.343333, -5.281111, -1.643333, 0.010000, 1.200000, 9.730000, 257.875000, 0.062500, -7.000000, -18.690001, 10.660000, 16.840000, 1.952222, 4.170000, -7.272222, -2.480000, -9.020000, 2.930000, 258.000000, 3.875000, -7.937500
3877, -14.100000, 16.510000, -0.110000, 1.301111, -8.500000, 1.600000, 1.460000, 1.460000, 9.580000, 257.437500, 8.562500, -8.625000, -15.230000, 16.170000, 24.080000, 2.786667, 0.347778, -4.280000, -1.180000, -9.090000, 3.470000, 256.375000, 13.937500, -9.187500
3898, -13.490000, 13.150000, -5.890000, 1.292222, -10.110000, 3.328889, 3.290000, 1.540000, 9.100000, 254.937500, 19.625000, -9.625000, -10.120000, 11.630000, 12.350000, 2.495556, -2.066667, -3.068889, -0.520000, -8.970000, 3.920000, 253.000000, 25.312500, -9.875000
3918, -9.200000, 4.020000, -14.410000, 1.555556, -9.140000, 4.438889, 5.000000, 1.450000, 8.300000, 250.812500, 30.625000, -9.875000, -2.650000, 6.800000, -1.570000, 1.723333, -4.546667, -2.051111, 0.200000, -8.662500, 4.200000, 248.437500, 34.625000, -9.875000
3939, -0.880000, -6.310000, -22.879999, 1.812222, -6.842222, 4.274445, 6.230000, 1.260000, 7.460000, 246.000000, 39.437500, -9.562500, 0.160000, 9.570000, -4.580000, 1.274444, -4.137778, -2.540000, 0.980000, -8.720000, 4.350000, 244.000000, 42.687500, -8.750000
3959, 3.370000, -14.800000, -32.650002, 0.374444, -3.790000, 2.663333, 6.930000, 0.950000, 6.860000, 242.625000, 44.937500, -7.875000, 7.870000, 18.270000, -11.780000, 1.613333, -3.664444, -2.028889, 1.300000, -8.630000, 4.450000, 241.937500, 45.687500, -7.312500
3978, 3.550000, -6.060000, -43.290001, -0.501111, 2.465556, 0.097778, 6.850000, 0.830000, 6.950000, 241.937500, 44.375000, -6.812500, 10.590000, 17.100000, -28.150000, 0.264444, -0.777778, 2.308889, 1.280000, -8.610000, 4.500000, 242.312500, 41.062500, -6.000000
3998, -2.830000, -6.080000, -43.400002, -2.025556, 9.514444, -0.833333, 5.740000, 0.670000, 7.910000, 242.875000, 35.812500, -4.875000, 5.450000, 16.500000, -21.660000, -0.240000, 2.338889, 3.614444, 0.290000, -8.730000, 4.450000, 243.812500, 28.312500, -3.250000
4019, -23.680000, -14.670000, -41.410000, -4.047778, 18.064444, -1.832222, 3.110000, 0.220000, 9.290000, 245.062500, 18.437500, -1.312500, -5.980000, 14.200000, -8.310000, -3.593333, 5.718889, 5.974444, -1.160000, -8.960000, 3.800000, 246.562500, 7.187500, 0.812500
4039, -34.939999, -9.390000, -11.090000, -4.738889, 20.875555, -2.288889, -0.690000, -0.570000, 9.760000, 248.062500, -4.000000, 3.375000, -8.230000, 12.320000, -7.080000, -4.465556, 4.272222, 8.081111, -2.740000, -8.950000, 2.890000, 249.250000, -14.062500, 6.000000
4058, -29.480000, -1.230000, 12.290000, -3.497778, 15.882222, -1.085556, -3.760000, -1.340000, 8.950000, 250.062500, -22.562500, 8.500000, -15.130000, 4.980000, -4.240000, -4.494444, 3.375556, 9.161111, -3.600000, -8.790000, 2.410000, 250.500000, -29.500000, 10.687500
4078, -24.280001, 5.030000, 9.210000, -2.975556, 11.051111, 0.391111, -5.680000, -1.790000, 7.780000, 250.375000, -34.687500, 13.000000, -17.709999, -5.890000, 1.140000, -4.522222, 2.135556, 10.384444, -6.010000, -7.670000, 1.050000, 249.875000, -40.875000, 15.375000
4098, -28.320000, -4.880000, 28.660000, -2.740000, 9.116667, 1.163333, -7.030000, -2.070000, 6.510000, 249.250000, -45.812500, 17.625000, -15.730000, -21.030001, 10.650000, -3.914444, 2.016667, 6.698889, -6.820000, -7.030000, 0.360000, 248.625000, -49.062500, 19.187500
4119, -31.820000, -2.200000, 33.000000, -0.872222, -0.103333, 1.177778, -7.420000, -2.080000, 6.050000, 247.750000, -49.187500, 18.937500, -13.210000, -29.940001, 14.520000, -2.105556, 0.283333, 2.012222, -7.080000, -6.770000, 0.050000, 246.312500, -46.125000, 16.875000
4137, -30.750000, -7.130000, 31.840000, 0.121111, -11.264444, 2.150000, -6.380000, -1.820000, 7.210000, 244.437500, -40.562500, 14.187500, -13.360000, -28.580000, 10.850000, -0.111111, -2.168681, -3.195555, -6.480000, -7.340000, 0.450000, 242.625000, -33.250000, 11.500000
4158, -26.100000, -15.510000, 7.960000, 2.067778, -15.094444, 1.912222, -4.200000, -1.380000, 8.740000, 241.187500, -25.375000, 9.000000, -11.230000, -15.290000, -0.380000, 0.618889, -3.482222, -5.585556, -6.060000, -7.670000, 0.700000, 240.312500, -17.562500, 6.562500
4178, -12.410000, -8.740000, -16.049999, 3.480000, -13.556666, 0.720000, -1.750000, -0.740000, 9.620000, 239.812500, -10.250000, 4.437500, -10.200000, -6.700000, -5.370000, 2.576667, -4.494444, -9.378889, -3.700000, -8.682500, 1.910000, 239.500000, -3.937500, 2.625000
4199, -4.990000, -2.820000, -24.320000, 2.457778, -9.467778, 0.237778, 0.200000, -0.220000, 9.800000, 239.312500, 1.125000, 1.312500, -7.800000, 9.520000, -10.990000, 3.762222, -3.614444, -9.608889, -2.000000, -9.170000, 2.820000, 239.000000, 5.125000, 0.375000
4217, 6.670000, 9.660000, -36.689999, 0.906667, -4.893333, 0.854444, 1.330000, 0.010000, 9.710000, 238.500000, 7.812500, -0.062500, -4.300000, 25.450001, -11.460000, 4.505556, -1.680000, -6.710000, -1.360000, -9.150000, 3.240000, 237.812500, 9.062500, 0.000000
4238, 12.910000, 7.340000, -43.150002, -0.696667, 0.164444, 1.563333, 1.530000, -0.090000, 9.680000, 237.000000, 9.000000, 0.500000, 4.640000, 40.820000, -4.450000, 1.675556, 0.318889, -0.380000, -1.280000, -9.010000, 3.630000, 236.062500, 7.187500, 1.312500
4258, 4.370000, 3.240000, -33.189999, -1.505556, 6.502222, 2.150000, 0.620000, -0.380000, 9.770000, 235.000000, 3.625000, 2.187500, -0.810000, 15.040000, -5.420000, -2.273333, 0.265556, 6.122222, -1.820000, -9.000000, 3.430000, 233.875000, 0.000000, 3.062500
4279, -10.850000, 4.580000, -13.600000, -0.696667, 10.130000, 2.255556, -0.940000, -0.580000, 9.740000, 232.812500, -5.500000, 3.375000, -5.410000, 4.560000, -1.880000, -2.823333, -0.280000, 7.633333, -3.690000, -8.650000, 2.750000, 231.562500, -11.562500, 3.375000
4299, -20.160000, 5.560000, 21.070000, -0.226667, 9.618889, 3.411111, -2.850000, -0.500000, 9.360000, 229.812500, -16.875000, 3.062500, -7.460000, -2.490000, 0.780000, -3.150000, -1.632222, 7.467778, -4.250000, -8.450000, 2.550000, 227.562500, -19.812500, 2.875000
4318, -17.840000, -26.270000, 30.080000, -0.912222, 5.176667, 4.150000, -3.790000, -0.400000, 9.030000, 225.250000, -22.750000, 2.562500, -2.950000, -19.680000, -0.770000, -3.062222, -1.427778, 6.218889, -5.230000, -7.990000, 2.163125, 223.000000, -22.500000, 2.312500
4338, -9.190000, -30.590000, 13.640000, -0.495556, -5.090000, 2.401111, -3.320000, -0.330000, 9.210000, 221.625000, -19.812500, 2.062500, -3.920000, -31.209999, -11.340000, -0.925556, -1.254444, 0.224444, -5.200000, -8.010000, 2.180000, 221.375000, -16.125000, 1.687500
4359, -2.740000, -18.900000, 0.610000, 0.505556, -4.005556, -3.291111, -2.360000, -0.310000, 9.510000, 223.187500, -13.875000, 1.875000, -2.850000, -21.150000, -17.590000, 0.907778, -0.712222, -5.856667, -4.740000, -8.270000, 2.290000, 224.937500, -11.687500, 1.937500
4379, -4.420000, -19.670000, 3.100000, -0.127778, -3.126667, -4.187778, -1.680000, -0.410000, 9.650000, 227.187500, -9.875000, 2.437500, -1.700000, -6.180000, -20.510000, 1.754444, 2.045556, -7.001111, -3.170000, -8.920000, 2.520000, 229.937500, -7.875000, 3.000000
4397, 4.310000, -10.530000, -22.240000, 0.134444, -3.164444, -6.128889, -1.020000, -0.570000, 9.730000, 233.187500, -6.000000, 3.312500, -0.920000, 4.450000, -18.920000, 3.003333, 4.894444, -6.633333, -2.730000, -9.030000, 2.640000, 237.312500, -6.250000, 3.562500
4418, 8.300000, -13.120000, -46.400002, 0.407778, 0.978889, -7.458889, -1.120000, -0.650000, 9.720000, 241.375000, -6.562500, 3.812500, -1.560000, 12.880000, -17.510000, 4.341111, 8.577778, -4.678889, -2.230000, -9.060000, 2.990000, 246.062500, -9.375000, 4.062500
4438, -18.030001, 6.430000, -24.120001, 1.461111, 11.046667, -9.120000, -2.540000, -0.730000, 9.440000, 251.375000, -15.000000, 4.437500, -10.860000, 27.920000, -0.280000, 3.190000, 9.501111, -1.258889, -2.730000, -8.890000, 3.080000, 256.812500, -22.500000, 5.500000
4459, -32.430000, 25.299999, 1.740000, 1.247778, 14.571111, -7.323333, -4.890000, -1.070000, 8.420000, 261.375000, -29.937500, 7.187500, -14.910000, 30.520000, 8.400000, -2.371111, 7.130000, 2.687778, -3.150000, -8.880000, 2.680000, 266.062500, -37.187500, 9.937500
4477, -32.480000, 28.190001, 32.220001, -0.710000, 13.007778, -4.444445, -6.760000, -1.670000, 6.890000, 268.937500, -43.625000, 13.562500, -26.450001, -22.200001, 22.330000, -8.765555, 4.568889, 4.244444, -4.310000, -8.790000, 0.410000, 269.375000, -48.125000, 17.375000
4498, -28.879999, 12.510000, 32.790001, -2.358889, 1.322222, 0.822222, -7.390000, -2.040000, 6.100000, 268.437500, -48.937500, 18.437500, -24.530001, -25.219999, 32.650002, -2.267778, 0.776667, 0.415556, -4.340000, -8.780000, 0.190000, 266.875000, -46.875000, 16.312500
4518, -24.160000, 8.210000, 26.270000, 0.716667, -8.031111, 3.630000, -6.700000, -1.600000, 6.970000, 264.562500, -43.125000, 12.875000, -17.629999, -8.940000, 21.680000, 3.587778, -4.981111, -0.717778, -4.210000, -8.800000, 0.920000, 261.812500, -38.125000, 9.250000
4539, -15.510000, 1.940000, 3.840000, 1.031111, -12.134444, 5.100000, -5.190000, -0.890000, 8.270000, 258.875000, -31.937500, 6.125000, -9.890000, -7.400000, 3.680000, 3.004444, -7.861111, -1.714444, -3.380000, -8.672500, 2.480000, 255.812500, -25.187500, 3.812500
4557, -10.490000, -2.310000, -2.360000, 0.648889, -13.104445, 5.224444, -3.070000, -0.360000, 9.300000, 252.875000, -18.250000, 2.187500, 1.230000, -3.930000, -11.330000, 1.281111, -6.966667, -3.206667, -2.940000, -8.920000, 2.790000, 250.062500, -11.312500, 1.187500
4578, -5.680000, -9.880000, -7.450000, 0.310000, -12.260000, 4.566667, -0.800000, -0.110000, 9.770000, 247.500000, -4.687500, 0.625000, 2.400000, -2.620000, -7.550000, 0.390000, -3.818889, -4.147778, -1.520000, -9.140000, 3.190000, 245.437500, 1.562500, 0.312500
4598, -3.640000, -11.210000, -11.790000, 0.861111, -10.824445, 2.986667, 1.280000, 0.000000, 9.720000, 243.812500, 7.500000, 0.000000, -0.200000, -3.520000, -4.440000, 0.753333, -2.223333, -5.017778, -1.020000, -9.180000, 3.290000, 242.500000, 12.687500, -0.375000
4619, 1.790000, -13.760000, -19.100000, 1.370000, -8.506667, 1.732222, 2.920000, 0.140000, 9.350000, 241.500000, 17.312500, -0.875000, -0.910000, 5.290000, -7.480000, 2.938889, -2.776667, -5.264444, 0.060000, -9.070000, 3.710000, 240.687500, 21.500000, -1.562500
4639, 4.670000, -13.510000, -28.770000, 2.033333, -6.847778, 0.576667, 4.180000, 0.400000, 8.662500, 240.250000, 25.250000, -2.625000, 3.210000, 14.530000, -13.050000, 4.077778, -2.736667, -3.582222, 1.240000, -8.530000, 4.660000, 240.187500, 28.375000, -3.937500
4658, 6.120000, -4.420000, -43.610001, 1.701111, -3.812222, -1.073333, 4.960000, 0.780000, 8.410000, 240.625000, 30.437500, -5.250000, 11.420000, 25.459999, -27.959999, 4.224444, -0.858889, 0.312222, 1.250000, -8.340000, 4.990000, 241.437500, 30.687500, -6.375000
4678, -2.730000, 4.370000, -32.169998, 0.117778, 3.018889, -2.238889, 4.740000, 1.050000, 8.510000, 242.562500, 28.875000, -7.062500, 4.640000, 25.389999, -21.760000, 0.533333, 5.107778, 3.391111, -0.250000, -8.290000, 5.230000, 243.625000, 25.687500, -7.000000
4699, -9.670000, 1.870000, -40.549999, -2.115556, 7.818889, -1.472222, 3.580000, 0.950000, 9.070000, 244.437500, 21.375000, -5.937500, -6.730000, 19.400000, -11.460000, -3.274444, 7.645555, 5.593333, -1.060000, -8.410000, 4.920000, 244.937500, 15.500000, -4.000000
4719, -18.850000, -4.480000, -33.220001, -4.618889, 13.687778, -0.656667, 1.380000, 0.250000, 9.700000, 245.375000, 8.062500, -1.500000, -12.040000, 13.430000, -4.520000, -5.361111, 6.602222, 6.882222, -2.720000, -8.590000, 3.850000, 245.875000, -0.562500, 1.187500
4737, -30.770000, 2.740000, -14.270000, -4.524445, 17.273333, -0.584444, -1.690000, -0.630000, 9.630000, 246.250000, -9.875000, 3.750000, -16.900000, 10.590000, -0.110000, -5.710000, 4.168889, 9.425555, -5.290000, -7.990000, 2.060000, 246.437500, -19.625000, 5.812500
4758, -33.369999, 10.790000, 0.040000, -2.548889, 17.947773, 0.955556, -4.810000, -1.110000, 8.470000, 246.125000, -29.375000, 7.500000, -20.750000, -2.420000, 7.910000, -5.782222, 0.827778, 10.585556, -6.080000, -7.520000, 1.590000, 245.250000, -38.687500, 9.062500
4778, -32.029999, -6.200000, 20.309999, -2.996667, 15.698889, 3.076667, -7.210000, -1.210000, 6.520000, 243.562500, -47.375000, 10.500000, -17.160000, -15.780000, 9.890000, -4.884444, -0.570000, 9.671111, -7.870000, -5.790000, 0.810000, 241.437500, -55.312500, 11.250000
4799, -30.600000, -7.260000, 34.580002, -1.246667, 11.482223, 3.415555, -8.640000, -0.870000, 4.540000, 239.625000, -61.812500, 10.937500, -14.450000, -33.720001, 12.390000, -1.731111, -1.847778, 5.648889, -8.150000, -5.370000, 0.860000, 238.062500, -65.125000, 9.000000
4817, -26.780001, -7.340000, 34.790001, -0.266667, -1.484444, 2.966667, -8.662500, -0.400000, 4.190000, 236.312500, -64.562500, 5.500000, -9.790000, -27.139999, 2.030000, 0.082222, -3.847778, -0.298889, -8.190000, -5.210000, 1.380000, 234.312500, -61.125000, 2.375000
4838, -21.129999, -15.850000, 20.639999, -1.110000, -8.977777, 2.325556, -8.160000, -0.060000, 5.430000, 232.687500, -56.312500, 0.687500, -7.690000, -18.450001, -6.730000, 0.044444, -3.327778, -4.357778, -7.340000, -6.140000, 2.120000, 231.812500, -50.687500, 0.187500
4858, -24.030001, -11.040000, 19.629999, -0.223333, -11.805555, 0.028889, -6.840000, -0.030000, 7.020000, 231.750000, -44.250000, 0.250000, -9.160000, -11.500000, -4.460000, 0.176667, -1.766667, -6.737778, -6.890000, -6.590000, 2.250000, 232.187500, -36.937500, 0.375000
4879, -16.850000, -5.820000, -5.970000, 1.073333, -14.696667, -1.075556, -4.740000, -0.020000, 8.580000, 232.937500, -28.937500, 0.125000, -11.480000, -8.630000, -0.260000, 0.533333, -1.005556, -7.998889, -5.170000, -7.910000, 2.590000, 233.750000, -20.875000, -0.500000
4899, -9.440000, -3.980000, -13.150000, 2.236667, -13.663333, -0.881111, -2.280000, 0.260000, 9.530000, 234.500000, -13.437500, -1.562500, -11.570000, -4.020000, 0.700000, 1.911111, -1.731111, -8.368889, -4.480000, -8.250000, 2.810000, 235.000000, -7.062500, -2.562500
4918, -8.682500, -6.240000, -7.940000, 1.846667, -10.556666, -0.564444, -0.230000, 0.600000, 9.780000, 235.500000, -1.312500, -3.500000, -8.330000, 1.460000, -4.920000, 3.453333, -2.900000, -8.453333, -2.960000, -8.660000, 3.500000, 236.125000, 4.000000, -4.500000
4938, -5.370000, -7.450000, -16.950001, 1.575556, -9.465555, -1.065556, 1.550000, 0.930000, 9.630000, 236.875000, 9.062500, -5.500000, -3.830000, 7.100000, -12.470000, 3.796667, -2.505556, -7.821111, -1.430000, -8.720000, 4.240000, 237.812500, 13.562500, -6.500000
4959, -2.080000, -9.680000, -18.420000, 1.428889, -7.194445, -1.841111, 2.920000, 1.250000, 9.270000, 238.937500, 17.312500, -7.687500, -1.640000, 11.330000, -12.980000, 4.387778, -0.891111, -6.142222, -0.230000, -8.450000, 4.950000, 240.312500, 20.562500, -9.125000
4979, -0.720000, -5.130000, -24.370001, 1.715556, -5.606667, -3.008889, 3.870000, 1.710000, 8.652500, 242.062500, 23.250000, -10.937500, 1.540000, 15.730000, -12.720000, 4.168889, 0.426667, -3.751111, 0.430000, -8.010000, 5.630000, 244.000000, 25.250000, -12.875000
4998, 0.420000, 3.670000, -31.110001, 1.313333, -3.012222, -3.832222, 4.350000, 2.240000, 8.490000, 246.125000, 26.312500, -14.812500, 1.730000, 21.459999, -14.870000, 3.054445, 2.082222, -1.735556, 0.590000, -7.610000, 6.140000, 248.250000, 26.312500, -16.375000
5018, -0.870000, 11.220000, -29.700001, 0.012222, 1.418889, -3.680000, 4.140000, 2.620000, 8.480000, 250.125000, 25.000000, -17.187500, 0.440000, 20.940001, -10.030000, 0.300000, 4.656667, 1.083333, 0.050000, -7.490000, 6.320000, 251.562500, 22.562500, -16.937500
5039, -2.040000, 4.880000, -34.480000, -2.167569, 5.492222, -2.140000, 3.250000, 2.520000, 8.890000, 252.500000, 19.375000, -15.812500, -1.880000, 16.090000, -9.340000, -1.854445, 6.323333, 2.627778, -0.960000, -7.630000, 6.070000, 253.187500, 15.187500, -14.062500
5059, -7.400000, -1.090000, -32.980000, -3.997778, 10.408889, -1.428889, 1.610000, 1.980000, 9.460000, 253.562500, 9.500000, -11.812500, -3.090000, 11.920000, -6.400000, -3.275556, 7.288889, 3.902222, -2.280000, -7.850000, 5.410000, 253.812500, 2.437500, -9.250000
5077, -15.500000, -13.640000, -21.459999, -4.706666, 14.588889, -1.410000, -0.930000, 1.140000, 9.690000, 254.000000, -5.437500, -6.687500, -5.220000, 7.880000, -5.310000, -3.783333, 6.690000, 5.564445, -3.690000, -7.910000, 4.460000, 254.250000, -14.062500, -4.562500
5098, -21.450001, -10.940000, -4.930000, -2.544445, 16.531111, -1.915556, -3.850000, 0.470000, 9.000000, 254.750000, -23.062500, -3.000000, -8.190000, 0.630000, -0.120000, -3.042222, 5.296667, 7.437778, -5.170000, -7.560000, 3.490000, 255.562500, -31.750000, -1.875000
5118, -18.709999, -5.450000, 20.830000, -0.724444, 13.137777, -2.002222, -6.160000, 0.110000, 7.620000, 256.437500, -38.875000, -0.875000, -6.710000, -9.960000, -1.420000, -2.173333, 2.973333, 7.112222, -6.390000, -6.890000, 2.780000, 257.250000, -44.250000, 0.187500
5139, -17.580000, -10.320000, 22.280001, -0.198889, 7.318889, -1.674444, -7.310000, -0.150000, 6.520000, 258.125000, -48.250000, 1.312500, -7.170000, -20.379999, -2.060000, -1.412222, 2.482222, 5.160000, -7.230000, -6.220000, 2.250000, 259.312500, -51.312500, 2.500000
5157, -22.639999, -8.790000, 33.279999, 0.663333, 3.932222, -2.311111, -7.870000, -0.400000, 5.830000, 260.812500, -53.375000, 3.937500, -8.370000, -28.250000, 3.340000, 0.052222, 2.730000, 1.114444, -7.580000, -5.930000, 1.840000, 262.437500, -53.750000, 5.250000
5178, -24.580000, -6.720000, 33.169998, 1.845556, -2.353333, -2.604445, -7.760000, -0.620000, 5.950000, 264.312500, -52.375000, 5.937500, -15.440000, -31.780001, 10.100000, 1.473333, 1.486667, -3.516667, -7.380000, -6.230000, 1.680000, 266.375000, -49.437500, 5.875000
5198, -25.170000, -5.690000, 27.219999, 3.742222, -7.474444, -2.568889, -6.960000, -0.590000, 6.870000, 268.500000, -45.250000, 4.937500, -19.709999, -18.799999, 8.530000, 3.928889, -1.251111, -7.646667, -6.510000, -7.000000, 2.160000, 270.687500, -39.812500, 3.125000
5219, -22.969999, 10.030000, 1.230000, 5.648889, -11.958889, -2.182222, -5.380000, -0.110000, 8.190000, 272.812500, -33.312500, 0.812500, -18.299999, 4.960000, -1.670000, 5.118889, -3.062222, -8.800000, -5.150000, -7.710000, 3.170000, 274.562500, -26.000000, -1.687500
5239, -15.090000, 25.889999, -15.870000, 4.612222, -13.592222, -0.600000, -3.140000, 0.640000, 9.260000, 275.562500, -18.687500, -3.937500, -14.370000, 19.280001, 1.650000, 3.938889, -1.937778, -7.394444, -3.800000, -8.080000, 4.030000, 275.500000, -11.812500, -5.187500
5258, -7.450000, 15.480000, -17.530001, 0.181111, -11.431111, 2.228889, -0.940000, 0.920000, 9.710000, 274.562500, -5.500000, -5.375000, -7.990000, 12.750000, 6.820000, 0.624444, -1.811111, -4.388889, -2.860000, -8.290000, 4.370000, 273.125000, 0.000000, -4.875000
5278, -2.920000, 9.020000, -17.160000, -1.240000, -8.116667, 3.294445, 0.780000, 0.700000, 9.740000, 271.562500, 4.562500, -4.125000, -8.730000, 6.970000, 9.110000, -0.203333, -2.195555, -3.276667, -2.140000, -8.480000, 4.430000, 269.875000, 8.000000, -3.375000
5299, -1.020000, 9.190000, -11.350000, -0.450000, -4.795556, 3.296667, 1.820000, 0.480000, 9.620000, 268.187500, 10.687500, -2.875000, -5.490000, 10.180000, 6.150000, 0.142222, -3.341111, -1.986667, -1.490000, -8.550000, 4.550000, 266.250000, 12.875000, -2.562500
5319, 0.960000, -3.160000, -11.360000, 0.237778, -2.865556, 3.934444, 2.460000, 0.360000, 9.480000, 264.125000, 14.562500, -2.187500, 2.600000, 5.410000, -4.340000, 0.402222, -3.882222, -0.757778, -0.990000, -8.550000, 4.690000, 262.125000, 15.687500, -1.625000
5338, 2.410000, -5.500000, -10.710000, 0.277778, -1.302222, 2.682222, 2.770000, 0.230000, 9.400000, 260.687500, 16.437500, -1.375000, 5.010000, 3.220000, -10.170000, 0.615555, -3.226667, -0.121111, -0.640000, -8.500000, 4.840000, 259.625000, 16.750000, -1.312500
5358, 2.400000, -6.850000, -9.380000, 0.482222, -0.072222, 1.547778, 2.840000, 0.220000, 9.380000, 258.750000, 16.812500, -1.375000, 6.140000, 3.610000, -11.530000, 0.240000, -1.854445, 0.022222, -0.430000, -8.460000, 4.920000, 258.062500, 16.687500, -1.375000
5378, 1.050000, -6.870000, -4.180000, 0.071111, 0.606667, 0.760000, 2.760000, 0.210000, 9.400000, 257.625000, 16.375000, -1.250000, 5.630000, 3.460000, -10.500000, -0.340000, -0.520000, 0.341111, -0.390000, -8.480000, 4.900000, 257.437500, 16.062500, -1.062500
5399, 0.330000, -6.990000, -3.200000, -0.317778, 0.275556, 0.158889, 2.690000, 0.150000, 9.420000, 257.375000, 15.875000, -0.875000, 1.610000, -1.220000, -6.420000, -0.686667, 0.350000, 0.430000, -0.480000, -8.540000, 4.790000, 257.437500, 15.812500, -0.750000
5417, -0.340000, -3.970000, -2.080000, -0.222222, 0.132222, -0.210000, 2.660000, 0.110000, 9.430000, 257.562500, 15.750000, -0.625000, -0.420000, -0.480000, -3.050000, -0.285556, 0.411111, 0.236667, -0.560000, -8.570000, 4.720000, 257.687500, 15.687500, -0.625000
5438, -0.250000, -3.060000, -2.340000, 0.031111, 0.125556, -0.166667, 2.640000, 0.110000, 9.440000, 257.750000, 15.625000, -0.687500, -0.840000, -0.960000, -2.700000, 0.113333, 0.138889, 0.341111, -0.630000, -8.560000, 4.720000, 257.875000, 15.500000, -0.812500
5458, -0.230000, -1.910000, -1.770000, 0.308889, 0.326667, -0.242222, 2.590000, 0.170000, 9.450000, 257.937500, 15.312500, -1.000000, -0.370000, 1.370000, -2.610000, 0.388889, 0.140000, 0.298889, -0.690000, -8.530000, 4.780000, 258.125000, 15.062500, -1.187500
5479, -0.340000, 0.200000, -0.970000, 0.205556, 0.531111, -0.430000, 2.500000, 0.230000, 9.470000, 258.312500, 14.812500, -1.375000, -0.870000, 0.730000, -1.380000, 0.191111, 0.416667, 0.418889, -0.790000, -8.500000, 4.810000, 258.562500, 14.437500, -1.500000
5497, -1.000000, 1.230000, 1.840000, 0.072222, 0.570000, -0.514444, 2.400000, 0.270000, 9.500000, 258.875000, 14.125000, -1.625000, -1.910000, -0.430000, 1.140000, 0.078889, 0.520000, 0.398889, -0.900000, -8.490000, 4.820000, 259.125000, 13.937500, -1.750000
5518, -0.420000, 2.560000, 1.110000, 0.143333, 0.244444, -0.401111, 2.340000, 0.310000, 9.510000, 259.312500, 13.812500, -1.875000, -2.060000, -0.320000, 2.070000, 0.203333, 0.287778, 0.254444, -0.980000, -8.460000, 4.840000, 259.437500, 13.687500, -2.000000
5538, -0.060000, 2.300000, 0.690000, 0.203333, 0.125556, -0.143333, 2.310000, 0.360000, 9.520000, 259.500000, 13.625000, -2.125000, -1.140000, 0.110000, 1.100000, 0.261111, 0.006667, 0.127778, -1.010000, -8.440000, 4.880000, 259.562500, 13.562500, -2.250000
5559, 0.450000, 2.990000, -0.020000, 0.133333, 0.101111, -0.011111, 2.290000, 0.390000, 9.520000, 259.562500, 13.500000, -2.312500, -1.010000, 0.910000, 0.860000, 0.104444, -0.045556, 0.030000, -1.020000, -8.420000, 4.910000, 259.500000, 13.437500, -2.312500
5579, 0.710000, 2.290000, -0.700000, -0.081111, 0.174444, 0.178889, 2.260000, 0.380000, 9.530000, 259.375000, 13.312500, -2.250000, -0.790000, -0.070000, 0.700000, -0.146667, -0.124444, 0.165556, -1.030000, -8.430000, 4.890000, 259.250000, 13.187500, -2.125000
5598, 0.880000, -0.990000, 0.380000, -0.283333, 0.298889, 0.302222, 2.220000, 0.320000, 9.540000, 259.125000, 13.062500, -1.937500, -0.190000, -0.630000, -0.600000, -0.167778, -0.135556, 0.162222, -1.040000, -8.440000, 4.870000, 259.000000, 12.875000, -1.750000
5618, 0.640000, -0.620000, 0.950000, -0.188889, 0.328889, 0.145556, 2.160000, 0.270000, 9.560000, 258.937500, 12.750000, -1.625000, -0.720000, -1.270000, 0.100000, -0.080000, -0.026667, 0.285556, -1.080000, -8.450000, 4.850000, 258.875000, 12.562500, -1.562500
5639, 0.120000, -0.590000, 1.630000, -0.025556, 0.222222, 0.076667, 2.110000, 0.260000, 9.570000, 258.812500, 12.437500, -1.500000, -0.770000, -1.200000, -0.310000, 0.064444, -0.041111, 0.184444, -1.110000, -8.440000, 4.860000, 258.812500, 12.375000, -1.562500
5659, 0.230000, 0.350000, 0.760000, 0.065556, 0.017778, 0.027778, 2.100000, 0.260000, 9.570000, 258.812500, 12.375000, -1.562500, -0.850000, -0.370000, 0.090000, 0.098889, -0.038889, 0.013333, -1.110000, -8.430000, 4.870000, 258.750000, 12.375000, -1.625000
5677, 0.650000, 0.090000, -0.680000, 0.050000, -0.024444, 0.014444, 2.100000, 0.270000, 9.570000, 258.750000, 12.375000, -1.625000, -0.390000, 0.020000, -0.530000, 0.088889, -0.027778, 0.035556, -1.110000, -8.420000, 4.890000, 258.750000, 12.375000, -1.625000
5698, 0.530000, 0.390000, -0.330000, 0.027778, 0.066667, -0.066667, 2.100000, 0.280000, 9.570000, 258.812500, 12.312500, -1.687500, -0.480000, 0.270000, -0.210000, 0.025556, 0.020000, 0.053333, -1.120000, -8.410000, 4.900000, 258.875000, 12.312500, -1.687500
5718, 0.150000, 1.070000, 0.490000, -0.015556, 0.094444, -0.102222, 2.080000, 0.280000, 9.570000, 258.937500, 12.250000, -1.687500, -0.620000, 0.240000, 0.010000, -0.050000, 0.050000, 0.094444, -1.140000, -8.410000, 4.890000, 258.937500, 12.250000, -1.687500
5739, 0.100000, 0.790000, 0.390000, -0.094444, -0.057778, -0.005556, 2.080000, 0.270000, 9.570000, 258.937500, 12.250000, -1.625000, -0.920000, -0.110000, 0.260000, -0.107778, 0.003333, 0.013333, -1.150000, -8.420000, 4.870000, 258.937500, 12.312500, -1.562500
5757, 0.530000, 0.410000, -0.630000, -0.097778, -0.142222, 0.070000, 2.100000, 0.250000, 9.570000, 258.937500, 12.375000, -1.500000, -0.830000, -0.130000, -0.130000, -0.041111, -0.033333, 0.006667, -1.140000, -8.430000, 4.860000, 258.875000, 12.437500, -1.437500
5778, 0.380000, 0.330000, 0.000000, -0.033712, -0.005556, 0.074444, 2.110000, 0.240000, 9.570000, 258.812500, 12.437500, -1.437500, -0.670000, -0.050000, -0.060000, 0.017778, -0.057778, 0.031111, -1.140000, -8.430000, 4.870000, 258.812500, 12.437500, -1.375000
5798, 0.280000, 0.120000, 0.000000, 0.042222, 0.001111, 0.083333, 2.110000, 0.240000, 9.570000, 258.750000, 12.437500, -1.437500, -0.450000, 0.110000, -0.310000, 0.040000, -0.095556, 0.026667, -1.240000, -8.430000, 4.850000, 258.687500, 12.437500, -1.437500
5819, 0.430000, 0.090000, -0.430000, 0.140000, -0.067778, 0.063333, 2.120000, 0.260000, 9.560000, 258.687500, 12.500000, -1.500000, -0.300000, -0.190000, -0.190000, 0.057778, -0.115556, 0.014444, -1.290000, -8.430000, 4.830000, 258.625000, 12.562500, -1.625000
5837, 0.420000, -0.020000, -0.380000, 0.155556, -0.077778, 0.037778, 2.170000, 0.290000, 9.550000, 258.562500, 12.750000, -1.687500, 0.240000, 0.400000, -1.220000, 0.063333, -0.093333, -0.070000, -1.270000, -8.420000, 4.850000, 258.562500, 12.812500, -1.750000
5858, 0.430000, 0.520000, -0.680000, 0.054444, -0.140000, -0.030000, 2.190000, 0.300000, 9.550000, 258.625000, 12.875000, -1.812500, -0.570000, 0.260000, -0.240000, -0.004444, 0.071111, -0.055556, -1.270000, -8.420000, 4.850000, 258.625000, 12.937500, -1.812500
5878, 0.190000, 0.110000, -0.300000, -0.043333, -0.107778, 0.004444, 2.163125, 0.300000, 9.540000, 258.625000, 13.000000, -1.750000, -0.940000, 0.210000, 0.160000, 0.023333, 0.026667, 0.014444, -1.270000, -8.420000, 4.850000, 258.625000, 13.062500, -1.750000
5899, 0.040000, 0.510000, -0.190000, 0.076667, -0.084444, 0.023333, 2.230000, 0.300000, 9.540000, 258.625000, 13.125000, -1.812500, -0.950000, 0.200000, 0.310000, 0.112222, -0.044444, 0.096667, -1.280000, -8.410000, 4.870000, 258.562500, 13.125000, -1.875000
5919, 0.190000, 0.490000, -0.650000, 0.143333, 0.002222, 0.065556, 2.230000, 0.320000, 9.540000, 258.500000, 13.125000, -1.937500, -0.510000, 0.620000, -0.280000, 0.120000, -0.115556, 0.060000, -1.280000, -8.400000, 4.890000, 258.500000, 13.125000, -2.000000
5938, 0.210000, 0.670000, -0.230000, 0.101111, 0.082222, 0.075556, 2.220000, 0.340000, 9.540000, 258.437500, 13.062500, -2.062500, -0.260000, 0.460000, -0.390000, 0.006667, -0.090000, 0.023333, -1.280000, -8.390000, 4.900000, 258.437500, 13.187500, -2.375000
5958, 0.220000, 0.240000, -0.200000, -0.038889, 0.026667, 0.056667, 2.250000, 0.420000, 9.530000, 258.375000, 13.250000, -2.500000, -0.180000, 0.360000, -0.620000, -0.105556, -0.016667, -0.060000, -1.270000, -8.400000, 4.880000, 258.375000, 13.250000, -2.437500
5979, 0.500000, -0.150000, -0.910000, -0.097778, -0.053333, -0.008889, 2.250000, 0.400000, 9.530000, 258.375000, 13.312500, -2.375000, -0.410000, 0.060000, -0.340000, -0.106667, 0.060000, -0.025556, -1.270000, -8.410000, 4.860000, 258.437500, 13.312500, -2.375000
5999, 0.480000, -0.060000, -0.550000, -0.050000, 0.027778, -0.018889, 2.250000, 0.390000, 9.530000, 258.437500, 13.312500, -2.312500, -0.480000, 0.140000, -0.180000, -0.020000, 0.042222, 0.056667, -1.280000, -8.420000, 4.850000, 258.437500, 13.250000, -2.312500
6017, 0.260000, 0.240000, 0.040000, 0.038889, 0.085556, -0.012222, 2.240000, 0.390000, 9.530000, 258.437500, 13.187500, -2.375000, -0.560000, 0.190000, -0.110000, 0.048889, 0.033333, 0.150000, -1.340000, -8.410000, 4.850000, 258.437500, 13.125000, -2.375000
6038, 0.220000, 0.330000, -0.020000, 0.054444, 0.078889, 0.011111, 2.220000, 0.400000, 9.540000, 258.437500, 13.125000, -2.437500, -0.400000, -0.230000, -0.340000, -0.001111, 0.012222, 0.138889, -1.420000, -8.410000, 4.830000, 258.437500, 13.062500, -2.437500
6058, 0.060000, 0.190000, 0.550000, -0.021111, 0.094444, -0.001111, 2.163125, 0.400000, 9.540000, 258.437500, 13.000000, -2.437500, -0.710000, -0.500000, 0.100000, -0.044444, 0.051111, 0.063333, -1.440000, -8.410000, 4.820000, 258.437500, 12.937500, -2.375000
6079, 0.100000, -0.040000, 0.550000, -0.037778, 0.026667, -0.018889, 2.200000, 0.400000, 9.540000, 258.437500, 12.937500, -2.375000, -0.790000, -0.810000, 0.190000, 0.000000, 0.022222, 0.016667, -1.450000, -8.410000, 4.820000, 258.437500, 12.937500, -2.375000
6097, 0.270000, 0.390000, -0.020000, 0.026667, -0.017778, -0.035556, 2.200000, 0.400000, 9.540000, 258.437500, 12.937500, -2.375000, -0.490000, -0.330000, -0.250000, 0.090000, -0.008889, -0.014444, -1.450000, -8.400000, 4.830000, 258.500000, 12.937500, -2.437500
6118, 0.150000, 0.280000, 0.500000, -0.006667, 0.021111, 0.005556, 2.200000, 0.400000, 9.540000, 258.500000, 12.937500, -2.437500, -0.340000, 0.100000, -0.300000, 0.075556, 0.036667, -0.028889, -1.440000, -8.400000, 4.840000, 258.437500, 12.937500, -2.375000
6138, 0.430000, 0.240000, -0.320000, -0.047778, -0.081111, 0.030000, 2.163125, 0.390000, 9.540000, 258.437500, 13.000000, -2.375000, -0.320000, 0.200000, -0.220000, 0.036667, 0.036667, -0.053333, -1.440000, -8.390000, 4.850000, 258.437500, 13.062500, -2.312500
6159, 0.420000, 0.180000, -0.160000, -0.071111, -0.021111, -0.012222, 2.220000, 0.380000, 9.540000, 258.437500, 13.062500, -2.250000, -0.220000, 0.190000, -0.360000, -0.014444, 0.054444, -0.033712, -1.440000, -8.400000, 4.840000, 258.500000, 13.062500, -2.250000
6179, 0.480000, 0.250000, -0.510000, -0.043333, -0.007778, -0.061111, 2.163125, 0.370000, 9.540000, 258.500000, 13.062500, -2.250000, -0.390000, 0.230000, 0.000000, -0.013333, 0.053333, -0.013333, -1.440000, -8.400000, 4.840000, 258.562500, 13.375000, -2.500000
6198, 0.370000, 0.520000, -0.100000, 0.006667, 0.055556, -0.058889, 2.270000, 0.420000, 9.530000, 258.625000, 13.375000, -2.500000, -0.340000, 0.390000, -0.090000, 0.015556, 0.033333, 0.058889, -1.470000, -8.390000, 4.840000, 258.625000, 13.312500, -2.500000
6218, 0.340000, 0.310000, 0.070000, -0.001111, 0.061111, -0.015556, 2.250000, 0.420000, 9.530000, 258.625000, 13.312500, -2.500000, -0.270000, -0.050000, 0.080000, -0.026667, 0.037778, 0.022222, -1.500000, -8.390000, 4.840000, 258.625000, 13.250000, -2.500000
6239, 0.440000, 0.890000, -0.180000, -0.018889, 0.038889, -0.054444, 2.250000, 0.420000, 9.530000, 258.687500, 13.250000, -2.500000, -0.520000, 0.140000, 0.300000, -0.050000, 0.050000, 0.022222, -1.540000, -8.380000, 4.840000, 258.687500, 13.187500, -2.500000
6259, 0.280000, 0.500000, 0.260000, -0.052222, 0.046667, -0.007778, 2.240000, 0.410000, 9.530000, 258.687500, 13.187500, -2.437500, -0.570000, -0.140000, 0.400000, -0.054444, 0.003333, 0.063333, -1.550000, -8.380000, 4.830000, 258.687500, 13.187500, -2.437500
6278, 0.210000, 0.480000, 0.220000, 0.000000, 0.070000, -0.007778, 2.230000, 0.410000, 9.540000, 258.687500, 13.125000, -2.437500, -0.340000, -0.220000, -0.010000, -0.013333, -0.031111, 0.030000, -1.550000, -8.380000, 4.830000, 258.687500, 13.062500, -2.437500
6298, 0.180000, 0.290000, 0.290000, -0.012222, 0.013333, 0.000000, 2.220000, 0.410000, 9.540000, 258.687500, 13.062500, -2.437500, -0.540000, -0.390000, 0.320000, -0.022222, -0.042222, -0.051111, -1.550000, -8.390000, 4.830000, 258.687500, 13.125000, -2.437500
6319, 0.270000, 0.730000, -0.080000, 0.006667, -0.066667, 0.006667, 2.230000, 0.410000, 9.530000, 258.687500, 13.125000, -2.437500, -0.360000, 0.240000, 0.050000, -0.008889, -0.080000, -0.076667, -1.530000, -8.390000, 4.830000, 258.687500, 13.187500, -2.437500
6339, 0.330000, 0.370000, -0.580000, -0.012222, -0.047778, 0.043333, 2.240000, 0.400000, 9.530000, 258.687500, 13.187500, -2.437500, -0.420000, 0.250000, -0.080000, -0.036667, -0.101111, -0.057778, -1.510000, -8.390000, 4.830000, 258.625000, 13.187500, -2.437500
6357, 0.280000, 0.310000, -0.270000, -0.003333, 0.001111, 0.048889, 2.240000, 0.400000, 9.530000, 258.625000, 13.250000, -2.375000, -0.160000, -0.050000, -0.400000, -0.013333, -0.100000, -0.040000, -1.490000, -8.400000, 4.830000, 258.562500, 13.250000, -2.375000
6378, 0.320000, 0.210000, -0.570000, 0.007778, -0.068889, 0.051111, 2.250000, 0.400000, 9.530000, 258.562500, 13.250000, -2.375000, -0.100000, 0.100000, -0.450000, -0.023333, -0.096667, -0.011111, -1.480000, -8.400000, 4.830000, 258.562500, 13.312500, -2.375000
