0, 0.220000, -0.910000, -0.860000, -0.052222, 0.002222, -0.033712, 3.360000, -1.790000, 9.030000, 230.000000, 20.062500, 11.187500, 0.420000, -0.100000, -0.760000, -0.047778, 0.065556, -0.035556, -0.450000, -8.950000, 3.960000, 230.000000, 20.062500, 11.187500
17, 0.330000, -1.200000, -0.900000, -0.062222, 0.045556, -0.073333, 3.360000, -1.790000, 9.030000, 230.062500, 20.000000, 11.250000, 0.700000, -0.190000, -1.160000, -0.058889, 0.085556, -0.045556, -0.450000, -8.950000, 3.960000, 230.125000, 20.000000, 11.250000
35, 0.430000, -1.390000, -1.170000, -0.077778, 0.143333, -0.160000, 3.340000, -1.800000, 9.030000, 230.250000, 19.937500, 11.250000, 0.470000, -0.350000, -0.900000, -0.043333, 0.190000, -0.036667, -0.460000, -8.960000, 3.950000, 230.375000, 19.812500, 11.250000
56, 0.310000, -0.760000, -1.000000, -0.008889, 0.251111, -0.257778, 3.310000, -1.790000, 9.050000, 230.500000, 19.750000, 11.187500, 0.170000, 0.330000, -0.600000, 0.068889, 0.262222, 0.010000, -0.470000, -8.960000, 3.950000, 230.687500, 19.625000, 11.062500
70, 0.010000, -0.830000, -0.380000, 0.076667, 0.298889, -0.286667, 3.270000, -1.760000, 9.070000, 230.812500, 19.500000, 11.000000, -0.060000, 0.300000, -0.490000, 0.150000, 0.302222, 0.180000, -0.510000, -8.940000, 3.970000, 230.812500, 19.500000, 11.000000
88, -0.690000, 1.290000, 0.550000, 0.121111, 0.292222, -0.325556, 3.230000, -1.720000, 9.090000, 231.187500, 19.250000, 10.687500, -1.140000, -0.030000, 0.700000, 0.163333, 0.341111, 0.236667, -0.580000, -8.930000, 4.000000, 231.187500, 19.250000, 10.687500
109, -1.110000, 2.340000, 1.290000, 0.095556, 0.275556, -0.258889, 3.190000, -1.690000, 9.110000, 231.437500, 19.000000, 10.562500, -2.250000, 0.760000, 2.070000, 0.130000, 0.283333, 0.210000, -0.610000, -8.920000, 4.010000, 231.437500, 19.000000, 10.562500
129, -1.550000, 3.580000, 2.440000, -0.074444, 0.174444, 0.057778, 3.150000, -1.700000, 9.120000, 231.500000, 18.750000, 10.562500, -2.740000, 0.310000, 3.140000, -0.107778, 0.041111, 0.164444, -0.680000, -8.920000, 4.000000, 231.500000, 18.750000, 10.562500
150, -1.420000, 3.190000, 2.570000, -0.090000, -0.046667, 0.307778, 3.140000, -1.730000, 9.120000, 231.250000, 18.687500, 10.750000, -2.040000, 0.150000, 2.760000, -0.160000, -0.141111, 0.091111, -0.670000, -8.940000, 3.970000, 231.250000, 18.687500, 10.750000
168, -0.780000, 3.040000, 1.700000, -0.091111, -0.198889, 0.420000, 3.170000, -1.780000, 9.100000, 230.750000, 18.875000, 11.062500, -1.580000, 0.000000, 2.220000, -0.273333, -0.416667, -0.047778, -0.620000, -8.960000, 3.920000, 230.750000, 18.875000, 11.062500
189, -0.260000, 3.200000, 0.650000, -0.221111, -0.370000, 0.852222, 3.210000, -1.860000, 9.070000, 229.875000, 19.062500, 11.625000, -1.220000, 0.990000, 1.490000, -0.557778, -0.755556, -0.136667, -0.540000, -9.000000, 3.840000, 229.875000, 19.062500, 11.625000
209, 0.130000, 2.460000, -0.510000, -0.264444, -0.348889, 1.044444, 3.220000, -1.980000, 9.040000, 228.687500, 19.187500, 12.375000, -0.100000, 0.900000, 0.700000, -0.852222, -1.096667, 0.035556, -0.500000, -9.030000, 3.780000, 228.687500, 19.187500, 12.375000
230, 0.360000, -1.320000, -1.080000, -0.657778, -0.152222, 1.165556, 3.210000, -2.160000, 9.000000, 227.375000, 19.062500, 13.437500, 1.600000, -1.280000, -2.000000, -0.927778, -1.048889, 0.001111, -0.400000, -9.120000, 3.560000, 227.375000, 19.062500, 13.437500
250, -0.450000, -3.910000, -0.010000, -0.560000, -0.128889, 0.761111, 3.190000, -2.310000, 8.970000, 226.625000, 19.000000, 14.437500, 1.720000, -4.190000, -2.360000, -0.820000, -0.783333, -0.191111, -0.270000, -9.160000, 3.460000, 226.625000, 19.000000, 14.437500
269, 0.320000, -8.060000, -1.740000, -0.355556, -0.203333, 0.665556, 3.210000, -2.390000, 8.950000, 226.000000, 19.125000, 14.937500, 3.410000, -3.970000, -4.410000, -0.316667, -0.651111, -0.755556, -0.060000, -9.170000, 3.450000, 226.000000, 19.125000, 14.937500
289, 3.200000, -13.290000, -7.860000, 0.484444, 0.067778, -0.661111, 3.230000, -2.310000, 8.960000, 226.312500, 19.250000, 14.437500, 6.320000, 2.150000, -9.920000, 0.720000, -0.624444, -1.261111, 0.160000, -9.110000, 3.620000, 226.312500, 19.250000, 14.437500
310, 4.320000, -11.700000, -11.360000, 0.857778, 0.377778, -1.336667, 3.190000, -2.040000, 9.040000, 228.000000, 18.937500, 12.750000, 5.990000, 3.900000, -10.630000, 1.365556, 1.017778, 0.201111, 0.110000, -9.060000, 3.740000, 228.000000, 18.937500, 12.750000
330, 0.020000, -3.480000, -6.060000, 1.091111, 1.410000, -2.841111, 3.040000, -1.690000, 9.160000, 230.875000, 18.062500, 10.437500, 1.470000, 3.700000, -8.280000, 1.343333, 1.674444, 0.861111, -0.330000, -8.920000, 4.040000, 230.875000, 18.062500, 10.437500
348, -5.440000, 7.340000, -0.820000, 0.580000, 2.272222, -2.644444, 2.770000, -1.410000, 9.290000, 233.937500, 16.437500, 8.625000, -7.690000, 4.020000, 3.280000, 0.412222, 3.236667, 1.734444, -0.600000, -8.900000, 4.060000, 233.937500, 16.437500, 8.625000
369, -7.830000, 13.150000, 4.700000, 0.135556, 1.994444, -2.184444, 2.480000, -1.320000, 9.390000, 236.062500, 14.625000, 8.000000, -10.680000, 1.850000, 8.632500, -0.145556, 2.978889, 1.624444, -1.300000, -8.890000, 3.900000, 236.062500, 14.625000, 8.000000
389, -8.470000, 14.140000, 9.440000, -0.607778, 1.855556, -0.046667, 2.140000, -1.400000, 9.460000, 236.750000, 12.625000, 8.437500, -11.180000, 0.780000, 13.970000, -0.868889, 1.120000, 0.295556, -1.370000, -8.950000, 3.750000, 236.750000, 12.625000, 8.437500
410, -5.950000, 11.640000, 7.050000, -0.513333, 1.381111, 0.615555, 1.910000, -1.510000, 9.490000, 235.875000, 11.250000, 9.062500, -8.490000, 2.860000, 12.810000, -0.466667, -0.817778, -0.151111, -1.330000, -8.970000, 3.720000, 235.875000, 11.250000, 9.062500
428, -1.240000, 10.210000, -1.560000, 0.165556, 0.844444, 2.032222, 1.710000, -1.560000, 9.520000, 234.000000, 10.062500, 9.312500, -3.870000, 6.800000, 5.440000, -0.227778, -2.171111, 0.125556, -1.150000, -8.990000, 3.720000, 234.000000, 10.062500, 9.312500
449, 1.210000, 10.930000, -6.520000, 0.076667, 1.244444, 3.061111, 1.440000, -1.620000, 9.560000, 231.000000, 8.437500, 9.625000, -1.300000, 10.060000, 1.060000, -0.824444, -2.783333, 1.095556, -1.140000, -9.010000, 3.680000, 231.000000, 8.437500, 9.625000
469, 0.810000, 7.840000, -7.470000, -0.343333, 1.610000, 3.658889, 0.990000, -1.810000, 9.580000, 226.937500, 5.812500, 10.687500, 0.900000, 7.570000, -4.050000, -2.126667, -2.614444, 2.257778, -1.470000, -9.140000, 3.230000, 226.937500, 5.812500, 10.687500
490, 2.163125, -3.560000, -7.770000, -2.003333, 2.794445, 4.772222, 0.350000, -2.180000, 9.550000, 222.062500, 2.062500, 12.875000, 5.050000, 2.350000, -7.620000, -3.181111, -2.120000, 3.486667, -2.010000, -9.190000, 2.760000, 222.062500, 2.062500, 12.875000
510, 2.070000, -26.570000, -6.490000, -1.928889, 3.486667, 3.717778, -0.470000, -2.450000, 9.480000, 219.375000, -2.750000, 14.500000, 6.430000, -13.610000, -12.460000, -1.875556, -0.653333, 3.687778, -2.310000, -9.160000, 2.610000, 219.375000, -2.750000, 14.500000
529, -2.163125, -23.330000, 3.760000, 0.408889, 4.171111, -0.203333, -1.270000, -2.440000, 9.410000, 219.687500, -7.437500, 14.562500, 3.520000, -12.350000, -11.300000, 0.198889, 0.600000, 2.650000, -3.040000, -8.950000, 2.570000, 219.687500, -7.437500, 14.562500
549, -8.550000, -16.690001, 17.400000, 1.207778, 1.540000, -1.334444, -1.650000, -2.280000, 9.390000, 221.250000, -9.687500, 13.625000, 1.880000, -13.350000, -9.120000, 0.832222, 1.326667, 1.565556, -3.210000, -8.890000, 2.600000, 221.250000, -9.687500, 13.625000
570, -8.662500, -14.320000, 16.290001, 1.513333, -0.718889, -1.870000, -1.300000, -2.060000, 9.490000, 223.562500, -7.625000, 12.250000, -1.430000, -15.950000, -3.840000, 1.293333, 1.833333, -0.727778, -3.140000, -8.672500, 2.760000, 223.562500, -7.625000, 12.250000
590, -8.190000, -7.740000, 6.660000, 1.867778, -3.574445, -3.844445, -0.570000, -1.800000, 9.620000, 227.125000, -3.312500, 10.562500, -4.140000, -9.610000, -2.060000, 1.712222, 1.858889, -3.501111, -2.590000, -8.970000, 2.970000, 229.250000, -0.875000, 9.562500
609, -6.980000, -0.320000, 0.390000, 1.997778, -3.805556, -4.174443, 0.240000, -1.440000, 9.690000, 231.312500, 1.375000, 8.437500, -7.670000, 4.060000, -0.260000, 2.407778, 1.954444, -4.452222, -2.260000, -9.010000, 3.130000, 231.312500, 1.375000, 8.437500
629, -0.240000, 12.170000, -12.400000, 1.003333, -1.787778, -2.358889, 0.740000, -1.180000, 9.700000, 234.187500, 4.312500, 6.937500, -8.580000, 15.320000, 0.580000, 3.330000, 2.286667, -3.055556, -1.790000, -8.662500, 3.800000, 235.000000, 4.625000, 6.187500
650, 8.110000, 14.290000, -29.879999, 1.394444, 1.632222, -0.861111, 0.650000, -0.920000, 9.740000, 235.500000, 3.812500, 5.437500, -3.330000, 22.459999, -0.060000, 2.758889, 3.924444, 0.539392, -1.980000, -8.740000, 3.960000, 235.500000, 3.812500, 5.437500
670, 4.790000, 14.590000, -31.100000, 1.368889, 4.468889, -0.307778, -0.390000, -0.670000, 9.770000, 235.812500, -2.312500, 3.937500, -1.520000, 21.850000, 0.720000, 0.633333, 3.893333, 3.483333, -3.240000, -8.410000, 3.840000, 235.812500, -2.312500, 3.937500
688, -2.050000, 10.260000, -25.940001, -0.152222, 11.083333, 1.563333, -2.260000, -0.580000, 9.520000, 234.750000, -13.375000, 3.437500, -0.520000, 18.139999, 1.200000, -2.062222, 2.917778, 5.460000, -4.350000, -8.150000, 3.250000, 234.125000, -20.125000, 3.875000
709, -6.690000, -6.600000, -13.170000, -0.897778, 12.357778, 1.388889, -4.450000, -0.690000, 8.710000, 233.937500, -27.000000, 4.500000, 1.950000, 2.870000, -4.350000, -3.175555, 2.275556, 6.726666, -4.940000, -7.950000, 2.910000, 233.937500, -27.000000, 4.500000
729, -12.040000, -6.130000, 1.590000, -0.688889, 10.986667, -0.683333, -6.220000, -0.850000, 7.530000, 234.687500, -39.375000, 6.437500, -0.960000, -3.350000, -6.910000, -2.981111, 1.931111, 6.812222, -6.530000, -7.050000, 1.910000, 235.375000, -44.562500, 8.000000
750, -20.290001, -4.100000, 21.410000, -1.174444, 6.927778, -1.132222, -7.310000, -1.120000, 6.430000, 235.937500, -48.187500, 9.937500, -8.300000, -15.740000, -0.510000, -3.487778, 2.136667, 5.982222, -6.950000, -6.730000, 1.550000, 235.937500, -48.187500, 9.937500
768, -24.020000, -6.790000, 32.820000, -1.316667, 2.597778, -0.815556, -7.380000, -1.350000, 6.300000, 236.062500, -48.875000, 12.125000, -11.900000, -32.590000, 6.960000, -2.423333, 2.485556, 2.506667, -7.450000, -6.330000, 0.690000, 236.062500, -48.875000, 12.125000
789, -21.780001, -13.700000, 31.469999, 0.737778, -5.686666, -0.698889, -6.780000, -1.390000, 6.940000, 236.312500, -43.750000, 11.375000, -14.340000, -28.620001, 15.470000, 0.716667, -0.380000, -2.916667, -6.950000, -6.830000, 1.040000, 237.000000, -39.625000, 10.375000
809, -18.820000, -11.820000, 18.490000, 1.593333, -7.423333, -1.141111, -5.600000, -1.270000, 7.940000, 237.875000, -34.875000, 9.062500, -9.580000, -14.650000, -3.500000, 2.170903, -3.558889, -5.880000, -6.510000, -7.180000, 1.420000, 237.875000, -34.875000, 9.062500
830, -14.540000, -6.240000, 3.110000, 2.764444, -8.992222, -1.817778, -4.130000, -0.980000, 8.642500, 239.937500, -24.875000, 6.375000, -7.740000, -7.400000, -5.260000, 2.928889, -2.926667, -7.218889, -4.770000, -8.180000, 2.530000, 241.000000, -20.062500, 5.375000
850, -7.020000, 3.400000, -9.100000, 1.420000, -7.887778, -1.722222, -2.660000, -0.790000, 9.400000, 241.875000, -15.750000, 4.812500, -8.260000, 3.570000, -3.280000, 3.004444, -2.232222, -8.022223, -4.080000, -8.440000, 2.870000, 241.875000, -15.750000, 4.812500
869, -3.760000, 3.070000, -12.430000, 1.214444, -6.927778, -1.643333, -1.460000, -0.630000, 9.670000, 243.375000, -8.562500, 3.687500, -7.280000, 11.020000, -3.020000, 2.906667, -1.750000, -7.288889, -2.720000, -8.750000, 3.470000, 243.750000, -5.875000, 3.250000
889, 5.110000, 3.120000, -17.980000, 0.516667, -3.695555, -0.304444, -0.660000, -0.510000, 9.770000, 243.875000, -3.875000, 3.000000, -0.510000, 15.760000, -4.300000, 2.563150, -1.618889, -4.713333, -1.370000, -8.750000, 4.200000, 244.062500, -2.312500, 2.750000
910, 8.010000, -8.420000, -17.010000, 0.471111, -2.756667, -0.326667, -0.210000, -0.410000, 9.790000, 244.562500, -1.250000, 2.375000, 5.980000, 11.510000, -10.840000, 2.016667, -1.142222, -1.558889, -1.200000, -8.680000, 4.380000, 244.562500, -1.250000, 2.375000
930, 5.930000, -14.910000, -10.570000, 0.835556, -0.851111, -3.153333, 0.000000, -0.260000, 9.800000, 247.437500, 0.000000, 1.500000, 8.740000, -2.440000, -18.150000, 1.011111, 0.614444, -0.024444, -1.250000, -8.550000, 4.630000, 249.687500, 0.375000, 0.937500
949, -1.570000, -15.270000, -2.590000, 1.408889, -0.264444, -5.017778, 0.090000, -0.030000, 9.800000, 252.437500, 0.500000, 0.125000, 1.770000, -4.590000, -12.980000, 0.931111, 3.046667, -0.014444, -1.380000, -8.510000, 4.670000, 252.437500, 0.500000, 0.125000
969, -5.680000, -5.600000, 1.150000, 2.072222, 0.015556, -5.494444, 0.060000, 0.430000, 9.790000, 258.375000, 0.312500, -2.500000, -5.490000, -4.250000, -1.060000, 1.038889, 4.475555, -0.024444, -1.760000, -8.410000, 4.710000, 261.000000, 0.125000, -4.312500
989, -10.690000, 12.570000, 9.900000, 3.384444, -0.387778, -3.922222, 0.020000, 1.050000, 9.740000, 263.125000, 0.125000, -6.187500, -11.580000, -3.420000, 13.090000, 1.053333, 3.510000, -0.967778, -1.970000, -8.330000, 4.770000, 264.687500, 0.812500, -7.875000
1010, -13.010000, 23.969999, 15.990000, 3.076667, -1.653333, -2.807778, 0.430000, 1.550000, 9.670000, 265.562500, 2.500000, -9.125000, -12.660000, 2.390000, 19.459999, 1.241111, 1.691111, -2.892222, -1.820000, -8.320000, 4.840000, 265.562500, 2.500000, -9.125000
1028, -8.530000, 23.320000, 4.500000, 0.153333, -5.794445, 1.094444, 1.410000, 1.670000, 9.550000, 265.437500, 8.312500, -9.875000, -9.080000, 10.410000, 15.340000, 1.174444, -0.970000, -3.227778, -1.280000, -8.310000, 5.040000, 264.625000, 12.000000, -9.500000
1049, -8.610000, 20.530001, 3.840000, -0.772222, -7.557778, 3.234444, 2.760000, 1.440000, 9.290000, 263.250000, 16.375000, -8.625000, -6.280000, 8.490000, 10.640000, 0.318889, -2.560000, -2.286667, -0.660000, -8.300000, 5.160000, 263.250000, 16.375000, -8.625000
1069, -11.650000, 10.940000, 0.670000, -0.902222, -8.737778, 4.175556, 4.460000, 1.010000, 8.670000, 259.125000, 27.062500, -6.625000, -4.700000, 5.970000, 5.900000, -0.027778, -3.736667, -2.067778, 0.000000, -8.310000, 5.190000, 256.500000, 32.562500, -5.125000
1090, -5.880000, 6.420000, -17.360001, -0.061111, -8.204445, 5.840000, 5.940000, 0.420000, 7.780000, 253.500000, 37.250000, -3.062500, -3.120000, 8.560000, 0.520000, 0.033712, -4.977778, -1.687778, 0.760000, -8.310000, 5.150000, 250.375000, 40.687500, -0.750000
1108, 2.080000, -11.060000, -25.540001, 0.177778, -6.103333, 5.754445, 6.680000, -0.200000, 7.170000, 247.687500, 42.937500, 1.562500, 5.970000, 12.760000, -9.360000, 0.596667, -4.571111, 0.130000, 1.280000, -8.250000, 5.120000, 247.687500, 42.937500, 1.562500
1129, 5.250000, -17.240000, -32.230000, 0.152222, 0.616667, 1.800000, 6.770000, -0.520000, 7.070000, 244.812500, 43.687500, 4.250000, 10.120000, 9.010000, -27.730000, 0.877778, -1.968889, 2.776667, 1.230000, -8.230000, 5.180000, 244.562500, 41.312500, 4.062500
1149, -0.970000, -3.260000, -30.959999, 0.376667, 6.974444, -0.131111, 5.970000, -0.490000, 7.750000, 244.625000, 37.500000, 3.625000, 6.750000, 10.540000, -25.150000, 0.733333, 4.672222, 3.724444, 0.370000, -8.210000, 5.340000, 244.625000, 37.500000, 3.625000
1170, -3.820000, -0.640000, -47.669998, -0.371111, 10.418889, 0.128889, 3.920000, -0.650000, 8.960000, 245.375000, 23.562500, 4.125000, -1.290000, 17.150000, -12.100000, -2.142222, 7.441111, 4.156667, -0.970000, -8.310000, 5.100000, 246.562500, 12.250000, 5.000000
1190, -32.029999, -17.639999, -48.880001, -2.448889, 25.154444, -1.828889, -0.200000, -1.040000, 9.740000, 248.250000, -1.187500, 6.125000, -3.940000, 13.870000, -13.680000, -4.794445, 6.758889, 6.666667, -2.530000, -8.490000, 4.190000, 250.187500, -15.187500, 7.625000
1209, -36.680000, -14.120000, -24.469999, -2.057778, 26.333334, -2.154444, -4.660000, -1.420000, 8.500000, 252.250000, -28.375000, 9.500000, -10.140000, 4.740000, -12.800000, -4.111111, 5.748889, 9.695556, -4.380000, -8.210000, 3.080000, 252.250000, -28.375000, 9.500000
1229, -32.959999, -2.340000, 5.240000, 0.892222, 18.242222, -2.132222, -7.430000, -1.570000, 6.190000, 256.812500, -49.312500, 14.187500, -16.010000, 3.430000, -6.840000, -2.864444, 5.141111, 11.283334, -6.270000, -7.240000, 2.090000, 258.250000, -56.375000, 18.500000
1250, -31.080000, 4.200000, 27.139999, -1.866667, 9.136666, -0.930000, -8.560000, -1.880000, 4.390000, 258.812500, -60.812500, 23.187500, -19.049999, -14.290000, 3.390000, -4.462222, 4.506667, 9.811111, -7.700000, -5.980000, 0.950000, 258.812500, -60.812500, 23.187500
1270, -30.450001, 1.700000, 28.129999, -2.027778, 6.280000, -0.283333, -8.970000, -2.010000, 3.400000, 258.312500, -66.125000, 30.562500, -24.440001, -34.139999, 25.830000, -5.037778, 3.873333, 5.144444, -8.430000, -5.000000, -0.180000, 257.625000, -67.312500, 31.500000
1288, -30.200001, 0.810000, 35.840000, -0.117778, -1.598889, 1.337778, -9.020000, -1.860000, 3.350000, 256.750000, -66.937500, 29.000000, -23.510000, -32.020000, 28.160000, -0.720000, -0.823333, -2.222222, -8.380000, -5.060000, -0.480000, 255.562500, -65.125000, 24.187500
1309, -27.350000, -3.360000, 25.110001, 0.452222, -4.693333, 1.813333, -8.650000, -1.500000, 4.350000, 254.375000, -61.937500, 19.062500, -16.270000, -10.030000, 6.940000, 2.102222, -5.634444, -5.424443, -7.870000, -5.820000, 0.400000, 254.375000, -61.937500, 19.062500
1329, -24.410000, -0.900000, 17.459999, 0.573333, -11.013333, 1.851111, -7.720000, -1.150000, 5.920000, 251.812500, -51.937500, 10.937500, -11.510000, -6.210000, -2.050000, 1.871111, -6.348889, -6.533333, -7.000000, -6.670000, 1.550000, 250.437500, -45.375000, 8.250000
1350, -22.129999, -1.510000, 5.290000, 0.275556, -13.512222, 1.828889, -6.070000, -0.850000, 7.650000, 249.062500, -38.250000, 6.375000, -7.930000, -3.260000, -1.370000, 1.480000, -5.256667, -7.381111, -5.820000, -7.490000, 2.440000, 249.062500, -38.250000, 6.375000
1368, -18.400000, -2.550000, -3.470000, 0.196667, -14.320000, 1.533333, -3.760000, -0.680000, 9.020000, 247.000000, -22.562500, 4.312500, -7.560000, 0.000000, -1.100000, 1.547778, -4.721111, -7.775556, -4.420000, -8.170000, 3.140000, 246.125000, -14.437500, 3.687500
1389, -16.420000, -1.510000, -9.980000, 0.755556, -14.786667, 1.075556, -1.100000, -0.530000, 9.720000, 245.312500, -6.437500, 3.062500, -6.770000, 4.090000, -2.190000, 1.614444, -4.412222, -7.495555, -2.910000, -8.590000, 3.700000, 244.625000, 1.062500, 2.375000
1409, -9.730000, -3.390000, -16.660000, 1.192222, -13.992222, 1.034444, 1.380000, -0.270000, 9.700000, 243.937500, 8.062500, 1.562500, -4.770000, 6.040000, -2.510000, 2.072222, -3.984444, -6.543334, -1.480000, -8.730000, 4.190000, 243.937500, 8.062500, 1.562500
1430, -6.750000, -4.620000, -16.070000, 1.966667, -10.854445, 1.055556, 3.420000, 0.010000, 9.180000, 242.437500, 20.437500, -0.062500, -2.460000, 7.070000, -5.860000, 2.960000, -4.261111, -5.262222, -0.200000, -8.590000, 4.710000, 241.687500, 25.625000, -1.000000
1448, 2.900000, -5.900000, -29.480000, 1.973333, -7.504445, 0.840000, 4.860000, 0.280000, 8.500000, 241.000000, 29.687500, -1.937500, 4.260000, 12.090000, -14.800000, 3.893333, -4.347778, -3.283333, 0.820000, -8.220000, 5.270000, 241.000000, 29.687500, -1.937500
1469, 5.270000, -4.800000, -30.219999, 1.584444, -5.065556, 0.565556, 5.490000, 0.470000, 8.100000, 240.250000, 34.062500, -3.312500, 7.170000, 15.330000, -17.799999, 3.040000, -2.538889, -1.114444, 1.400000, -7.840000, 5.720000, 240.250000, 34.062500, -3.312500
1489, 2.840000, 2.920000, -25.889999, 0.141111, 0.655556, -0.193333, 5.530000, 0.550000, 8.070000, 240.312500, 34.312500, -3.937500, 3.690000, 22.240000, -17.219999, 0.536667, 0.524444, 0.737778, 1.400000, -7.710000, 5.890000, 240.375000, 32.937500, -3.437500
1510, 0.930000, 8.950000, -25.110001, -0.705556, 2.620000, 0.014444, 4.990000, 0.340000, 8.430000, 240.250000, 30.625000, -2.312500, -0.950000, 17.660000, -8.750000, -2.293333, 3.625556, 3.173333, 0.670000, -7.930000, 5.710000, 240.250000, 30.625000, -2.312500
1530, -3.880000, 5.850000, -25.700001, -3.337778, 8.560000, 1.826667, 3.760000, -0.270000, 9.050000, 239.187500, 22.562500, 1.687500, -7.240000, 6.360000, -1.890000, -4.815556, 3.168889, 4.121111, -0.290000, -8.390000, 5.060000, 238.687500, 16.875000, 4.062500
1549, -13.660000, -6.470000, -7.600000, -4.317778, 11.013333, 1.986667, 1.840000, -1.100000, 9.560000, 238.187500, 10.812500, 6.562500, -4.750000, -1.750000, -2.880000, -4.984445, 1.788889, 4.734445, -1.220000, -8.770000, 4.200000, 238.187500, 10.812500, 6.562500
1569, -24.469999, -24.010000, 29.440001, -1.410000, 2.427778, 0.600000, 0.790000, -1.590000, 9.640000, 237.625000, 4.625000, 9.375000, -4.040000, -18.059999, -1.890000, -3.496667, 1.657778, 5.137778, -2.163125, -8.880000, 3.500000, 237.625000, 4.625000, 9.375000
1590, -8.310000, -14.500000, 14.540000, 1.031111, -5.148889, -0.077778, 1.560000, -1.450000, 9.570000, 237.062500, 9.125000, 8.625000, -7.940000, -30.219999, 4.030000, -0.974444, 1.270000, 1.098889, -2.720000, -8.880000, 3.140000, 237.437500, 11.625000, 8.062500
1610, -6.160000, -18.889999, 9.480000, 0.966667, -4.463333, -1.074444, 2.370000, -1.190000, 9.440000, 238.437500, 14.000000, 7.125000, -4.800000, -19.100000, -2.720000, 1.645555, -1.154444, -3.883333, -2.200000, -8.940000, 3.360000, 238.437500, 14.000000, 7.125000
1628, -5.920000, -10.240000, 4.230000, 1.927778, -4.253334, -3.454444, 3.190000, -0.700000, 9.240000, 241.375000, 18.937500, 4.375000, -5.860000, -6.560000, -7.770000, 2.601111, -0.894444, -5.390000, -1.240000, -8.940000, 3.810000, 243.187500, 21.062500, 2.500000
1649, -3.450000, -1.940000, -4.880000, 2.047778, -2.846667, -3.816667, 3.780000, -0.090000, 9.040000, 245.000000, 22.687500, 0.562500, -6.690000, 1.600000, -3.890000, 3.195555, 0.347778, -5.473333, -0.320000, -8.790000, 4.330000, 245.000000, 22.687500, 0.562500
1669, 1.570000, 10.230000, -15.350000, 1.328889, -0.858889, -2.940000, 4.020000, 0.400000, 8.930000, 248.187500, 24.187500, -2.562500, -3.490000, 16.930000, -1.770000, 2.952222, 0.702222, -4.127778, 0.360000, -8.510000, 4.840000, 248.187500, 24.187500, -2.562500
1690, 5.260000, 12.480000, -23.950001, 0.030000, 2.826667, -1.955556, 3.680000, 0.640000, 9.060000, 250.437500, 22.000000, -4.000000, -0.650000, 22.299999, 1.880000, 0.895556, 1.235556, -1.336667, 0.600000, -8.350000, 5.100000, 251.187500, 19.937500, -3.937500
1708, -3.180000, 6.700000, 5.240000, -0.604444, 3.721111, -1.346667, 3.120000, 0.550000, 9.270000, 251.687500, 18.562500, -3.437500, 3.200000, 7.890000, -1.220000, -1.067778, 0.795556, 1.357778, 0.380000, -8.420000, 4.990000, 251.687500, 18.562500, -3.437500
1729, -7.010000, -4.410000, 22.680000, -0.671111, -4.102222, -0.635556, 3.580000, 0.430000, 9.110000, 252.562500, 21.437500, -2.750000, 2.310000, -14.860000, -2.300000, -1.437778, 1.255556, 1.003333, 0.070000, -8.560000, 4.760000, 253.312500, 24.250000, -2.875000
1749, -1.180000, -15.450000, 1.800000, 0.144444, -5.175556, -1.902222, 4.450000, 0.540000, 8.710000, 254.375000, 27.000000, -3.500000, 1.480000, -18.430000, -2.910000, 0.290000, 0.707778, -1.591111, 0.130000, -8.590000, 4.720000, 254.375000, 27.000000, -3.500000
1770, 2.060000, -13.940000, -6.010000, 0.906667, -2.980000, -3.314445, 4.990000, 0.930000, 8.380000, 257.625000, 30.625000, -6.312500, 0.740000, -2.390000, -9.480000, 2.169792, 0.233333, -3.451111, 0.610000, -8.400000, 5.020000, 257.625000, 30.625000, -6.312500
1790, 0.960000, -3.000000, -6.270000, 1.244444, -1.685556, -3.930000, 5.220000, 1.490000, 8.160000, 261.500000, 32.125000, -10.375000, -1.120000, 7.730000, -5.470000, 2.377778, 1.782222, -2.330000, 0.920000, -8.110000, 5.420000, 263.562500, 32.125000, -12.250000
1809, 0.240000, 8.580000, -12.010000, 0.917778, -0.784444, -3.917778, 5.110000, 1.940000, 8.130000, 265.312500, 31.437500, -13.375000, -6.570000, 16.889999, 6.940000, 1.293333, 2.586667, -0.318889, 0.780000, -7.920000, 5.720000, 265.312500, 31.437500, -13.375000
1829, -9.120000, 26.799999, 5.840000, -0.795556, 0.867778, -0.150000, 4.900000, 1.930000, 8.260000, 266.500000, 30.000000, -13.125000, -11.190000, 9.900000, 14.240000, -1.132222, 1.825556, 0.803333, 0.440000, -7.990000, 5.660000, 265.562500, 30.250000, -12.125000
1850, -9.950000, 30.219999, 4.980000, -1.008889, -1.077778, 3.874444, 5.080000, 1.520000, 8.240000, 263.687500, 31.187500, -10.437500, -11.050000, 10.790000, 18.330000, -1.508889, -0.651111, -0.024444, 0.400000, -8.160000, 5.410000, 263.687500, 31.187500, -10.437500
1870, -6.490000, 23.360001, -9.200000, -1.668889, -1.223333, 6.610000, 5.430000, 0.680000, 8.130000, 257.687500, 33.625000, -4.750000, -4.170000, 16.580000, 4.770000, -1.770000, -3.547778, 0.555556, 0.650000, -8.320000, 5.140000, 257.687500, 33.625000, -4.750000
1889, -2.270000, 8.490000, -20.120001, -1.622222, 0.776667, 8.287778, 5.410000, -0.400000, 8.160000, 249.625000, 33.500000, 2.812500, 0.510000, 14.100000, -6.410000, -2.255556, -3.627778, 2.765556, 0.670000, -8.560000, 4.730000, 245.375000, 31.687500, 6.312500
1909, 2.120000, -6.700000, -33.110001, -1.204444, 2.723333, 8.292222, 4.630000, -1.360000, 8.530000, 241.687500, 28.187500, 9.062500, 8.270000, 6.990000, -16.209999, -2.086667, -1.543333, 5.246666, 0.080000, -8.770000, 4.360000, 241.687500, 28.187500, 9.062500
1930, -0.930000, -22.590000, -40.619999, -2.300000, 12.563334, 3.684444, 2.690000, -2.040000, 9.200000, 238.062500, 15.937500, 12.500000, 8.310000, -1.960000, -19.719999, -3.407778, 1.534444, 6.283333, -1.000000, -8.950000, 3.860000, 238.125000, 7.187500, 13.562500
1950, -13.870000, -23.500000, -28.959999, -1.736667, 18.254444, 0.684444, -0.420000, -2.450000, 9.480000, 239.000000, -2.500000, 14.437500, -1.010000, -5.850000, -10.980000, -3.686667, 3.402222, 6.074444, -2.260000, -9.020000, 3.100000, 239.000000, -2.500000, 14.437500
1968, -30.100000, -13.520000, 0.250000, 0.478889, 17.994444, -0.562222, -3.620000, -2.480000, 8.760000, 242.062500, -21.687500, 15.812500, -6.370000, -5.580000, -5.720000, -3.017778, 2.761111, 6.478889, -3.490000, -8.642500, 2.420000, 242.062500, -21.687500, 15.812500
1989, -33.910000, -3.190000, 27.990000, 0.131111, 10.087778, -0.196667, -5.630000, -2.440000, 7.640000, 244.500000, -35.062500, 17.687500, -8.430000, -20.139999, 2.800000, -2.816667, 1.786667, 5.348889, -4.540000, -8.500000, 1.770000, 244.500000, -35.062500, 17.687500
2009, -31.230000, -4.780000, 31.530001, -0.682222, 1.501111, 0.296667, -5.320000, -2.530000, 7.830000, 243.250000, -32.875000, 17.937500, -11.300000, -28.820000, 7.560000, -1.177778, 0.866667, 1.125556, -4.950000, -8.340000, 1.400000, 243.250000, -32.875000, 17.937500
2030, -20.320000, -15.940000, 13.480000, 0.055556, -9.691112, -0.300000, -3.860000, -2.610000, 8.620000, 241.562500, -23.187500, 16.812500, -10.390000, -17.809999, 4.960000, 1.182222, -1.066667, -3.647778, -4.510000, -8.560000, 1.540000, 241.500000, -17.562500, 15.937500
2048, -20.900000, -16.520000, 18.860001, 1.614444, -12.342222, -1.994444, -1.840000, -2.470000, 9.300000, 241.812500, -10.812500, 14.875000, -4.740000, -7.890000, -6.540000, 2.054445, -2.791111, -5.453333, -3.570000, -8.890000, 2.050000, 241.812500, -10.812500, 14.875000
2069, -21.900000, -14.340000, 5.860000, 2.776667, -14.636666, -3.207778, 0.880000, -2.040000, 9.540000, 243.125000, 5.125000, 12.062500, -3.420000, -8.410000, -8.740000, 2.975556, -1.945556, -5.722222, -2.500000, -9.100000, 2.640000, 243.125000, 5.125000, 12.062500
2089, -1.310000, -7.310000, -32.759998, 2.507778, -8.646944, -4.204444, 2.940000, -1.410000, 9.240000, 246.187500, 17.437500, 8.625000, -2.050000, 0.140000, -9.510000, 4.581111, -0.921111, -5.993333, -1.400000, -9.080000, 3.410000, 246.187500, 17.437500, 8.625000
2110, 0.410000, -3.270000, -20.860001, 2.160000, -5.580000, -4.343333, 3.840000, -0.750000, 8.980000, 250.187500, 23.062500, 4.750000, 0.800000, 9.440000, -11.790000, 5.494444, 0.086667, -5.202222, -0.460000, -8.780000, 4.330000, 250.187500, 23.062500, 4.750000
2130, 6.010000, 1.320000, -33.520000, 1.508889, 0.546667, -5.178889, 4.020000, -0.070000, 8.940000, 255.125000, 24.187500, 0.437500, 6.110000, 22.360001, -15.320000, 4.700000, 2.957778, -3.522222, 0.000000, -8.340000, 5.140000, 255.125000, 24.187500, 0.437500
2149, 2.390000, 3.030000, -37.810001, -0.574444, 8.598886, -5.330000, 2.850000, 0.250000, 9.370000, 260.812500, 16.875000, -1.562500, 1.580000, 27.059999, -7.920000, 0.833333, 5.862222, -0.851111, -0.280000, -8.150000, 5.440000, 260.812500, 16.875000, -1.562500
2169, -4.800000, 13.480000, -38.220001, -1.920000, 15.581111, -4.631111, 0.280000, 0.160000, 9.800000, 266.125000, 1.625000, -0.875000, -8.930000, 19.850000, 1.930000, -3.766667, 6.656667, 2.675555, -1.230000, -8.380000, 4.930000, 266.125000, 1.625000, -0.875000
2190, -27.440001, 19.340000, 5.470000, -2.811111, 15.705556, -2.047778, -2.700000, -0.400000, 9.410000, 269.062500, -16.000000, 2.437500, -17.049999, -0.780000, 17.430000, -6.546667, 4.561111, 4.571111, -2.370000, -8.730000, 3.770000, 269.125000, -22.562500, 4.437500
2210, -26.910000, 23.799999, 30.049999, -3.245556, 12.126667, -0.333333, -4.310000, -0.970000, 8.750000, 268.062500, -26.062500, 6.312500, -16.590000, -8.070000, 22.430000, -5.318889, 0.541111, 3.163333, -3.080000, -8.900000, 2.690000, 268.062500, -26.062500, 6.312500
2229, -19.900000, 23.410000, 26.540001, -3.391111, -5.738889, 4.316667, -3.840000, -1.250000, 8.930000, 263.187500, -23.062500, 8.000000, -12.440000, -0.620000, 16.420000, -2.462222, -3.536667, 1.580000, -3.280000, -8.930000, 2.330000, 263.187500, -23.062500, 8.000000
2249, -18.160000, 14.650000, 13.740000, -4.574444, -9.814445, 7.172222, -2.500000, -1.630000, 9.330000, 254.375000, -14.750000, 9.875000, -5.290000, 2.660000, 4.520000, -2.190000, -6.867778, 1.183333, -3.220000, -8.950000, 2.350000, 254.375000, -14.750000, 9.875000
2269, -15.440000, -22.320000, 3.560000, -3.830000, -11.714444, 6.486667, -0.690000, -2.160000, 9.530000, 245.062500, -4.000000, 12.750000, 3.360000, -15.800000, -7.740000, -1.672222, -5.272222, 1.707778, -3.230000, -8.940000, 2.390000, 245.062500, -4.000000, 12.750000
2290, -3.360000, -37.009998, -19.139999, 1.432222, -7.632222, 0.518889, 0.860000, -2.120000, 9.530000, 241.687500, 5.000000, 12.562500, 1.330000, -26.450001, -12.160000, -0.122222, -4.063334, -1.533333, -2.950000, -9.000000, 2.520000, 241.687500, 5.000000, 12.562500
2308, 3.960000, -13.330000, -11.400000, 1.981111, -2.743333, -1.547778, 1.570000, -1.710000, 9.520000, 242.625000, 9.187500, 10.187500, 4.440000, -4.420000, -20.730000, 2.902222, -2.842222, -3.991111, -2.150000, -9.050000, 3.070000, 242.625000, 9.187500, 10.187500
2329, 4.500000, -14.190000, -9.990000, 1.482222, -0.455556, -1.875556, 1.800000, -1.370000, 9.540000, 244.187500, 10.562500, 8.187500, 6.560000, 1.990000, -19.049999, 2.835556, 0.128889, -2.391111, -1.600000, -8.970000, 3.610000, 244.187500, 10.562500, 8.187500
2349, 4.950000, -10.630000, -18.379999, 1.221111, 2.545556, -3.383333, 1.560000, -1.030000, 9.620000, 247.500000, 9.125000, 6.125000, 1.010000, 6.950000, -12.620000, 2.561111, 3.020000, -0.763333, -1.600000, -8.810000, 3.980000, 247.500000, 9.125000, 6.125000
2370, -0.890000, 1.710000, -14.220000, 0.695556, 5.272222, -3.523333, 0.770000, -0.790000, 9.740000, 251.625000, 4.500000, 4.625000, -7.570000, 20.430000, 3.960000, 0.748889, 4.258889, 0.475556, -1.930000, -8.700000, 4.080000, 251.625000, 4.500000, 4.625000
2388, -6.430000, 26.330000, -13.310000, -1.642222, 8.151111, -1.425556, -0.580000, -0.950000, 9.740000, 254.187500, -3.375000, 5.562500, -9.760000, 12.860000, 14.560000, -3.371111, 3.711111, 1.643333, -2.460000, -8.810000, 3.510000, 254.187500, -3.375000, 5.562500
2409, -12.250000, 21.959999, 10.340000, -2.838889, 4.198889, 0.725556, -1.670000, -1.460000, 9.550000, 254.187500, -9.812500, 8.687500, -7.880000, 7.520000, 15.150000, -4.147778, 0.975556, 1.287778, -2.800000, -8.990000, 2.720000, 254.187500, -9.812500, 8.687500
2429, -6.580000, 19.700001, 15.000000, -2.776667, -2.380000, 4.248889, -1.560000, -1.860000, 9.490000, 250.125000, -9.125000, 11.062500, -5.390000, 0.690000, 11.030000, -2.944444, -1.442222, 2.127778, -3.080000, -9.040000, 2.190000, 250.125000, -9.125000, 11.062500
2450, 2.780000, -29.870001, -8.800000, -0.274444, -0.881111, 2.635556, -1.410000, -1.960000, 9.500000, 246.125000, -8.312500, 11.687500, 1.840000, -16.240000, -6.130000, 0.190000, -2.852222, 2.682222, -3.430000, -8.900000, 2.240000, 246.125000, -8.312500, 11.687500
2470, 0.940000, -21.990000, 4.180000, 1.471111, -0.122222, -0.210000, -1.410000, -1.730000, 9.540000, 245.812500, -8.250000, 10.250000, 8.770000, -19.719999, -19.719999, 1.944444, -2.461111, 0.943333, -3.540000, -8.730000, 2.700000, 245.812500, -8.250000, 10.250000
2489, -1.230000, -25.639999, 7.820000, 2.768889, -1.018889, -2.628889, -1.200000, -1.330000, 9.630000, 248.125000, -7.062500, 7.875000, 6.640000, -16.070000, -18.000000, 2.432222, -0.050000, -1.122222, -3.400000, -8.640000, 3.130000, 248.125000, -7.062500, 7.875000
2509, -1.320000, -16.830000, 4.180000, 2.933333, -1.396667, -4.073333, -0.880000, -0.870000, 9.720000, 252.312500, -5.125000, 5.062500, 4.180000, -13.300000, -14.960000, 2.693333, 1.858889, -2.553333, -3.130000, -8.610000, 3.470000, 252.312500, -5.125000, 5.062500
2530, -6.170000, 0.980000, -2.240000, 3.624444, -1.403333, -4.702222, -0.550000, -0.290000, 9.780000, 257.500000, -3.250000, 1.687500, -8.230000, 10.470000, -1.910000, 2.751111, 2.696667, -3.181111, -2.800000, -8.590000, 3.790000, 257.500000, -3.250000, 1.687500
2550, -5.840000, 27.910000, -6.650000, 1.616667, -0.402222, -1.888889, -0.430000, 0.110000, 9.790000, 260.562500, -2.500000, -0.625000, -13.370000, 21.129999, 18.650000, 0.622222, 3.085556, -1.877778, -2.660000, -8.620000, 3.830000, 260.562500, -2.500000, -0.625000
2568, -4.510000, 32.450001, -8.760000, -0.545556, -0.301111, 0.904444, -0.370000, 0.100000, 9.790000, 260.250000, -2.125000, -0.562500, -11.880000, 21.799999, 20.200001, -1.110000, 0.467778, -0.170000, -2.650000, -8.700000, 3.640000, 260.250000, -2.125000, -0.562500
2589, -1.510000, 37.549999, -15.320000, -2.808889, 1.002222, 4.250000, -0.490000, -0.290000, 9.780000, 256.500000, -2.875000, 1.687500, -6.290000, 19.070000, 12.760000, -2.392222, -1.616667, 1.775556, -2.780000, -8.770000, 3.360000, 256.500000, -2.875000, 1.687500
2609, -2.890000, 21.670000, -11.710000, -2.496667, 1.672222, 6.887778, -0.830000, -0.710000, 9.740000, 249.687500, -4.875000, 4.125000, -6.690000, 14.830000, 10.950000, -2.867778, -3.422222, 3.593333, -3.130000, -8.770000, 3.050000, 249.687500, -4.875000, 4.125000
2630, -6.120000, 10.220000, -7.720000, -0.977778, 1.781111, 8.920000, -1.300000, -0.810000, 9.680000, 240.437500, -7.625000, 4.750000, -10.150000, 6.970000, 1.520000, -2.494444, -5.820000, 5.674443, -3.680000, -8.580000, 2.970000, 240.437500, -7.625000, 4.750000
2648, -7.280000, -3.170000, -6.090000, -0.767778, 2.081111, 9.483334, -1.770000, -0.620000, 9.620000, 230.125000, -10.375000, 3.687500, 1.350000, -10.510000, -19.760000, -2.815556, -7.638889, 7.495555, -4.390000, -8.200000, 3.090000, 230.125000, -10.375000, 3.687500
2669, -5.060000, -38.639999, -3.000000, -0.335556, 2.931111, 2.958889, -2.330000, -0.590000, 9.500000, 224.562500, -13.687500, 3.562500, 5.890000, -25.120001, -27.379999, -1.223333, -3.744444, 6.703333, -5.190000, -7.630000, 3.280000, 224.562500, -13.687500, 3.562500
2689, -9.020000, -37.310001, 13.230000, 1.304444, 2.840000, -2.938889, -2.860000, -0.480000, 9.360000, 226.937500, -16.937500, 2.937500, 0.320000, -25.379999, -27.990000, 0.863333, 0.617778, 0.706667, -5.480000, -7.380000, 3.390000, 226.937500, -16.937500, 2.937500
2710, -9.820000, -36.340000, 14.020000, 1.806667, 1.595556, -5.676667, -3.150000, -0.500000, 9.270000, 232.625000, -18.750000, 3.062500, -1.700000, -23.750000, -23.280001, 1.755556, 4.225555, -1.651111, -5.530000, -7.410000, 3.240000, 232.625000, -18.750000, 3.062500
2728, -13.160000, -32.090000, 13.780000, 3.548889, 0.151111, -8.334444, -3.170000, -0.410000, 9.260000, 241.625000, -18.875000, 2.562500, -8.980000, -21.070000, -12.330000, 3.737778, 4.741111, -5.092222, -5.230000, -7.640000, 3.200000, 241.625000, -18.875000, 2.562500
2749, -17.209999, -12.850000, 3.480000, 5.188889, -0.740000, -9.541111, -3.030000, -0.110000, 9.320000, 252.625000, -18.000000, 0.687500, -14.090000, -0.140000, -10.140000, 5.138889, 4.635556, -7.573333, -4.470000, -7.990000, 3.500000, 252.625000, -18.000000, 0.687500
2769, -18.809999, 5.280000, 1.350000, 5.628889, -2.134444, -8.243333, -2.750000, 0.400000, 9.400000, 263.062500, -16.250000, -2.437500, -15.940000, 6.290000, -6.190000, 4.374444, 5.011111, -7.748889, -3.600000, -8.260000, 3.850000, 263.062500, -16.250000, -2.437500
2790, -15.950000, 29.330000, 0.790000, 4.171111, -4.325555, -4.522222, -2.140000, 0.970000, 9.520000, 269.937500, -12.562500, -5.812500, -18.110001, 15.340000, 4.360000, 1.797778, 4.723333, -6.186666, -2.910000, -8.490000, 3.950000, 269.937500, -12.562500, -5.812500
2810, -14.320000, 30.719999, 0.880000, 2.457778, -6.310000, -0.321111, -1.110000, 1.450000, 9.630000, 272.062500, -6.500000, -8.562500, -18.660000, 18.790001, 23.350000, 0.332222, 3.223333, -3.742222, -2.470000, -8.670000, 3.840000, 272.062500, -6.500000, -8.562500
2829, -14.560000, 26.299999, 3.480000, 1.094444, -8.745556, 2.602222, 0.430000, 1.710000, 9.640000, 270.687500, 2.500000, -10.000000, -18.260000, 14.750000, 31.280001, 2.387778, -0.857778, -1.698889, -2.120000, -8.640000, 4.110000, 270.687500, 2.500000, -10.000000
2849, -12.490000, 23.790001, -7.680000, 0.690000, -9.397778, 4.547778, 2.290000, 1.740000, 9.370000, 267.062500, 13.500000, -10.500000, -12.690000, 14.870000, 21.090000, 3.120000, -4.877778, -0.287778, -1.690000, -8.400000, 4.750000, 267.062500, 13.500000, -10.500000
2870, -3.370000, 16.610001, -25.139999, 0.708889, -6.230000, 5.738889, 3.720000, 1.540000, 8.940000, 261.750000, 22.250000, -9.812500, -4.870000, 13.950000, 1.660000, 1.344444, -6.984445, 0.175556, -1.080000, -8.210000, 5.240000, 261.750000, 22.250000, -9.812500
2890, 0.370000, 14.850000, -28.290001, 0.257778, -1.536667, 7.440000, 4.350000, 1.070000, 8.720000, 254.312500, 26.312500, -7.000000, 0.470000, 14.970000, -9.900000, -0.856667, -6.882222, 1.503333, -0.530000, -8.230000, 5.290000, 254.312500, 26.312500, -7.000000
2908, 2.240000, -3.210000, -31.820000, -0.918889, 3.635556, 7.985556, 4.080000, 0.320000, 8.900000, 245.562500, 24.625000, -2.062500, 6.640000, 16.040001, -18.540001, -1.635556, -6.024445, 3.025556, -0.630000, -8.370000, 5.050000, 245.562500, 24.625000, -2.062500
2929, 2.940000, -26.820000, -41.810001, -1.782222, 10.481112, 3.670000, 2.530000, -0.330000, 9.460000, 240.500000, 14.937500, 2.000000, 10.000000, 8.430000, -25.559999, -2.154444, 0.933333, 7.474444, -1.690000, -8.420000, 4.730000, 240.500000, 14.937500, 2.000000
2949, -8.250000, -19.280001, -42.860001, -0.058889, 18.734444, 0.541615, -0.520000, -0.420000, 9.780000, 239.750000, -3.062500, 2.500000, -1.750000, -6.550000, -17.250000, -2.347778, 4.527778, 7.883333, -3.280000, -8.260000, 4.130000, 239.750000, -3.062500, 2.500000
2970, -27.260000, -12.590000, -25.990000, -0.126667, 21.171112, -0.294444, -4.300000, -0.450000, 8.790000, 240.437500, -26.000000, 2.937500, -6.690000, -0.990000, -4.820000, -1.506667, 2.903333, 7.857778, -4.730000, -7.770000, 3.640000, 240.437500, -26.000000, 2.937500
2988, -33.430000, -3.020000, 16.440001, -0.807778, 15.675555, -0.191111, -6.900000, -0.560000, 6.940000, 241.000000, -44.687500, 4.625000, -7.670000, -4.930000, -6.300000, -3.440000, 2.010000, 7.668889, -5.970000, -7.150000, 3.020000, 241.000000, -44.687500, 4.625000
3009, -31.680000, -9.050000, 32.880001, 0.000000, 1.342222, -0.414444, -7.640000, -0.660000, 6.100000, 241.375000, -51.187500, 6.125000, -9.750000, -32.250000, 5.590000, -3.733333, 2.981111, 6.232222, -6.780000, -6.730000, 2.170000, 241.375000, -51.187500, 6.125000
3029, -31.670000, -0.810000, 32.410000, -0.674444, -11.812222, -0.091111, -6.380000, -0.720000, 7.410000, 241.000000, -40.562500, 5.562500, -14.160000, -32.349998, 17.450001, 0.777778, 1.037778, -3.633333, -6.610000, -6.980000, 1.890000, 241.000000, -40.562500, 5.562500
3050, -20.469999, -18.790001, 5.670000, 1.987778, -12.405556, -1.734444, -4.450000, -0.650000, 8.710000, 242.125000, -27.000000, 4.250000, -11.350000, -14.320000, 6.500000, 2.501111, -2.236667, -7.407778, -5.610000, -7.680000, 2.380000, 243.687500, -19.875000, 3.187500
3070, -18.910000, -7.400000, 0.570000, 2.896667, -12.803333, -2.835556, -2.180000, -0.330000, 9.550000, 245.312500, -12.875000, 2.000000, -8.640000, -4.930000, -4.020000, 3.221111, -2.873333, -8.148889, -4.220000, -8.280000, 3.120000, 245.312500, -12.875000, 2.000000
3089, -2.320000, 4.220000, -23.840000, 1.558889, -9.037778, -1.920000, -0.290000, -0.020000, 9.800000, 247.687500, -1.750000, 0.125000, -5.660000, 4.530000, -8.672500, 3.434444, -1.701111, -7.294445, -2.870000, -8.570000, 3.780000, 248.500000, 1.937500, -0.312500
3109, 5.950000, 1.790000, -28.270000, 0.615555, -4.295556, -1.582222, 0.730000, 0.120000, 9.770000, 249.375000, 4.250000, -0.687500, -2.110000, 14.830000, -9.180000, 3.797778, -1.306667, -6.261111, -1.900000, -8.530000, 4.440000, 249.375000, 4.250000, -0.687500
3130, 19.559999, -0.160000, -49.139999, 0.181111, 5.774445, -2.693333, 0.200000, 0.220000, 9.800000, 252.000000, 1.125000, -1.312500, 8.160000, 27.520000, -16.180000, 2.943333, 2.363333, 0.051111, -1.820000, -8.280000, 4.920000, 253.562500, -5.437500, -1.187500
3150, 7.600000, -3.540000, -49.119999, 0.050000, 17.200001, -3.252222, -2.500000, 0.150000, 9.470000, 255.250000, -14.812500, -0.937500, 3.960000, 19.320000, -13.290000, -0.400000, 5.778889, 4.034444, -2.780000, -8.100000, 4.750000, 255.250000, -14.812500, -0.937500
3169, -23.910000, -1.260000, -15.960000, 0.102222, 20.038889, -3.157778, -5.850000, -0.100000, 7.860000, 258.687500, -36.687500, 0.687500, -3.190000, 14.450000, -4.110000, -1.271111, 6.214445, 5.151111, -4.150000, -7.860000, 4.120000, 258.687500, -36.687500, 0.687500
3189, -29.280001, 10.860000, 19.730000, -0.941111, 12.497778, -1.750000, -7.790000, -0.440000, 5.930000, 261.125000, -52.625000, 4.250000, -11.340000, 0.570000, 4.970000, -3.950000, 3.857778, 6.616667, -5.440000, -7.480000, 3.230000, 261.250000, -56.687500, 6.312500
3210, -21.309999, 12.920000, 22.340000, -2.030000, 4.532222, 0.117778, -8.420000, -0.680000, 4.970000, 260.687500, -59.187500, 7.750000, -12.440000, -11.810000, 13.160000, -4.541111, 3.145555, 5.600000, -6.260000, -7.180000, 2.290000, 260.687500, -59.187500, 7.750000
3230, -20.040001, 5.530000, 18.770000, -1.714444, 0.488889, 1.171111, -8.580000, -0.700000, 4.690000, 258.375000, -61.062500, 8.500000, -13.330000, -20.629999, 22.030001, -2.178889, -0.136667, 0.468889, -6.470000, -7.130000, 1.810000, 257.125000, -59.750000, 7.125000
3248, -21.870001, 9.900000, 27.860001, -1.054444, -5.832222, 2.161111, -8.200000, -0.490000, 5.350000, 255.500000, -56.750000, 5.250000, -11.630000, -11.600000, 20.190001, -0.050000, -3.331111, -1.867778, -6.180000, -7.320000, 2.060000, 255.500000, -56.750000, 5.250000
3269, -17.830000, 13.550000, 16.750000, -2.601111, -9.664444, 3.387778, -7.200000, -0.290000, 6.640000, 250.812500, -47.250000, 2.500000, -7.330000, -0.170000, 9.620000, 0.032222, -4.312222, -2.322222, -5.630000, -7.600000, 2.560000, 250.812500, -47.250000, 2.500000
3289, -10.890000, 9.290000, -2.090000, -3.090000, -9.916667, 4.170000, -5.830000, -0.210000, 7.870000, 244.937500, -36.500000, 1.562500, -3.670000, 3.390000, 4.600000, -0.993333, -5.213333, -2.531111, -4.990000, -7.900000, 2.960000, 242.062500, -31.312500, 1.437500
3310, -6.710000, 5.270000, -8.710000, -2.406667, -8.808888, 4.453333, -4.390000, -0.200000, 8.760000, 239.250000, -26.562500, 1.312500, -2.940000, 5.170000, 2.690000, -1.060000, -5.206666, -2.406667, -4.650000, -8.040000, 3.110000, 239.250000, -26.562500, 1.312500
3328, 0.620000, 3.020000, -17.330000, -1.475556, -5.717778, 5.203333, -3.280000, -0.130000, 9.230000, 233.375000, -19.562500, 0.812500, -3.000000, 7.350000, -1.600000, -0.793333, -5.760000, -0.835556, -3.780000, -8.300000, 3.570000, 230.250000, -17.437500, 0.562500
3349, 4.300000, -7.060000, -17.500000, -2.016667, -2.264444, 5.398889, -2.740000, -0.130000, 9.410000, 227.125000, -16.250000, 0.812500, 0.290000, 5.380000, -8.270000, -0.518889, -5.628889, 0.762222, -3.430000, -8.320000, 3.870000, 224.687500, -15.812500, 1.437500
3369, 3.730000, -29.590000, -12.350000, -1.870000, -0.076667, 1.806667, -2.670000, -0.360000, 9.420000, 223.562500, -15.750000, 2.187500, 8.200000, -5.220000, -22.000000, -0.396667, -4.787778, 1.256667, -3.310000, -8.280000, 4.070000, 223.562500, -15.750000, 2.187500
3390, 3.360000, -32.770000, -11.660000, -0.754444, 2.328889, -2.840000, -2.950000, -0.620000, 9.320000, 225.437500, -17.500000, 3.812500, 9.910000, -12.170000, -31.490000, -0.702222, 0.128889, 0.421111, -3.340000, -8.290000, 4.010000, 227.875000, -18.812500, 4.750000
3410, -3.560000, -34.860001, -0.140000, 0.906667, 2.415555, -5.858889, -3.330000, -0.870000, 9.180000, 231.187500, -19.812500, 5.437500, 3.110000, -13.210000, -27.780001, -0.131111, 2.452222, 0.190000, -3.450000, -8.290000, 3.920000, 231.187500, -19.812500, 5.437500
3429, -16.610001, -17.120001, 18.690001, 3.492222, -0.572222, -6.894444, -3.280000, -0.790000, 9.200000, 239.187500, -19.500000, 4.937500, -6.040000, -14.900000, -12.420000, 0.734444, 6.334445, -1.251111, -3.920000, -8.300000, 3.430000, 243.125000, -18.125000, 3.937500
3449, -17.200001, -0.070000, 13.750000, 3.808889, -3.173333, -5.906667, -2.730000, -0.470000, 9.400000, 246.562500, -16.187500, 2.875000, -13.970000, -13.970000, 6.250000, 0.478889, 5.357778, -4.086667, -3.750000, -8.510000, 3.100000, 249.375000, -13.812500, 1.750000
3470, -17.410000, 19.740000, 14.600000, 2.476667, -5.618889, -3.212222, -1.820000, -0.130000, 9.630000, 251.250000, -10.687500, 0.750000, -18.299999, -3.680000, 16.370001, 0.488889, 4.338889, -5.661111, -2.940000, -8.672500, 2.970000, 252.062500, -6.562500, 0.000000
3490, -18.940001, 20.610001, 16.490000, 1.302222, -9.893333, 0.026667, -0.210000, 0.120000, 9.800000, 252.062500, -1.187500, -0.687500, -17.360001, 7.090000, 18.360001, 2.553333, 0.540504, -6.101111, -1.910000, -9.040000, 3.260000, 251.625000, 5.312500, -1.312500
3509, -18.120001, 13.050000, -0.660000, 1.088889, -12.744445, 1.673333, 2.080000, 0.300000, 9.570000, 250.750000, 12.250000, -1.812500, -13.360000, 11.490000, 17.030001, 3.278889, -1.244444, -5.137778, -1.420000, -9.020000, 3.560000, 250.750000, 12.250000, -1.812500
3529, -12.140000, 8.920000, -14.460000, 1.218889, -10.967778, 2.170000, 4.130000, 0.370000, 8.880000, 248.437500, 24.875000, -2.375000, -8.230000, 9.560000, 5.410000, 2.423333, -5.170000, -3.437778, 0.030000, -8.760000, 4.390000, 247.125000, 30.375000, -2.750000
3549, -6.320000, 2.760000, -16.190001, 1.844444, -8.710000, 2.301111, 5.640000, 0.430000, 8.000000, 245.687500, 35.125000, -3.125000, -1.060000, 9.110000, -6.370000, 1.968889, -5.026667, -3.311111, 0.950000, -8.560000, 4.670000, 244.312500, 39.125000, -3.312500
3570, -1.120000, -2.230000, -23.139999, 1.338889, -5.348889, 1.836667, 6.570000, 0.420000, 7.260000, 243.062500, 42.062500, -3.312500, 2.450000, 12.720000, -8.370000, 2.261111, -3.780000, -2.295556, 1.560000, -8.300000, 4.970000, 243.062500, 42.062500, -3.312500
3588, 2.470000, -3.130000, -28.850000, 0.217778, -0.882222, 1.131111, 6.850000, 0.320000, 7.000000, 241.500000, 44.312500, -2.625000, 7.490000, 16.330000, -15.300000, 2.053333, -2.694444, 0.016667, 1.690000, -8.170000, 5.130000, 241.187500, 43.250000, -1.937500
3609, 4.310000, -2.040000, -37.410000, -1.217778, 4.943333, 0.413333, 6.380000, 0.130000, 7.440000, 241.187500, 40.562500, -1.000000, 5.000000, 13.730000, -18.400000, -0.122222, -0.680000, 1.843333, 1.580000, -8.210000, 5.110000, 241.187500, 40.562500, -1.000000
3629, -0.720000, -2.140000, -37.840000, -2.556667, 11.664444, 0.016667, 4.920000, -0.200000, 8.470000, 241.875000, 30.062500, 1.312500, 2.650000, 17.100000, -20.590000, -1.534444, 2.226667, 3.056667, 0.480000, -8.540000, 4.790000, 242.625000, 20.687500, 2.937500
3650, -20.000000, -12.960000, -48.200001, -3.816667, 21.823334, -0.806667, 1.510000, -0.800000, 9.650000, 243.687500, 8.875000, 4.687500, -6.470000, 11.690000, -8.580000, -3.321111, 5.681111, 5.351111, -0.980000, -8.810000, 4.180000, 244.937500, -3.500000, 6.562500
3668, -36.110001, -10.770000, -20.170000, -2.678889, 21.983334, -0.742222, -2.590000, -1.370000, 9.350000, 246.000000, -15.312500, 8.312500, -8.600000, 8.060000, -7.020000, -3.732222, 5.076667, 7.540000, -1.800000, -8.662500, 3.800000, 246.000000, -15.312500, 8.312500
3689, -32.939999, -2.540000, 13.740000, -1.130000, 15.268888, 0.117778, -5.430000, -1.610000, 8.000000, 247.312500, -33.625000, 11.375000, -14.040000, -0.020000, -1.270000, -2.618889, 4.005556, 9.501111, -4.470000, -8.270000, 2.770000, 247.312500, -40.000000, 13.062500
3709, -24.940001, 4.320000, 16.389999, -2.266667, 8.947778, 0.876667, -6.910000, -1.790000, 6.710000, 246.812500, -44.812500, 14.937500, -13.870000, -7.010000, 3.270000, -2.476667, 3.258889, 8.927778, -5.230000, -7.920000, 2.430000, 246.812500, -44.812500, 14.937500
3730, -27.459999, -3.970000, 32.840000, -2.518889, 2.146667, 0.892222, -7.460000, -1.970000, 6.040000, 245.062500, -49.562500, 18.062500, -9.800000, -19.780001, 9.590000, -3.317778, 2.493333, 6.361111, -6.700000, -7.020000, 1.320000, 244.000000, -47.875000, 18.000000
3750, -30.700001, -8.600000, 32.799999, -1.242222, -8.543333, 0.468889, -6.750000, -2.070000, 6.790000, 242.875000, -43.500000, 17.000000, -10.860000, -32.230000, 17.600000, -2.850000, 1.598889, 2.313150, -6.830000, -6.960000, 0.890000, 241.812500, -37.187500, 15.562500
3769, -26.690001, -10.090000, 26.870001, 0.538889, -14.314445, -0.191111, -4.850000, -2.070000, 8.260000, 241.062500, -29.625000, 14.062500, -10.110000, -25.230000, 13.640000, -0.115556, -1.551111, -3.770000, -6.570000, -7.210000, 0.990000, 241.062500, -29.625000, 14.062500
3789, -20.320000, -10.270000, -1.310000, 2.507778, -12.788889, -1.332222, -2.520000, -1.780000, 9.300000, 241.125000, -14.875000, 10.812500, -8.450000, -8.100000, -0.330000, 1.500000, -4.288889, -7.661111, -4.730000, -8.360000, 1.960000, 241.687500, -8.937500, 9.500000
3810, -6.680000, 4.560000, -20.420000, 2.080000, -8.941112, -1.515556, -0.680000, -1.420000, 9.670000, 242.187500, -4.000000, 8.375000, -11.390000, 6.900000, -6.800000, 2.340000, -4.106667, -9.281111, -3.890000, -8.690000, 2.320000, 242.187500, -4.000000, 8.375000
3830, 2.600000, 18.959999, -32.490002, -0.255556, -3.462222, 0.901111, 0.260000, -1.330000, 9.710000, 241.750000, 1.500000, 7.750000, -1.470000, 44.709999, -6.430000, 3.365556, -2.293333, -7.236667, -2.070000, -9.020000, 3.220000, 240.312500, 0.750000, 8.625000
3848, 12.210000, 13.420000, -41.900002, -2.038889, 4.865556, 3.623333, -0.360000, -1.680000, 9.650000, 238.562500, -2.125000, 9.875000, -0.950000, 29.219999, 0.730000, -0.826667, -0.217778, 1.904444, -2.650000, -8.960000, 2.950000, 236.625000, -6.250000, 10.375000
3869, 1.160000, 1.260000, -18.980000, 0.545556, 7.054444, 4.587778, -1.780000, -1.640000, 9.500000, 234.500000, -10.500000, 9.812500, -7.450000, 0.120000, 2.390000, -2.162222, -1.021111, 6.428889, -3.160000, -8.652500, 2.800000, 234.500000, -10.500000, 9.812500
3889, -8.550000, 12.280000, -1.830000, 1.101111, 6.920000, 6.684444, -3.180000, -1.220000, 9.190000, 229.062500, -18.937500, 7.562500, -7.940000, -0.350000, 4.370000, -0.658889, -2.600000, 6.775556, -4.590000, -8.160000, 2.890000, 225.750000, -23.062500, 5.750000
3910, -12.550000, -1.060000, 13.540000, -1.200000, 2.156667, 5.838889, -4.080000, -0.780000, 8.880000, 222.500000, -24.562500, 5.062500, 2.600000, -10.390000, -5.860000, -1.123333, -4.647778, 6.520000, -4.950000, -7.900000, 3.010000, 222.500000, -24.562500, 5.062500
3928, -13.540000, -38.610001, 29.990000, -0.680000, -1.798889, 2.830000, -4.160000, -0.590000, 8.662500, 217.562500, -25.125000, 3.812500, 5.190000, -31.620001, -19.650000, -1.525556, -3.044445, 3.527778, -5.350000, -7.560000, 3.200000, 217.687500, -22.625000, 3.687500
3949, -6.300000, -19.410000, 4.420000, 0.534444, -5.518889, -2.492222, -3.280000, -0.610000, 9.210000, 219.000000, -19.562500, 3.812500, 1.840000, -24.190001, -22.650000, -0.528889, -0.933333, -3.765556, -4.610000, -8.050000, 3.160000, 221.250000, -16.812500, 4.875000
3969, -3.550000, -18.209999, -2.300000, -0.645556, -4.732222, -4.393333, -2.370000, -0.970000, 9.460000, 223.500000, -14.000000, 5.812500, -3.110000, -8.640000, -16.010000, 0.142222, 2.191111, -7.118889, -4.120000, -8.340000, 3.080000, 223.500000, -14.000000, 5.812500
3990, 5.130000, -18.570000, -30.600000, 0.118889, -1.841111, -6.301111, -1.750000, -1.230000, 9.560000, 229.562500, -10.250000, 7.312500, -4.730000, -2.000000, -16.740000, 1.352222, 3.973333, -7.335556, -2.690000, -8.920000, 3.040000, 233.687500, -10.687500, 7.437500
4008, 8.220000, -3.460000, -44.330002, 2.430000, 10.708889, -7.562222, -2.700000, -1.190000, 9.350000, 238.312500, -15.937500, 7.250000, -5.800000, 16.350000, -10.490000, 2.796667, 6.883333, -5.833333, -2.400000, -8.980000, 3.110000, 238.312500, -15.937500, 7.250000
4029, -11.920000, 10.830000, -12.070000, 3.023333, 12.453333, -7.051111, -4.510000, -1.220000, 8.610000, 247.625000, -27.375000, 8.062500, -8.440000, 26.860001, 0.560000, 2.094445, 7.151111, -1.498889, -2.670000, -8.910000, 3.080000, 251.875000, -33.687500, 9.000000
4049, -21.809999, 25.770000, 7.810000, 2.042222, 11.397778, -4.700000, -6.220000, -1.390000, 7.440000, 255.250000, -39.375000, 10.562500, -16.270000, 9.950000, 16.370001, -1.723333, 6.130000, 3.161111, -3.560000, -8.652500, 2.270000, 257.312500, -44.000000, 12.375000
4070, -27.600000, 28.600000, 32.200001, -1.321111, 5.705555, -0.460000, -7.170000, -1.620000, 6.480000, 257.562500, -47.000000, 14.062500, -18.059999, -16.900000, 29.709999, -5.041111, 3.210000, 3.213333, -3.890000, -8.632500, 1.740000, 257.562500, -47.000000, 14.062500
4090, -26.840000, 13.900000, 32.560001, -1.742222, -7.223333, 2.787778, -6.730000, -1.570000, 6.950000, 253.937500, -43.375000, 12.750000, -13.090000, -13.250000, 28.540001, -0.851111, -1.306667, 0.414444, -3.990000, -8.790000, 1.660000, 251.125000, -37.875000, 10.875000
4109, -20.639999, -5.300000, 16.360001, -0.834444, -13.108889, 3.476667, -5.070000, -1.340000, 8.280000, 248.500000, -31.187500, 9.187500, -6.460000, -9.460000, 7.350000, 3.188889, -4.811111, -0.815556, -3.840000, -8.770000, 2.110000, 248.500000, -31.187500, 9.187500
4129, -16.809999, -7.330000, 3.510000, 1.137778, -14.270000, 2.076667, -2.760000, -1.040000, 9.350000, 245.000000, -16.312500, 6.312500, -0.150000, -10.970000, -7.430000, 2.040000, -5.863333, -3.130000, -2.620000, -8.890000, 3.190000, 244.000000, -8.750000, 5.125000
4150, -5.820000, -3.110000, -15.010000, 1.433333, -13.027778, 0.976667, -0.290000, -0.720000, 9.770000, 243.187500, -1.687500, 4.250000, 1.120000, -2.100000, -12.070000, 1.611111, -4.057778, -5.821111, -1.360000, -9.010000, 3.610000, 242.625000, 4.250000, 3.687500
4170, 0.400000, -4.790000, -21.780001, 0.840000, -9.136666, 0.346667, 1.570000, -0.560000, 9.660000, 242.250000, 9.250000, 3.312500, -0.400000, 7.080000, -8.780000, 2.018889, -1.921111, -6.324444, -0.750000, -9.000000, 3.800000, 242.250000, 9.250000, 3.312500
4188, 8.230000, -2.010000, -28.209999, 0.702222, -5.456666, 0.198889, 2.730000, -0.430000, 9.400000, 241.750000, 16.125000, 2.625000, 3.090000, 19.100000, -9.370000, 2.944444, -1.284444, -3.777778, 0.330000, -8.690000, 4.510000, 241.687500, 17.937500, 2.375000
4209, 11.630000, -3.240000, -39.270000, 0.477778, -0.304444, -0.270000, 3.050000, -0.330000, 9.310000, 241.750000, 18.125000, 2.062500, 7.020000, 22.629999, -22.209999, 2.971111, 0.044444, 0.118889, 0.310000, -8.560000, 4.760000, 241.750000, 18.125000, 2.062500
4229, 3.250000, 2.590000, -40.220001, -1.116667, 8.475555, -0.254444, 1.900000, -0.430000, 9.600000, 242.312500, 11.187500, 2.562500, 2.610000, 21.110001, -14.130000, 0.542222, 4.925556, 3.182222, -1.040000, -8.460000, 4.830000, 242.625000, 4.937500, 3.375000
4250, -10.090000, 0.090000, -39.430000, -2.280000, 14.604445, -0.048889, -0.500000, -0.790000, 9.760000, 242.937500, -2.875000, 4.625000, -7.310000, 14.740000, -4.870000, -3.046667, 5.825555, 5.645555, -1.760000, -8.520000, 4.510000, 243.250000, -12.187500, 6.187500
4268, -22.510000, -0.980000, -18.650000, -2.423333, 18.195555, 0.206667, -3.680000, -1.240000, 9.000000, 243.562500, -22.000000, 7.875000, -10.470000, 10.500000, -0.510000, -4.471111, 4.253334, 8.104445, -3.350000, -8.490000, 3.580000, 243.562500, -22.000000, 7.875000
4289, -27.209999, 6.610000, 6.060000, -0.943333, 16.155556, 1.406575, -6.350000, -1.340000, 7.340000, 243.375000, -40.375000, 10.312500, -17.219999, -4.610000, 6.780000, -4.068889, 2.137778, 10.057777, -5.040000, -7.960000, 2.710000, 242.625000, -48.000000, 11.062500
4309, -25.540001, 10.330000, 17.950001, -1.656575, 11.323334, 2.826667, -7.970000, -1.150000, 5.590000, 241.125000, -54.375000, 11.625000, -12.740000, -12.220000, 10.880000, -3.241111, 0.122222, 8.646667, -6.390000, -7.110000, 2.150000, 241.125000, -54.375000, 11.625000
4330, -29.110001, -11.370000, 34.060001, -2.294445, 2.371111, 2.870000, -8.520000, -0.900000, 4.750000, 236.625000, -60.375000, 10.750000, -8.630000, -30.730000, 9.610000, -2.495556, -1.197778, 5.732222, -7.190000, -6.370000, 1.940000, 234.937500, -59.250000, 9.250000
4350, -21.110001, -10.140000, 26.250000, -1.257778, -5.862222, 1.375556, -8.150000, -0.760000, 5.390000, 233.625000, -56.250000, 8.000000, -7.860000, -26.129999, 4.850000, -1.070000, -1.738889, -0.067778, -7.310000, -6.210000, 1.980000, 232.812500, -52.125000, 7.187500
4369, -18.920000, -10.960000, 19.660000, -0.441111, -8.948889, 0.060000, -7.210000, -0.770000, 6.590000, 232.375000, -47.312500, 6.687500, -7.870000, -15.910000, -0.380000, 0.135556, -2.636667, -4.770000, -6.740000, -6.730000, 2.300000, 232.375000, -47.312500, 6.687500
4389, -19.420000, -6.110000, 5.240000, 0.031111, -12.147778, -0.752222, -5.640000, -0.850000, 7.970000, 232.500000, -35.062500, 6.062500, -7.870000, -7.340000, -2.200000, 0.648889, -2.616667, -6.766667, -5.760000, -7.460000, 2.690000, 232.562500, -27.625000, 5.875000
4410, -17.540001, -8.110000, -3.320000, 0.151111, -14.437778, -1.006667, -3.310000, -0.920000, 9.180000, 232.750000, -19.750000, 5.687500, -8.150000, -4.210000, -3.060000, 0.775556, -2.385556, -7.684444, -4.510000, -8.150000, 3.040000, 232.750000, -19.750000, 5.687500
4430, -5.330000, -6.530000, -19.010000, 1.075556, -12.862223, -1.848889, -0.860000, -0.820000, 9.730000, 233.937500, -5.000000, 4.812500, -6.280000, 0.180000, -5.950000, 1.527778, -2.028889, -7.896667, -3.120000, -8.640000, 3.410000, 234.937500, 1.062500, 4.125000
4449, -3.780000, -5.100000, -15.240000, 1.343333, -9.402223, -2.542222, 1.070000, -0.570000, 9.730000, 236.125000, 6.312500, 3.312500, -4.880000, 3.520000, -7.190000, 2.495556, -1.301111, -7.528889, -1.740000, -8.652500, 3.850000, 237.437500, 10.750000, 2.375000
4469, 1.740000, -6.930000, -22.809999, 1.465556, -6.902222, -2.546667, 2.460000, -0.210000, 9.480000, 238.687500, 14.562500, 1.250000, -1.030000, 9.880000, -10.140000, 3.561111, -1.161111, -6.126300, -0.550000, -8.730000, 4.430000, 238.687500, 14.562500, 1.250000
4490, 3.390000, -3.360000, -27.780001, 1.462222, -3.965556, -2.798889, 3.300000, 0.170000, 9.230000, 241.250000, 19.687500, -1.062500, 2.930000, 15.980000, -14.790000, 4.044445, -0.466667, -3.950000, 0.240000, -8.380000, 5.070000, 242.937500, 20.875000, -2.687500
4510, 3.350000, 1.110000, -27.200001, 1.475556, -0.539392, -3.600000, 3.530000, 0.670000, 9.120000, 244.750000, 21.062500, -4.250000, 2.780000, 21.610001, -12.760000, 3.166667, 1.597778, -1.814444, 0.500000, -8.000000, 5.640000, 244.750000, 21.062500, -4.250000
4528, -0.320000, 8.440000, -20.490000, 0.006667, 3.267778, -2.904444, 3.070000, 0.950000, 9.260000, 248.000000, 18.250000, -5.875000, -0.840000, 16.830000, -7.710000, 0.634444, 3.763333, 0.948889, 0.120000, -7.860000, 5.860000, 249.250000, 15.625000, -5.750000
4549, -1.990000, 7.150000, -35.910000, -1.594444, 6.538889, -1.951111, 2.040000, 0.850000, 9.550000, 250.250000, 12.000000, -5.062500, -2.660000, 13.500000, -7.420000, -1.418889, 5.093333, 2.562222, -0.750000, -7.960000, 5.670000, 251.000000, 6.687500, -3.687500
4569, -9.670000, 5.410000, -28.320000, -3.614444, 12.632222, -1.177778, -0.030000, 0.290000, 9.800000, 251.562500, -0.125000, -1.687500, -5.320000, 13.930000, -4.230000, -3.008889, 5.314445, 3.731111, -1.810000, -8.140000, 5.150000, 251.812500, -8.125000, 0.500000
4590, -18.510000, -5.460000, -17.459999, -4.562222, 15.983334, -0.150000, -2.830000, -0.500000, 9.370000, 251.750000, -16.750000, 3.062500, -6.800000, 11.150000, -3.140000, -4.511111, 4.465556, 5.538889, -3.040000, -8.280000, 4.280000, 251.437500, -25.812500, 5.937500
4608, -19.520000, -13.670000, -12.740000, -4.351111, 16.727777, 0.281111, -5.600000, -1.240000, 7.940000, 251.187500, -34.875000, 8.875000, -7.180000, -1.240000, -5.650000, -4.423333, 3.765556, 7.696667, -4.420000, -8.100000, 3.290000, 251.187500, -34.875000, 8.875000
4629, -23.250000, -16.719999, 27.650000, -1.632222, 13.130000, -1.306667, -7.500000, -1.660000, 6.080000, 252.500000, -49.937500, 15.250000, -4.990000, -13.660000, -5.350000, -2.533333, 4.038889, 7.906667, -5.850000, -7.470000, 2.460000, 254.000000, -54.562500, 19.687500
4649, -22.340000, -11.520000, 32.669998, -1.490000, 5.604445, -3.401111, -8.200000, -2.240000, 4.880000, 255.875000, -56.687500, 24.687500, -5.530000, -28.070000, -7.310000, -2.297778, 4.347778, 4.511111, -6.760000, -6.900000, 1.650000, 257.750000, -57.000000, 29.375000
4670, -22.420000, -10.620000, 34.490002, -0.862222, 0.481111, -4.021111, -8.140000, -2.970000, 4.580000, 259.687500, -56.062500, 32.875000, -16.680000, -32.299999, 18.969999, -2.303333, 5.997778, -0.323333, -7.010000, -6.820000, 0.570000, 261.750000, -54.125000, 34.500000
4690, -20.430000, -7.680000, 25.160000, 1.607778, -4.224444, -3.578889, -7.630000, -3.440000, 5.090000, 263.625000, -51.125000, 34.000000, -15.620000, -20.059999, 18.209999, 0.775556, 1.695556, -4.955555, -6.500000, -7.330000, 0.140000, 265.250000, -47.125000, 31.937500
4709, -22.620001, -4.570000, 16.600000, 3.583333, -8.916667, -2.894444, -6.580000, -3.510000, 6.350000, 266.562500, -42.187500, 28.937500, -12.520000, -4.590000, 2.690000, 2.874444, -3.070000, -6.493333, -5.570000, -8.030000, 0.760000, 266.562500, -42.187500, 28.937500
4729, -10.870000, 22.530001, -14.730000, 4.277778, -12.825556, -2.887778, -4.760000, -3.250000, 7.930000, 268.687500, -29.000000, 22.250000, -10.070000, 3.530000, -1.900000, 2.436667, -4.058889, -7.043334, -4.370000, -8.630000, 1.560000, 269.125000, -22.125000, 19.875000
4750, -8.642500, 18.480000, -7.050000, 1.393333, -11.007778, -1.085556, -2.750000, -3.010000, 8.910000, 268.875000, -16.312500, 18.625000, -8.180000, 14.810000, 7.910000, 1.092222, -2.170000, -6.370000, -3.170000, -9.050000, 2.010000, 268.125000, -11.125000, 17.937500
4770, 1.810000, 15.090000, -18.770000, 0.023333, -9.106667, 0.581111, -1.110000, -2.950000, 9.280000, 267.062500, -6.500000, 17.625000, -6.700000, 12.450000, 11.070000, 0.190000, -1.733333, -4.158889, -2.270000, -9.290000, 2.160000, 265.750000, -2.687500, 17.500000
4789, 4.130000, 4.750000, -16.620001, 0.133333, -5.675556, 1.894444, -0.010000, -2.930000, 9.350000, 264.250000, 0.000000, 17.437500, -1.510000, 9.090000, 6.450000, 0.486667, -2.443333, -2.156458, -1.710000, -9.370000, 2.300000, 262.750000, 1.500000, 17.125000
4809, 4.960000, 1.350000, -12.010000, 1.122222, -2.412222, 2.062222, 0.420000, -2.790000, 9.380000, 261.375000, 2.437500, 16.562500, 1.740000, 5.290000, -1.590000, 1.638889, -2.948889, -0.606667, -1.400000, -9.340000, 2.630000, 261.375000, 2.437500, 16.562500
4829, 4.250000, -0.360000, -10.460000, 1.525556, -0.325556, 1.828889, 0.470000, -2.540000, 9.450000, 259.187500, 2.750000, 15.062500, 3.750000, 5.340000, -7.120000, 1.628889, -2.966667, 0.071111, -1.230000, -9.250000, 3.010000, 258.312500, 2.250000, 14.312500
4850, 1.020000, -2.560000, -0.340000, 1.107778, 0.936667, 1.471111, 0.270000, -2.330000, 9.520000, 257.562500, 1.562500, 13.750000, 4.020000, 2.750000, -9.830000, 0.651111, -2.084445, 0.445556, -1.150000, -9.180000, 3.220000, 256.937500, 1.000000, 13.312500
4868, 0.970000, -4.540000, -0.980000, 0.368889, 0.086667, 1.061111, 0.140000, -2.230000, 9.540000, 256.375000, 0.812500, 13.125000, 2.400000, -0.980000, -7.650000, -0.174444, -0.874444, 0.586667, -1.180000, -9.170000, 3.250000, 255.875000, 0.875000, 13.125000
4889, 0.550000, -6.140000, 0.320000, -0.203333, -0.385556, 0.541615, 0.180000, -2.250000, 9.540000, 255.562500, 1.000000, 13.250000, 0.470000, -2.700000, -5.130000, -0.330000, -0.150000, 0.217778, -1.220000, -9.180000, 3.200000, 255.312500, 1.250000, 13.375000
4909, 0.570000, -6.170000, 0.030000, 0.015556, -0.658889, 0.172222, 0.270000, -2.270000, 9.530000, 255.187500, 1.562500, 13.375000, -0.650000, -2.430000, -2.930000, 0.111111, 0.174444, 0.031111, -1.230000, -9.180000, 3.190000, 255.187500, 1.562500, 13.375000
4930, 0.910000, -3.420000, -1.650000, 0.515556, -0.213333, -0.077778, 0.340000, -2.200000, 9.550000, 255.125000, 2.000000, 12.937500, -0.440000, -0.910000, -1.770000, 0.558889, 0.174444, -0.023333, -1.240000, -9.160000, 3.270000, 255.250000, 2.000000, 12.562500
4948, 0.720000, -0.910000, -0.920000, 0.698889, 0.260000, -0.353333, 0.320000, -2.070000, 9.570000, 255.437500, 1.875000, 12.187500, -0.540000, -0.300000, -0.890000, 0.725556, 0.235556, 0.005556, -1.260000, -9.110000, 3.380000, 255.687500, 1.687500, 11.812500
4969, 0.190000, 1.500000, 0.420000, 0.590000, 0.397778, -0.396667, 0.260000, -1.960000, 9.600000, 255.937500, 1.562500, 11.500000, -0.960000, 0.960000, 0.860000, 0.631111, 0.313333, -0.072222, -1.270000, -9.070000, 3.490000, 255.937500, 1.562500, 11.500000
4989, -0.400000, 1.440000, 1.700000, 0.423333, 0.242222, -0.288889, 0.220000, -1.870000, 9.620000, 256.312500, 1.312500, 11.000000, -1.190000, 0.070000, 1.250000, 0.425556, 0.148889, -0.007778, -1.280000, -9.040000, 3.570000, 256.437500, 1.312500, 10.750000
5010, -0.020000, 2.260000, 0.530000, 0.385556, -0.157778, -0.231111, 0.250000, -1.800000, 9.630000, 256.562500, 1.437500, 10.562500, -1.460000, 0.530000, 1.880000, 0.316667, 0.023333, -0.111111, -1.270000, -9.020000, 3.630000, 256.562500, 1.437500, 10.562500
5030, 0.400000, 1.490000, -0.010000, 0.293333, -0.203333, -0.025556, 0.290000, -1.740000, 9.640000, 256.625000, 1.687500, 10.187500, -0.750000, 0.660000, 1.000000, 0.234444, -0.126667, -0.102222, -1.240000, -9.000000, 3.670000, 256.625000, 1.812500, 10.062500
5049, 0.740000, 1.810000, -0.460000, 0.207778, -0.217778, 0.066667, 0.320000, -1.700000, 9.650000, 256.562500, 1.875000, 9.937500, -0.480000, 0.870000, 0.260000, 0.112222, -0.158889, -0.092222, -1.210000, -8.990000, 3.700000, 256.500000, 2.000000, 9.875000
5069, 0.600000, -1.020000, -0.040000, 0.061111, -0.087778, 0.228889, 0.340000, -1.680000, 9.650000, 256.375000, 2.000000, 9.875000, -0.250000, 0.310000, 0.030000, 0.027778, -0.114444, 0.008889, -1.200000, -8.990000, 3.710000, 256.187500, 2.000000, 9.875000
5090, 0.920000, 0.220000, -0.350000, 0.027778, -0.046667, 0.211111, 0.340000, -1.680000, 9.650000, 256.062500, 2.000000, 9.875000, -0.530000, -0.420000, 0.160000, 0.085556, -0.038889, 0.057778, -1.200000, -8.980000, 3.720000, 255.937500, 1.937500, 9.875000
5110, 0.920000, 0.060000, 0.000000, 0.106667, 0.023333, 0.168889, 0.330000, -1.670000, 9.650000, 255.875000, 1.937500, 9.812500, -0.330000, -0.070000, -0.040000, 0.146667, -0.053333, 0.042222, -1.210000, -8.970000, 3.750000, 255.875000, 1.937500, 9.812500
5128, 0.670000, 0.080000, 0.410000, 0.146667, -0.097778, 0.113333, 0.340000, -1.640000, 9.660000, 255.750000, 2.000000, 9.625000, -0.440000, -0.500000, -0.270000, 0.080000, -0.128889, 0.083333, -1.210000, -8.960000, 3.770000, 255.625000, 2.062500, 9.562500
5149, 1.060000, -0.210000, -0.470000, 0.077778, -0.157778, 0.096667, 0.360000, -1.630000, 9.660000, 255.625000, 2.125000, 9.562500, -0.210000, -0.670000, -0.380000, -0.024444, -0.141111, 0.062222, -1.210000, -8.960000, 3.770000, 255.562500, 2.187500, 9.500000
5169, 0.630000, -1.410000, 0.270000, 0.022222, -0.040000, 0.114444, 0.380000, -1.620000, 9.660000, 255.500000, 2.187500, 9.500000, 0.000000, -0.210000, -0.920000, 0.103333, -0.108889, 0.015556, -1.210000, -8.960000, 3.790000, 255.437500, 2.187500, 9.437500
5190, 1.070000, -0.080000, -0.850000, 0.085556, -0.071111, 0.055556, 0.380000, -1.600000, 9.660000, 255.437500, 2.250000, 9.437500, -0.280000, 0.070000, -0.140000, 0.118889, 0.014444, -0.048889, -1.200000, -8.950000, 3.810000, 255.375000, 2.250000, 9.375000
5208, 1.130000, 0.740000, -1.150000, -0.023333, 0.081111, 0.112222, 0.370000, -1.600000, 9.660000, 255.312500, 2.187500, 9.437500, -0.400000, 0.410000, 0.130000, 0.112222, -0.065556, -0.014444, -1.200000, -8.940000, 3.830000, 255.312500, 2.187500, 9.437500
5229, 0.150000, 0.220000, 0.500000, -0.076667, 0.018889, 0.171111, 0.360000, -1.620000, 9.660000, 255.125000, 2.062500, 9.500000, -0.540000, 0.000000, 0.290000, -0.030000, -0.220000, -0.065556, -1.170000, -8.940000, 3.830000, 255.000000, 2.125000, 9.562500
5249, 0.000000, 0.180000, 0.910000, -0.148889, -0.223333, 0.178889, 0.380000, -1.640000, 9.650000, 254.937500, 2.187500, 9.687500, -0.460000, 0.280000, -0.150000, -0.116667, -0.343333, -0.221111, -1.120000, -8.950000, 3.830000, 254.812500, 2.375000, 9.750000
5270, 0.970000, -0.420000, -1.080000, -0.218889, -0.414444, 0.133333, 0.450000, -1.680000, 9.640000, 254.750000, 2.625000, 9.875000, -0.080000, 0.690000, -0.890000, -0.220000, -0.381111, -0.288889, -1.050000, -8.970000, 3.800000, 254.687500, 2.812500, 10.000000
5288, 1.120000, -0.660000, -1.190000, -0.244444, -0.316667, 0.026667, 0.510000, -1.730000, 9.630000, 254.625000, 2.937500, 10.187500, -0.240000, 0.230000, -1.140000, -0.197778, -0.272222, -0.147778, -0.990000, -8.990000, 3.770000, 254.625000, 3.125000, 10.250000
5309, 1.100000, -0.870000, -1.330000, -0.056667, -0.178889, -0.054444, 0.550000, -1.750000, 9.630000, 254.687500, 3.187500, 10.312500, -0.410000, 0.180000, -0.460000, -0.037778, -0.066667, -0.014444, -0.980000, -9.000000, 3.760000, 254.687500, 3.187500, 10.312500
5329, 0.590000, 0.310000, -0.220000, 0.147778, -0.007778, -0.143333, 0.560000, -1.730000, 9.630000, 254.812500, 3.312500, 10.187500, -0.290000, 0.160000, -0.490000, 0.116667, 0.036667, 0.052222, -0.980000, -8.990000, 3.770000, 254.875000, 3.312500, 10.062500
5350, 0.520000, 0.740000, 0.020000, 0.172222, 0.017778, -0.156667, 0.560000, -1.690000, 9.640000, 254.937500, 3.312500, 9.937500, -0.530000, 0.230000, -0.060000, 0.134444, 0.141111, 0.046667, -1.000000, -8.980000, 3.790000, 254.937500, 3.312500, 9.937500
5370, 0.360000, 0.500000, 0.280000, 0.056667, 0.026667, -0.087778, 0.560000, -1.680000, 9.640000, 255.062500, 3.312500, 9.875000, -0.830000, -0.080000, 0.540000, 0.087778, 0.185556, 0.018889, -1.020000, -8.970000, 3.810000, 255.125000, 3.312500, 9.875000
5389, 0.520000, 0.550000, -0.010000, 0.033333, 0.037778, -0.027778, 0.560000, -1.670000, 9.640000, 255.125000, 3.250000, 9.812500, -0.710000, 0.000000, 0.350000, 0.085556, 0.118889, -0.038889, -1.020000, -8.970000, 3.820000, 255.125000, 3.250000, 9.812500
5409, 0.440000, 0.760000, 0.390000, 0.024444, 0.022222, 0.001111, 0.550000, -1.670000, 9.640000, 255.125000, 3.250000, 9.812500, -0.480000, 0.220000, 0.270000, 0.087778, 0.075556, -0.064444, -1.020000, -8.960000, 3.830000, 255.125000, 3.250000, 9.812500
5430, 0.750000, 0.470000, -0.220000, 0.025556, -0.038889, -0.016667, 0.640000, -1.600000, 9.650000, 255.187500, 3.750000, 9.437500, -0.400000, 0.170000, 0.140000, 0.031111, 0.064444, -0.052222, -1.010000, -8.960000, 3.840000, 255.187500, 3.750000, 9.375000
5450, 0.700000, 0.170000, 0.170000, 0.022222, -0.001111, -0.006667, 0.640000, -1.600000, 9.650000, 255.187500, 3.750000, 9.375000, -0.350000, -0.130000, 0.010000, 0.056667, 0.052222, -0.003333, -1.010000, -8.960000, 3.850000, 255.187500, 3.750000, 9.375000
5468, 0.790000, 0.250000, -0.200000, 0.067778, -0.008889, -0.013333, 0.640000, -1.590000, 9.650000, 255.187500, 3.750000, 9.312500, -0.400000, -0.130000, 0.190000, 0.082222, 0.051111, 0.013333, -1.050000, -8.950000, 3.860000, 255.187500, 3.750000, 9.312500
5489, 0.560000, 0.380000, 0.130000, 0.080000, -0.007778, -0.007778, 0.710000, -1.530000, 9.650000, 255.250000, 4.125000, 9.000000, -0.400000, -0.100000, 0.060000, 0.077778, 0.033712, -0.006667, -1.050000, -8.940000, 3.870000, 255.250000, 4.125000, 9.000000
5509, 0.470000, 0.420000, 0.280000, 0.072222, -0.050000, 0.017778, 0.760000, -1.490000, 9.660000, 255.250000, 4.437500, 8.750000, -0.330000, -0.010000, 0.050000, 0.022222, 0.021111, -0.052222, -1.060000, -8.940000, 3.880000, 255.250000, 4.437500, 8.750000
5530, 0.270000, 0.210000, 0.710000, 0.016667, -0.103333, 0.024444, 0.780000, -1.480000, 9.660000, 255.187500, 4.562500, 8.687500, -0.230000, -0.170000, 0.000000, -0.052222, 0.008889, -0.104444, -1.060000, -8.940000, 3.880000, 255.187500, 4.625000, 8.750000
5548, 0.410000, 0.180000, 0.300000, -0.064444, -0.252222, 0.010000, 0.820000, -1.490000, 9.650000, 255.187500, 4.812500, 8.750000, -0.420000, -0.340000, -0.160000, -0.125556, -0.001111, -0.182222, -1.040000, -8.950000, 3.850000, 255.187500, 4.812500, 8.750000
5569, 0.690000, -0.040000, -0.420000, -0.131111, -0.265556, 0.032222, 0.870000, -1.510000, 9.640000, 255.125000, 5.062500, 8.875000, -0.470000, 0.210000, 0.250000, -0.116667, 0.035556, -0.232222, -1.020000, -8.960000, 3.830000, 255.125000, 5.187500, 8.937500
5589, 0.670000, -0.260000, -0.250000, -0.102222, -0.153333, 0.046667, 0.900000, -1.530000, 9.640000, 255.062500, 5.250000, 9.000000, -0.250000, 0.170000, -0.260000, -0.052222, -0.016667, -0.115556, -1.000000, -8.970000, 3.820000, 255.062500, 5.312500, 9.062500
5610, 0.700000, -0.100000, -0.470000, -0.001111, -0.091111, 0.044444, 0.920000, -1.540000, 9.640000, 255.062500, 5.375000, 9.062500, -0.360000, 0.100000, 0.240000, 0.021111, 0.010000, -0.025556, -0.990000, -8.970000, 3.820000, 255.062500, 5.375000, 9.062500
5630, 0.370000, 0.010000, 0.060000, 0.032222, -0.051111, 0.037778, 0.930000, -1.530000, 9.640000, 255.000000, 5.437500, 9.062500, -0.220000, -0.150000, -0.220000, 0.058889, -0.040000, 0.003333, -0.990000, -8.960000, 3.830000, 255.000000, 5.437500, 9.062500
5649, 0.450000, 0.190000, -0.330000, 0.075556, -0.101111, 0.038889, 1.010000, -1.510000, 9.630000, 254.937500, 5.937500, 8.937500, -0.410000, 0.450000, 0.140000, 0.053333, -0.032222, -0.066667, -0.990000, -8.960000, 3.850000, 254.937500, 5.937500, 8.937500
5669, 0.260000, 0.220000, 0.100000, 0.037778, -0.132222, 0.017778, 1.050000, -1.500000, 9.630000, 254.937500, 6.187500, 8.625000, -0.260000, 0.270000, -0.240000, 0.010000, -0.065556, -0.041111, -0.980000, -8.960000, 3.850000, 254.937500, 6.187500, 8.625000
5690, 0.610000, 0.010000, -0.750000, -0.026667, -0.128889, 0.025556, 1.080000, -1.500000, 9.620000, 254.875000, 6.312500, 8.875000, -0.260000, 0.550000, -0.140000, -0.051111, -0.060000, -0.075556, -0.970000, -8.960000, 3.850000, 254.875000, 6.375000, 8.875000
5710, 0.760000, -0.360000, -0.910000, -0.023333, -0.006667, 0.015556, 1.090000, -1.510000, 9.620000, 254.875000, 6.375000, 8.875000, -0.120000, 0.150000, -0.260000, -0.017778, -0.043333, 0.033333, -0.970000, -8.960000, 3.840000, 254.875000, 6.375000, 8.875000
5729, 0.560000, 0.180000, -0.490000, 0.038889, 0.147778, -0.031111, 1.070000, -1.500000, 9.630000, 254.875000, 6.250000, 8.875000, -0.230000, 0.420000, -0.110000, 0.030000, 0.003333, 0.077778, -0.980000, -8.960000, 3.840000, 254.937500, 6.125000, 8.625000
5749, 0.270000, 0.600000, -0.100000, 0.016667, 0.202222, -0.021111, 1.030000, -1.490000, 9.630000, 254.937500, 6.062500, 8.625000, -0.340000, 0.250000, -0.040000, -0.017778, 0.015556, 0.110000, -1.010000, -8.960000, 3.840000, 254.937500, 6.062500, 8.625000
5770, -0.030000, 0.990000, 0.930000, -0.042222, 0.102222, 0.072222, 1.000000, -1.500000, 9.630000, 254.937500, 5.875000, 8.875000, -0.630000, -0.240000, 0.710000, -0.088889, -0.036667, 0.096667, -1.030000, -8.960000, 3.830000, 254.812500, 5.875000, 8.875000
5790, 0.110000, 0.070000, 0.430000, -0.057778, -0.016667, 0.170000, 1.000000, -1.510000, 9.630000, 254.750000, 5.875000, 8.937500, -0.230000, -0.130000, -0.020000, -0.084444, -0.128889, 0.015556, -1.030000, -8.970000, 3.820000, 254.687500, 5.875000, 9.000000
5808, 0.400000, -0.160000, 0.000000, -0.091111, -0.035556, 0.107778, 1.000000, -1.530000, 9.630000, 254.625000, 5.875000, 9.062500, -0.210000, -0.140000, -0.200000, -0.106667, -0.092222, -0.070000, -1.010000, -8.970000, 3.800000, 254.562500, 5.875000, 9.125000
5829, 0.620000, -0.280000, -0.420000, -0.074444, -0.022222, 0.047778, 1.010000, -1.550000, 9.620000, 254.562500, 5.875000, 9.125000, -0.390000, -0.080000, 0.090000, -0.083333, -0.047778, -0.050000, -1.000000, -8.980000, 3.790000, 254.500000, 5.875000, 9.187500
5849, 0.450000, -0.200000, 0.140000, 0.021111, 0.004444, 0.043333, 1.000000, -1.550000, 9.620000, 254.500000, 5.875000, 9.125000, -0.280000, -0.150000, -0.120000, 0.021111, -0.064444, 0.018889, -0.990000, -8.980000, 3.790000, 254.500000, 5.875000, 9.125000
5870, 0.600000, 0.210000, -0.360000, 0.135556, -0.047778, 0.033712, 1.050000, -1.530000, 9.620000, 254.437500, 6.125000, 9.062500, -0.230000, -0.210000, 0.110000, 0.076667, -0.075556, 0.012222, -0.990000, -8.980000, 3.800000, 254.437500, 6.125000, 9.062500
5888, 0.530000, 0.050000, -0.180000, 0.026667, 0.011111, 0.041111, 1.050000, -1.520000, 9.620000, 254.437500, 6.125000, 9.000000, -0.090000, 0.120000, -0.260000, 0.010000, -0.004444, -0.012222, -0.990000, -8.980000, 3.810000, 254.375000, 6.125000, 9.000000
