0, -0.330000, 0.430000, 0.300000, 0.074444, 0.090000, -0.102222, 3.280000, -2.050000, 9.000000, 230.687500, 19.562500, 12.812500, -0.660000, 0.070000, 0.250000, 0.050000, 0.118889, 0.076667, -0.330000, -9.000000, 3.870000, 230.687500, 19.500000, 12.750000
18, -0.310000, 0.630000, 0.380000, 0.058889, 0.072222, -0.047778, 3.270000, -2.030000, 9.010000, 230.500000, 19.500000, 12.687500, -0.810000, -0.110000, 0.690000, 0.033333, 0.084444, 0.075556, -0.350000, -9.000000, 3.870000, 230.500000, 19.500000, 12.687500
33, -0.480000, 0.750000, 1.000000, 0.018889, 0.046667, -0.025556, 3.270000, -2.030000, 9.010000, 230.562500, 19.437500, 12.687500, -0.820000, -0.120000, 0.690000, 0.011111, 0.055556, 0.043333, -0.360000, -9.000000, 3.870000, 230.562500, 19.437500, 12.687500
51, -0.170000, 1.050000, 0.650000, -0.036667, 0.004444, 0.028889, 3.270000, -2.030000, 9.010000, 230.500000, 19.437500, 12.750000, -0.880000, -0.090000, 0.970000, -0.040000, -0.003333, -0.023333, -0.360000, -9.000000, 3.870000, 230.500000, 19.437500, 12.750000
70, -0.060000, 0.440000, 0.550000, -0.052222, -0.014444, 0.083333, 3.270000, -2.050000, 9.010000, 230.250000, 19.437500, 12.812500, -0.530000, -0.170000, 0.530000, -0.071111, -0.093333, -0.028889, -0.340000, -9.000000, 3.860000, 230.250000, 19.437500, 12.812500
90, -0.190000, -0.050000, 0.690000, -0.021111, -0.070000, 0.103333, 3.270000, -2.060000, 9.010000, 230.187500, 19.500000, 12.875000, -0.190000, -0.260000, 0.200000, -0.052222, -0.126667, -0.048889, -0.330000, -9.010000, 3.850000, 230.125000, 19.500000, 12.875000
111, 0.160000, 0.210000, 0.040000, 0.023333, -0.128889, 0.102222, 3.290000, -2.060000, 9.000000, 230.062500, 19.562500, 12.937500, 0.060000, -0.170000, -0.040000, -0.006667, -0.163333, -0.077778, -0.310000, -9.010000, 3.840000, 229.812500, 19.625000, 12.937500
131, 0.340000, -0.270000, -0.410000, -0.013333, -0.136667, 0.120000, 3.300000, -2.070000, 8.990000, 229.750000, 19.687500, 13.000000, 0.340000, 0.100000, -0.590000, -0.016667, -0.144444, -0.104444, -0.280000, -9.010000, 3.840000, 229.687500, 19.750000, 13.000000
149, 0.440000, -0.090000, -0.790000, -0.074444, -0.064444, 0.066667, 3.320000, -2.090000, 8.980000, 229.687500, 19.750000, 13.062500, 0.170000, 0.310000, -0.380000, -0.070000, -0.056667, -0.090000, -0.250000, -9.010000, 3.830000, 229.687500, 19.750000, 13.125000
170, 0.180000, 0.020000, -0.280000, -0.150000, 0.050000, 0.055556, 3.310000, -2.110000, 8.980000, 229.375000, 19.750000, 13.250000, -0.130000, 0.040000, 0.030000, -0.120000, -0.016667, -0.021111, -0.250000, -9.020000, 3.820000, 229.312500, 19.687500, 13.312500
190, -0.230000, -0.530000, 0.420000, -0.107778, 0.013333, 0.054444, 3.300000, -2.140000, 8.970000, 229.312500, 19.687500, 13.375000, -0.170000, -0.240000, 0.050000, -0.087778, -0.045556, -0.008889, -0.240000, -9.030000, 3.800000, 229.312500, 19.687500, 13.437500
211, 0.020000, -0.240000, -0.280000, 0.003333, -0.060000, 0.033333, 3.310000, -2.150000, 8.970000, 229.250000, 19.750000, 13.437500, -0.150000, 0.120000, -0.020000, 0.007778, -0.068889, -0.052222, -0.230000, -9.030000, 3.790000, 229.250000, 19.750000, 13.437500
229, 0.080000, 0.190000, -0.440000, 0.061111, -0.048889, 0.033712, 3.320000, -2.140000, 8.970000, 229.187500, 19.750000, 13.375000, 0.040000, 0.510000, -0.380000, 0.035556, -0.085556, -0.017778, -0.220000, -9.030000, 3.800000, 229.187500, 19.812500, 13.375000
250, -0.040000, 0.500000, -0.310000, -0.010000, -0.051111, 0.033333, 3.320000, -2.140000, 8.970000, 229.125000, 19.812500, 13.375000, -0.250000, 0.460000, 0.090000, -0.027778, -0.030000, -0.001111, -0.220000, -9.030000, 3.800000, 229.125000, 19.812500, 13.437500
270, -0.150000, 0.870000, 0.190000, -0.080000, -0.033712, 0.084444, 3.330000, -2.150000, 8.960000, 228.937500, 19.812500, 13.500000, -0.560000, 0.460000, 0.620000, -0.092222, -0.045556, -0.008889, -0.210000, -9.040000, 3.790000, 228.875000, 19.875000, 13.562500
291, -0.220000, 0.940000, 0.220000, -0.100000, -0.076667, 0.168889, 3.330000, -2.180000, 8.950000, 228.812500, 19.875000, 13.687500, -0.470000, 0.430000, 0.480000, -0.134848, -0.117778, 0.006667, -0.210000, -9.050000, 3.770000, 228.687500, 19.937500, 13.750000
311, -0.710000, 1.280000, 1.280000, -0.155556, -0.241111, 0.267778, 3.360000, -2.220000, 8.940000, 228.500000, 20.000000, 13.937500, -0.750000, 0.080000, 0.760000, -0.215556, -0.171111, -0.042222, -0.190000, -9.060000, 3.730000, 228.125000, 20.187500, 14.125000
330, -0.780000, 1.940000, 1.200000, -0.196667, -0.523333, 0.435556, 3.420000, -2.270000, 8.900000, 227.875000, 20.375000, 14.312500, -0.950000, 0.230000, 0.730000, -0.394444, -0.325556, -0.207778, -0.140000, -9.080000, 3.670000, 227.562500, 20.562500, 14.625000
350, 0.060000, -0.880000, -1.190000, -0.411111, -0.443333, 0.634444, 3.470000, -2.370000, 8.662500, 227.187500, 20.750000, 15.000000, 0.700000, -0.890000, -1.330000, -0.576667, -0.630000, -0.378889, -0.050000, -9.120000, 3.580000, 226.875000, 20.812500, 15.375000
371, 1.340000, -8.632500, -3.070000, -0.364444, -0.283333, 0.574444, 3.500000, -2.480000, 8.810000, 226.500000, 20.875000, 15.687500, 3.900000, -1.840000, -5.060000, -0.350000, -0.574444, -0.600000, 0.080000, -9.150000, 3.500000, 226.312500, 21.000000, 15.812500
391, 3.960000, -13.530000, -9.080000, 0.486667, -0.145556, -0.297778, 3.530000, -2.440000, 8.810000, 226.437500, 21.125000, 15.500000, 6.080000, 0.850000, -8.700000, 0.795556, 0.011111, -0.291111, 0.170000, -9.120000, 3.590000, 226.937500, 21.000000, 14.687500
412, 2.420000, -10.240000, -9.460000, 1.417778, 1.425556, -2.044445, 3.440000, -2.130000, 8.920000, 228.000000, 20.562500, 13.437500, 4.620000, 1.810000, -8.430000, 1.538889, 1.532222, 0.575556, 0.020000, -9.020000, 3.830000, 229.500000, 19.812500, 11.875000
430, -0.460000, -2.850000, -6.560000, 1.792222, 2.017778, -3.241111, 3.210000, -1.650000, 9.110000, 231.187500, 19.125000, 10.250000, 1.140000, 3.440000, -6.150000, 1.478889, 2.642222, 1.188889, -0.320000, -8.900000, 4.090000, 233.000000, 18.000000, 8.750000
451, -6.520000, 9.070000, -1.820000, 0.832222, 4.093333, -2.950000, 2.700000, -1.270000, 9.330000, 234.687500, 16.000000, 7.750000, -8.300000, 8.810000, 1.870000, 0.953288, 3.474444, 1.601111, -0.840000, -8.800000, 4.230000, 236.125000, 13.875000, 7.125000
471, -12.430000, 18.740000, 15.800000, 0.111111, 2.884444, -1.523333, 2.100000, -1.140000, 9.500000, 237.000000, 12.375000, 6.812500, -13.960000, 6.240000, 12.210000, -0.695556, 3.305556, 2.166458, -1.460000, -8.760000, 4.130000, 237.062500, 11.500000, 6.875000
489, -8.790000, 18.610001, 10.890000, -0.451111, 0.540504, 1.166667, 1.890000, -1.210000, 9.540000, 236.500000, 11.125000, 7.250000, -14.140000, -3.980000, 19.240000, -1.542222, 0.555556, 1.010000, -1.840000, -8.652500, 3.820000, 235.437500, 11.000000, 7.875000
512, -4.160000, 9.900000, 2.200000, -0.815556, -0.231111, 2.542222, 1.850000, -1.440000, 9.520000, 234.062500, 10.875000, 8.562500, -5.960000, 7.560000, 7.610000, -0.587778, -2.885556, -0.445556, -1.620000, -8.900000, 3.770000, 232.562500, 10.625000, 9.187500
530, 1.610000, 9.100000, -8.400000, -0.364444, 0.736667, 3.192222, 1.690000, -1.620000, 9.520000, 230.875000, 9.937500, 9.687500, -0.390000, 6.190000, -2.480000, -1.093333, -2.842222, 0.446667, -1.450000, -8.960000, 3.700000, 228.875000, 8.937500, 10.125000
551, 0.860000, 6.890000, -7.260000, -0.315556, 1.587778, 4.682222, 1.300000, -1.800000, 9.550000, 226.375000, 7.625000, 10.687500, 1.040000, 6.830000, -2.830000, -1.890000, -2.800000, 1.417778, -1.460000, -9.040000, 3.490000, 223.500000, 6.062500, 11.250000
569, 2.250000, -20.740000, -5.810000, -0.992222, 2.218889, 5.641111, 0.730000, -2.040000, 9.560000, 220.562500, 4.250000, 12.062500, 6.820000, -2.370000, -9.020000, -2.514444, -3.452222, 3.352222, -1.730000, -9.110000, 3.170000, 218.500000, 2.375000, 12.687500
590, 0.440000, -35.869999, 1.740000, 0.165556, 2.393333, 1.728889, 0.160000, -2.140000, 9.560000, 217.687500, 0.937500, 12.625000, 8.310000, -19.180000, -15.800000, -0.777778, -1.228889, 3.674444, -2.290000, -9.040000, 3.000000, 217.875000, 0.187500, 12.062500
610, -4.290000, -14.940000, 11.680000, 1.404444, -0.117778, -1.318889, 0.070000, -1.920000, 9.610000, 218.625000, 0.437500, 11.250000, 4.230000, -14.590000, -11.140000, 1.008889, 0.913333, 1.276667, -2.630000, -8.920000, 3.100000, 219.500000, 1.125000, 10.562500
631, -4.400000, -12.070000, 8.160000, 1.025556, -1.551111, -2.200000, 0.380000, -1.690000, 9.650000, 220.625000, 2.187500, 9.937500, -0.340000, -11.210000, -2.760000, 1.134444, 1.621111, -0.847778, -2.670000, -8.672500, 3.210000, 222.000000, 3.562500, 9.375000
651, -4.440000, -7.660000, 2.310000, 0.890000, -2.355556, -3.314445, 0.870000, -1.490000, 9.650000, 223.687500, 5.125000, 8.750000, -1.220000, -6.640000, -3.040000, 1.420000, 1.235556, -2.840000, -2.350000, -8.890000, 3.370000, 225.625000, 6.687500, 8.000000
670, -1.510000, 8.360000, -9.550000, 1.207778, -2.181111, -3.837778, 1.390000, -1.200000, 9.630000, 227.625000, 8.187500, 7.125000, -5.530000, 6.840000, -4.570000, 2.384444, 1.523333, -3.542222, -1.860000, -8.890000, 3.670000, 229.562500, 9.562500, 6.125000
690, 1.980000, 14.160000, -18.830000, 1.103333, -0.003333, -2.578889, 1.660000, -0.890000, 9.620000, 230.937500, 9.750000, 5.312500, -4.950000, 24.450001, 0.690000, 2.866667, 2.911111, -2.446667, -1.550000, -8.780000, 4.070000, 231.937500, 9.000000, 4.625000
711, 4.000000, 16.230000, -25.670000, 0.750000, 3.440000, -0.888889, 1.230000, -0.700000, 9.700000, 232.437500, 7.187500, 4.125000, -3.140000, 25.020000, 0.470000, 1.773333, 4.726666, 0.712222, -1.870000, -8.620000, 4.280000, 232.562500, 4.437500, 3.750000
731, 3.290000, 17.600000, -27.440001, 0.668889, 5.071111, -0.081111, 0.290000, -0.570000, 9.780000, 232.687500, 1.687500, 3.375000, -3.860000, 15.600000, 2.410000, -0.627778, 4.473333, 3.807778, -2.750000, -8.470000, 4.090000, 232.312500, -1.937500, 3.000000
750, -4.750000, -1.390000, -25.240000, 0.187778, 11.673333, 1.348889, -1.420000, -0.490000, 9.690000, 231.750000, -8.312500, 2.875000, -1.340000, 11.710000, 0.380000, -2.201111, 2.954444, 5.757778, -3.840000, -8.280000, 3.570000, 231.187500, -14.687500, 2.687500
770, -12.090000, -5.260000, -7.430000, -0.053333, 13.592222, 0.382222, -3.690000, -0.440000, 9.070000, 231.187500, -22.062500, 2.750000, -0.840000, 0.660000, -4.800000, -2.753333, 2.088889, 7.238889, -5.050000, -7.850000, 2.970000, 231.125000, -29.500000, 2.875000
790, -19.450001, -0.850000, 12.520000, -0.152222, 12.800000, -0.107778, -5.820000, -0.440000, 7.870000, 231.312500, -36.437500, 3.250000, -3.630000, -5.740000, -5.670000, -3.624444, 0.931111, 7.041111, -6.150000, -7.250000, 2.370000, 231.625000, -42.562500, 4.000000
811, -22.690001, -5.920000, 31.870001, -1.216667, 9.251111, -0.541615, -7.240000, -0.620000, 6.580000, 231.812500, -47.562500, 5.375000, -7.370000, -18.260000, -2.260000, -3.938889, 1.720000, 5.360000, -6.980000, -6.670000, 1.660000, 232.000000, -48.937500, 6.562500
829, -24.180000, -7.600000, 32.880001, -1.045556, 2.596667, -0.642222, -7.540000, -0.840000, 6.200000, 232.125000, -50.312500, 7.687500, -15.070000, -29.969999, 14.590000, -1.583333, 2.017778, 0.947778, -7.310000, -6.430000, 1.090000, 232.437500, -49.750000, 8.187500
850, -21.430000, -8.790000, 30.629999, 0.348889, -4.017778, -0.614444, -7.230000, -0.930000, 6.550000, 232.687500, -47.500000, 8.062500, -13.690000, -22.510000, 10.360000, 1.033333, -1.140000, -3.281111, -7.010000, -6.740000, 1.170000, 233.000000, -44.062500, 7.312500
870, -16.490000, -7.880000, 12.660000, 1.745556, -8.128889, -0.576667, -6.260000, -0.810000, 7.500000, 233.500000, -39.625000, 6.187500, -8.680000, -12.630000, -0.930000, 2.822222, -3.315556, -5.700000, -6.240000, -7.320000, 1.870000, 234.062500, -34.500000, 4.750000
891, -10.420000, -1.030000, -2.830000, 2.805556, -9.803333, -0.694444, -4.780000, -0.480000, 8.540000, 234.750000, -29.187500, 3.187500, -6.770000, -5.070000, -3.930000, 3.882222, -3.840000, -7.001111, -5.090000, -7.890000, 2.800000, 235.312500, -23.875000, 1.875000
909, -1.950000, -1.000000, -14.580000, 1.902222, -8.606667, -0.426667, -3.230000, -0.140000, 9.250000, 235.687500, -19.187500, 0.875000, -5.270000, 4.500000, -6.460000, 3.938889, -3.721111, -7.692222, -3.690000, -8.280000, 3.730000, 236.000000, -15.187500, 0.125000
930, 7.040000, 2.670000, -23.040001, 1.491111, -6.203333, -0.600000, -2.010000, 0.100000, 9.590000, 236.437500, -11.812500, -0.562500, 0.720000, 18.000000, -11.730000, 3.380000, -2.723333, -6.283333, -2.370000, -8.390000, 4.470000, 236.875000, -9.125000, -1.125000
950, 12.600000, -11.820000, -22.670000, 0.494444, -3.095556, -0.767778, -1.280000, 0.230000, 9.710000, 237.375000, -7.500000, -1.375000, 10.750000, 15.270000, -13.220000, 2.035556, 0.212222, -2.578889, -1.750000, -8.310000, 4.880000, 238.187500, -6.875000, -1.375000
971, 4.020000, -13.580000, -4.750000, 0.307778, 0.416667, -2.558889, -1.220000, 0.240000, 9.720000, 239.562500, -7.125000, -1.375000, 10.830000, 7.070000, -14.630000, 0.388889, 2.332222, 0.283333, -1.890000, -8.250000, 4.930000, 241.500000, -7.875000, -1.312500
991, -1.970000, -21.350000, 1.500000, 0.370000, 1.445556, -4.353333, -1.490000, 0.190000, 9.680000, 243.875000, -8.750000, -1.125000, 0.620000, -6.960000, -8.080000, 0.790000, 4.305555, 0.296667, -2.300000, -8.190000, 4.860000, 246.750000, -9.375000, -1.312500
1010, -7.620000, 5.400000, 1.200000, 2.821111, 0.785556, -5.948889, -1.680000, 0.390000, 9.650000, 250.125000, -9.875000, -2.312500, -3.680000, -5.480000, -3.140000, 1.622222, 4.180000, 0.272222, -2.750000, -8.040000, 4.880000, 253.500000, -10.375000, -3.937500
1030, -10.130000, 19.280001, 6.670000, 4.254445, 0.643333, -4.914444, -1.870000, 0.960000, 9.570000, 256.375000, -11.000000, -5.750000, -12.070000, -1.270000, 11.000000, 0.863333, 2.164236, -0.262222, -3.000000, -7.940000, 4.900000, 258.437500, -11.562500, -7.375000
1051, -15.490000, 22.600000, 21.040001, 2.474444, -0.114444, -2.066667, -1.980000, 1.410000, 9.490000, 259.750000, -11.625000, -8.437500, -12.760000, -0.320000, 16.549999, 0.257778, 0.522222, -1.671111, -2.880000, -7.980000, 4.900000, 260.250000, -10.625000, -9.125000
1071, -12.800000, 23.110001, 12.950000, 0.560000, -4.214445, 0.787778, -1.420000, 1.590000, 9.570000, 260.000000, -8.312500, -9.437500, -12.770000, 0.900000, 17.840000, 0.597778, -1.582222, -2.944444, -2.390000, -8.070000, 5.020000, 259.125000, -4.750000, -9.250000
1089, -11.680000, 12.950000, 3.850000, -1.392222, -8.125556, 3.086667, -0.020000, 1.460000, 9.690000, 257.812500, -0.125000, -8.562500, -5.490000, 5.400000, 6.580000, 0.487778, -3.620000, -2.754444, -1.630000, -8.120000, 5.230000, 256.125000, 5.250000, -7.500000
1110, -8.530000, 8.360000, -8.940000, -1.893333, -10.395555, 4.310000, 1.890000, 1.040000, 9.560000, 254.187500, 11.125000, -6.250000, -4.980000, 3.500000, 4.940000, 0.061111, -4.334445, -2.675555, -0.800000, -8.170000, 5.350000, 252.000000, 16.875000, -4.750000
1130, -2.540000, -0.640000, -15.920000, -1.542222, -9.402223, 4.944445, 3.700000, 0.490000, 9.060000, 249.625000, 22.187500, -3.125000, 3.470000, 8.620000, -6.850000, 0.025556, -5.108889, -2.867778, 0.140000, -8.180000, 5.390000, 247.187500, 26.875000, -1.000000
1151, 2.280000, -15.090000, -23.600000, -2.096667, -7.435555, 4.764444, 5.040000, -0.220000, 8.400000, 244.875000, 30.875000, 1.500000, 9.670000, 9.580000, -14.800000, 0.152222, -3.773333, -1.312222, 0.860000, -8.150000, 5.370000, 243.125000, 34.250000, 4.000000
1169, 5.450000, -10.120000, -29.020000, -1.233333, -4.640000, 1.966667, 5.850000, -0.770000, 7.820000, 242.187500, 36.687500, 5.625000, 9.510000, 8.420000, -15.310000, 0.163333, -1.232222, 1.028889, 0.980000, -8.150000, 5.350000, 241.812500, 37.937500, 5.937500
1190, 5.780000, -1.550000, -36.189999, 0.521111, -0.073333, -0.017778, 6.040000, -0.760000, 7.680000, 241.750000, 38.000000, 5.625000, 6.430000, 13.220000, -20.580000, 0.397778, 1.561111, 1.637778, 0.660000, -8.150000, 5.400000, 241.812500, 36.500000, 5.250000
1210, 0.170000, -4.310000, -46.250000, 0.208889, 6.068889, -0.388889, 5.380000, -0.680000, 8.160000, 242.125000, 33.250000, 4.750000, 6.200000, 16.379999, -19.240000, -0.284444, 6.158889, 2.788889, -0.230000, -8.140000, 5.450000, 242.750000, 27.937500, 4.500000
1231, -13.820000, -13.160000, -48.509998, -1.190000, 15.056666, -1.393333, 3.330000, -0.730000, 9.190000, 243.937500, 19.875000, 4.500000, -4.050000, 11.410000, -15.890000, -2.835556, 8.238889, 4.886667, -1.690000, -8.290000, 4.940000, 245.687500, 8.562500, 4.812500
1249, -38.360001, -7.780000, -30.389999, -1.027778, 25.830000, -2.616667, -0.890000, -0.900000, 9.720000, 247.750000, -5.187500, 5.312500, -9.590000, 11.050000, -8.020000, -3.601111, 8.572222, 7.595556, -3.510000, -8.240000, 3.970000, 249.875000, -19.875000, 6.125000
1270, -33.830002, 5.310000, 19.309999, 0.324444, 25.764444, -2.332222, -5.420000, -1.060000, 8.090000, 251.937500, -33.562500, 7.437500, -15.100000, 9.310000, -4.620000, -3.720000, 5.072222, 10.731112, -5.430000, -7.620000, 2.900000, 254.000000, -44.812500, 9.250000
1290, -31.400000, 12.130000, 24.020000, -0.088889, 15.664444, -1.784444, -7.830000, -1.250000, 5.760000, 255.625000, -53.000000, 12.250000, -19.700001, -14.160000, 4.420000, -5.482222, 3.116667, 10.302222, -7.050000, -6.560000, 1.830000, 256.187500, -58.312500, 16.125000
1311, -30.590000, -1.250000, 28.010000, -2.676667, 7.248889, -0.138889, -8.660000, -1.560000, 4.320000, 255.812500, -62.000000, 19.875000, -21.090000, -24.969999, 10.130000, -6.266667, 2.404444, 6.928889, -8.030000, -5.570000, 0.750000, 254.812500, -65.187500, 22.812500
1331, -30.190001, -5.940000, 35.650002, -2.007778, 3.745556, 1.105556, -9.050000, -1.560000, 3.430000, 253.687500, -67.312500, 24.500000, -17.930000, -28.440001, 20.920000, -1.752222, 0.037778, 0.542726, -8.260000, -5.270000, 0.270000, 252.875000, -67.750000, 23.875000
1350, -23.770000, -3.780000, 24.190001, 0.315556, -2.603333, 1.075556, -9.000000, -1.390000, 3.620000, 252.250000, -66.625000, 21.125000, -13.880000, -16.950001, 9.140000, 1.416667, -4.102222, -3.708889, -7.930000, -5.690000, 0.860000, 251.750000, -64.562500, 17.437500
1370, -24.090000, -1.140000, 25.510000, 1.395555, -6.253334, 1.193333, -8.610000, -1.100000, 4.540000, 251.250000, -61.437500, 13.687500, -11.180000, -12.300000, 2.140000, 1.616667, -5.130000, -4.913333, -7.170000, -6.430000, 1.800000, 250.687500, -57.000000, 10.125000
1391, -22.309999, 0.960000, 8.140000, 1.262222, -11.286667, 1.486667, -7.630000, -0.760000, 6.100000, 249.937500, -51.062500, 7.062500, -10.320000, -5.780000, 1.540000, 1.947778, -5.057778, -7.300000, -6.040000, -7.230000, 2.690000, 248.875000, -44.000000, 4.687500
1411, -20.730000, -1.680000, -0.560000, 0.652222, -14.370000, 2.003333, -5.800000, -0.410000, 7.890000, 247.687500, -36.250000, 2.937500, -9.420000, -0.310000, 1.210000, 2.067778, -5.126300, -7.754445, -4.600000, -7.900000, 3.530000, 246.625000, -28.000000, 1.812500
1429, -15.700000, -1.060000, -12.230000, 0.652222, -16.028889, 1.675556, -3.240000, -0.150000, 9.250000, 245.687500, -19.312500, 0.937500, -4.840000, 6.340000, -3.000000, 2.297778, -4.912222, -7.558889, -3.030000, -8.290000, 4.260000, 244.812500, -10.500000, 0.250000
1450, -10.750000, -2.420000, -19.590000, 0.892222, -15.517777, 1.396667, -0.350000, 0.040000, 9.800000, 244.125000, -2.062500, -0.250000, -4.000000, 5.430000, -3.430000, 1.996667, -4.242222, -6.542222, -1.570000, -8.410000, 4.780000, 243.437500, 5.687500, -0.812500
1470, -3.440000, -0.850000, -20.160000, 1.245556, -12.508889, 1.121111, 2.120000, 0.240000, 9.570000, 242.875000, 12.500000, -1.437500, -3.760000, 5.270000, -3.980000, 1.970000, -4.030000, -6.220000, -0.210000, -8.320000, 5.170000, 242.250000, 18.500000, -2.000000
1491, 3.990000, 0.420000, -29.270000, 1.023333, -9.687778, 1.290000, 3.950000, 0.370000, 8.960000, 241.562500, 23.812500, -2.375000, 5.410000, 16.440001, -14.030000, 2.474444, -4.192222, -4.276667, 0.970000, -8.040000, 5.520000, 240.750000, 28.062500, -2.250000
1509, 3.650000, -5.280000, -24.100000, -0.035556, -5.778889, 1.482222, 5.080000, 0.270000, 8.370000, 240.000000, 31.250000, -1.812500, 8.880000, 18.049999, -16.480000, 2.196667, -3.370000, -2.624444, 1.520000, -7.790000, 5.740000, 239.375000, 33.500000, -1.500000
1530, 2.940000, -1.620000, -26.459999, 0.335556, -2.748889, 0.675556, 5.630000, 0.200000, 8.020000, 239.000000, 35.000000, -1.437500, 1.810000, 17.150000, -14.520000, 0.758889, 1.364444, 1.841111, 1.290000, -7.730000, 5.890000, 238.750000, 35.562500, -1.625000
1550, -0.640000, 11.780000, -30.350000, 0.187778, 1.855556, 0.400000, 5.560000, 0.220000, 8.070000, 238.437500, 34.562500, -1.562500, -3.970000, 16.360001, -4.840000, -0.761111, 4.662222, 3.077778, 0.410000, -7.810000, 5.900000, 237.937500, 31.687500, -0.875000
1571, -9.460000, 9.860000, -22.580000, -0.950000, 7.173333, 1.727778, 4.580000, -0.020000, 8.670000, 237.125000, 27.812500, 0.187500, -6.120000, 16.980000, -2.700000, -2.037778, 4.365556, 3.568889, -0.620000, -8.110000, 5.460000, 236.000000, 22.937500, 1.375000
1591, -15.650000, 4.850000, -12.640000, -1.628889, 10.855556, 3.026667, 2.860000, -0.460000, 9.360000, 234.625000, 16.937500, 2.812500, -9.360000, 3.070000, 1.120000, -5.295556, 1.215556, 5.883333, -1.690000, -8.480000, 4.610000, 233.062500, 10.312500, 4.437500
1610, -22.030001, -13.010000, 16.400000, -2.812222, 12.286667, 3.597778, 0.590000, -1.050000, 9.730000, 231.500000, 3.437500, 6.125000, -7.690000, -0.850000, -0.890000, -5.040000, 0.173333, 6.298889, -2.720000, -8.600000, 3.840000, 230.187500, -2.937500, 7.500000
1630, -23.230000, -15.730000, 29.459999, -1.890000, 8.143333, 2.461111, -1.280000, -1.430000, 9.610000, 229.125000, -7.500000, 8.437500, -1.940000, -26.490000, -2.630000, -3.067778, 0.116667, 4.963333, -3.620000, -8.490000, 3.290000, 228.187500, -8.500000, 9.000000
1651, -9.380000, -19.370001, 14.830000, -0.380000, -4.005556, 1.293333, -1.110000, -1.530000, 9.620000, 227.250000, -6.500000, 9.062500, -5.210000, -29.620001, 3.470000, -1.137778, 0.281111, -0.340000, -3.830000, -8.510000, 2.980000, 226.625000, -3.062500, 8.937500
1671, -7.320000, -22.350000, 8.210000, 0.226667, -6.548889, -0.541615, 0.080000, -1.510000, 9.680000, 226.687500, 0.500000, 8.625000, -4.520000, -23.260000, 0.930000, 0.183333, -0.783333, -3.257778, -3.040000, -8.750000, 3.190000, 227.500000, 4.062500, 8.437500
1690, -3.490000, -7.840000, -7.260000, 1.238889, -6.251111, -3.123333, 1.300000, -1.290000, 9.630000, 228.937500, 7.625000, 7.625000, -4.450000, -1.330000, -11.360000, 2.736667, -2.094445, -6.820000, -1.770000, -8.900000, 3.700000, 230.687500, 11.000000, 6.500000
1710, 3.360000, 3.880000, -21.950001, 1.855556, -4.615556, -3.887778, 2.320000, -0.840000, 9.480000, 232.562500, 13.687500, 5.062500, -3.900000, 5.120000, -13.920000, 3.453333, -1.244444, -6.711111, -1.160000, -8.682500, 4.010000, 234.437500, 15.437500, 3.562500
1731, 9.230000, 13.510000, -32.230000, 1.235556, -0.772222, -3.180000, 2.700000, -0.400000, 9.410000, 236.062500, 15.937500, 2.375000, 0.240000, 31.680000, -0.440000, 2.890000, 2.836667, -2.726667, -0.230000, -8.460000, 4.940000, 237.312500, 15.062500, 1.750000
1751, 4.030000, 9.130000, -23.559999, -0.305556, 4.586667, -1.691111, 2.140000, -0.280000, 9.560000, 238.312500, 12.625000, 1.625000, -1.880000, 11.020000, -0.290000, -1.595556, 2.847778, 2.198889, -0.690000, -8.500000, 4.820000, 239.125000, 9.000000, 2.125000
1769, -6.520000, 0.430000, -2.250000, -1.704444, 7.783333, -0.988889, 0.820000, -0.500000, 9.750000, 239.812500, 4.812500, 2.937500, -2.100000, 4.280000, -0.980000, -2.761111, 2.422222, 3.501111, -1.500000, -8.680000, 4.300000, 240.375000, 0.437500, 4.062500
1790, -16.080000, -4.490000, 29.320000, -1.936667, 5.674443, -0.883333, -0.440000, -0.880000, 9.750000, 241.000000, -2.562500, 5.187500, -4.520000, -21.680000, 5.080000, -2.604445, 2.100000, 3.204444, -2.250000, -8.760000, 3.780000, 241.375000, -3.125000, 5.562500
1810, -7.270000, -14.940000, 14.770000, 0.023333, -2.822222, -0.232222, -0.280000, -0.950000, 9.750000, 241.437500, -1.625000, 5.562500, -5.150000, -26.900000, 6.580000, -1.918889, 1.694444, 1.903333, -2.470000, -8.780000, 3.590000, 241.562500, 0.875000, 5.312500
1831, -4.610000, -24.360001, 5.110000, 1.000000, -4.906667, -1.514444, 0.620000, -0.810000, 9.750000, 242.250000, 3.625000, 4.750000, -1.050000, -18.000000, -6.390000, 2.114444, -1.515556, -3.800000, -1.870000, -8.810000, 3.850000, 243.750000, 6.187500, 3.562500
1849, -0.540000, -5.880000, -3.860000, 2.633333, -4.301111, -4.091111, 1.480000, -0.320000, 9.680000, 245.812500, 8.625000, 1.875000, -0.600000, -3.580000, -12.070000, 3.063150, -0.071111, -4.990000, -1.020000, -8.720000, 4.360000, 248.062500, 10.812500, 0.000000
1870, 1.220000, -2.360000, -5.240000, 2.635556, -2.554445, -4.297778, 2.060000, 0.320000, 9.580000, 250.250000, 12.125000, -1.937500, 0.560000, 3.890000, -6.850000, 3.086667, 1.057778, -4.700000, -0.670000, -8.630000, 4.600000, 252.500000, 12.812500, -3.562500
1890, -1.220000, 2.930000, -2.360000, 1.710000, -1.194444, -4.591111, 2.250000, 0.850000, 9.500000, 254.937500, 13.250000, -5.125000, 0.570000, 6.690000, -3.950000, 1.831111, 2.332222, -3.064445, -0.100000, -8.330000, 5.150000, 257.375000, 13.812500, -6.625000
1911, -4.800000, 4.900000, 0.340000, 1.028889, -1.936667, -4.265555, 2.470000, 1.290000, 9.400000, 259.750000, 14.562500, -7.812500, -2.000000, 8.020000, 0.550000, 1.361111, 2.464444, -2.633333, -0.010000, -8.270000, 5.260000, 261.937500, 15.812500, -8.875000
1931, -0.870000, 19.719999, -14.270000, 1.002222, -3.517778, -3.698889, 2.930000, 1.640000, 9.210000, 264.000000, 17.375000, -10.125000, -4.700000, 11.520000, 2.800000, 0.138889, 1.991111, -1.468889, 0.100000, -8.180000, 5.400000, 265.687500, 18.625000, -10.937500
1950, 0.230000, 26.700001, -22.709999, -0.826667, -1.011111, -1.591111, 3.190000, 1.740000, 9.100000, 266.687500, 19.000000, -10.812500, -8.670000, 20.209999, 7.450000, -1.188889, 2.008889, 1.002222, -0.140000, -8.260000, 5.270000, 266.937500, 18.312500, -9.812500
1970, -6.340000, 20.440001, -8.770000, -2.328889, 3.368889, 1.325556, 2.810000, 1.350000, 9.290000, 266.250000, 16.625000, -8.250000, -12.340000, 11.590000, 15.540000, -2.125556, 1.833333, 2.091111, -0.390000, -8.360000, 5.090000, 264.812500, 14.500000, -6.625000
1991, -12.360000, 18.959999, 12.520000, -1.976667, 4.447778, 4.042222, 2.090000, 0.830000, 9.540000, 262.625000, 12.312500, -5.000000, -11.330000, 9.360000, 16.170000, -2.127778, -2.014444, 3.944444, -1.160000, -8.600000, 4.550000, 259.625000, 10.687500, -3.375000
2011, -9.460000, 17.440001, 7.400000, -0.850000, 0.998889, 7.044445, 1.750000, 0.370000, 9.640000, 255.812500, 10.312500, -2.187500, -8.880000, 2.900000, 10.310000, -2.060000, -3.450000, 4.371111, -1.370000, -8.630000, 4.430000, 251.312500, 10.750000, -1.000000
2030, -4.680000, 1.490000, -6.910000, -0.853333, -0.760000, 8.760000, 1.910000, -0.050000, 9.610000, 246.625000, 11.187500, 0.312500, -3.570000, 1.820000, 0.910000, -2.064445, -6.774445, 3.814445, -1.690000, -8.700000, 4.190000, 242.000000, 11.500000, 1.750000
2050, 0.710000, -9.150000, -18.860001, -1.486667, -0.062222, 8.220000, 1.920000, -0.580000, 9.590000, 237.562500, 11.312500, 3.437500, 9.200000, 3.020000, -20.740000, -2.293333, -3.671111, 3.602222, -1.910000, -8.750000, 3.980000, 233.875000, 10.187500, 5.625000
2070, 3.320000, -31.590000, -25.940001, -2.775556, 4.226666, 5.108889, 1.290000, -1.270000, 9.630000, 231.312500, 7.562500, 7.500000, 11.950000, -1.590000, -25.490000, -2.348889, -1.060000, 4.118889, -2.163125, -8.760000, 3.800000, 230.437500, 3.437500, 8.562500
2091, -0.810000, -13.860000, -34.619999, -0.964444, 10.668889, 0.605556, -0.390000, -1.550000, 9.670000, 230.562500, -2.312500, 9.062500, -1.850000, -5.280000, -7.890000, -1.820000, 4.572222, 4.214445, -3.650000, -8.600000, 2.970000, 231.125000, -10.062500, 9.625000
2109, -23.900000, -12.040000, 1.630000, -0.687778, 16.566668, -0.540000, -3.170000, -1.690000, 9.120000, 232.187500, -18.875000, 10.500000, -3.880000, 0.280000, -2.850000, -1.823333, 3.806667, 4.494444, -4.110000, -8.480000, 2.680000, 233.437500, -27.562500, 11.625000
2130, -32.250000, -2.070000, 31.260000, -0.120000, 14.354445, -0.858889, -5.630000, -1.800000, 7.810000, 234.625000, -35.062500, 13.000000, -5.480000, -12.170000, -3.280000, -2.450000, 1.814444, 4.868889, -5.490000, -7.900000, 1.840000, 235.500000, -40.125000, 14.625000
2150, -22.760000, -2.110000, 31.980000, -0.865555, 2.225556, -0.323333, -6.460000, -1.970000, 7.100000, 235.625000, -41.250000, 15.500000, -8.150000, -26.139999, 7.170000, -1.600000, 1.841111, 0.973333, -5.860000, -7.730000, 1.360000, 235.062500, -39.437500, 15.437500
2171, -15.350000, -11.780000, 15.980000, -0.791111, -6.126300, 0.308889, -5.800000, -2.050000, 7.620000, 234.312500, -36.250000, 15.062500, -12.050000, -23.690001, 12.430000, -0.615555, 0.911111, -1.624444, -5.750000, -7.830000, 1.260000, 233.937500, -32.250000, 14.500000
2189, -17.860001, -11.860000, 17.389999, 0.364444, -9.002601, -0.701111, -4.510000, -2.080000, 8.450000, 233.812500, -27.375000, 13.812500, -6.280000, -6.350000, -2.030000, 1.920000, -3.315556, -5.526667, -4.510000, -8.490000, 1.920000, 233.875000, -21.500000, 13.062500
2210, -9.880000, -3.940000, -13.610000, 1.282222, -12.973333, -1.631111, -2.440000, -2.000000, 9.280000, 234.125000, -14.437500, 12.187500, -2.650000, -5.450000, -8.290000, 2.114444, -3.401111, -5.486667, -3.990000, -8.670000, 2.230000, 234.375000, -7.187500, 11.312500
2230, -2.380000, -12.880000, -21.309999, 0.764444, -11.163333, -1.848889, -0.180000, -1.850000, 9.620000, 234.812500, -1.000000, 10.875000, -2.380000, -3.850000, -10.450000, 3.048889, -1.577778, -5.951111, -2.400000, -8.980000, 3.110000, 235.750000, 3.750000, 10.500000
2251, 0.930000, -10.530000, -18.410000, 0.810000, -6.520000, -3.491111, 1.300000, -1.680000, 9.570000, 237.312500, 7.562500, 9.937500, 0.580000, 2.960000, -11.650000, 3.956667, 0.012222, -5.284444, -1.430000, -8.930000, 3.770000, 239.375000, 10.750000, 9.062500
2271, 5.750000, -1.370000, -30.510000, 1.542222, -3.395555, -5.144444, 2.200000, -1.280000, 9.460000, 242.000000, 13.000000, 7.687500, 3.110000, 12.130000, -15.070000, 4.337778, 1.350000, -4.743333, -1.080000, -8.642500, 4.120000, 244.937500, 13.875000, 6.000000
2290, 4.450000, 11.290000, -31.650000, 1.433333, 1.835556, -5.702222, 2.230000, -0.740000, 9.510000, 247.937500, 13.125000, 4.437500, 4.420000, 27.360001, -12.130000, 2.411111, 5.892222, -1.618889, -0.930000, -8.440000, 4.880000, 250.875000, 10.687500, 3.562500
2310, 1.110000, 2.690000, -38.209999, -0.282222, 7.620000, -4.932222, 1.140000, -0.550000, 9.720000, 253.687500, 6.687500, 3.250000, -1.720000, 19.790001, -3.470000, 0.198889, 6.952222, 0.295556, -1.270000, -8.430000, 4.830000, 256.562500, 0.750000, 3.187500
2331, -19.740000, 15.180000, -7.610000, -0.796667, 14.695556, -4.396667, -1.200000, -0.640000, 9.710000, 259.125000, -7.062500, 3.812500, -10.490000, 12.250000, 6.580000, -3.726667, 5.361111, 3.742222, -2.720000, -8.620000, 3.790000, 261.250000, -15.500000, 5.125000
2351, -23.200001, 20.900000, 16.450001, -1.387778, 14.640000, -1.998889, -3.880000, -1.030000, 8.940000, 262.562500, -23.312500, 6.562500, -14.240000, 4.850000, 14.710000, -4.505556, 2.637778, 4.591111, -3.680000, -8.610000, 2.870000, 263.062500, -29.625000, 7.812500
2369, -23.959999, 15.790000, 31.049999, -2.296667, 7.831111, 1.312222, -5.470000, -1.280000, 8.030000, 262.250000, -33.937500, 9.062500, -14.470000, -6.720000, 20.799999, -4.224444, 0.740000, 3.947778, -4.020000, -8.580000, 2.500000, 260.375000, -35.500000, 9.625000
2390, -17.150000, 21.190001, 21.520000, -2.612222, -2.892222, 3.735556, -5.520000, -1.330000, 7.980000, 257.812500, -34.312500, 9.437500, -11.340000, -3.460000, 17.070000, -1.968889, -4.475555, 0.976667, -4.310000, -8.510000, 2.240000, 254.312500, -31.562500, 9.375000
2410, -16.250000, 11.220000, 11.700000, -4.294445, -8.024445, 5.772222, -4.570000, -1.440000, 8.550000, 250.250000, -27.750000, 9.562500, -4.100000, 2.800000, 3.730000, -2.163333, -5.735556, 0.446667, -4.220000, -8.540000, 2.300000, 245.625000, -23.000000, 9.812500
2431, -7.310000, -34.820000, -7.570000, -4.594444, -10.710000, 7.412222, -3.020000, -1.690000, 9.170000, 240.687500, -17.937500, 10.437500, 1.860000, -12.810000, -3.450000, -1.880000, -4.438889, 1.077778, -4.030000, -8.610000, 2.380000, 236.437500, -13.062500, 11.312500
2449, 2.930000, -30.080000, -18.510000, -1.202222, -8.961111, 3.511111, -1.480000, -1.920000, 9.500000, 234.000000, -8.687500, 11.437500, 0.350000, -22.370001, -6.170000, 0.230000, -4.327778, -1.641111, -3.710000, -8.680000, 2.620000, 233.125000, -5.375000, 10.750000
2470, 3.060000, -16.930000, -5.130000, 1.591111, -4.072222, -0.461111, -0.540000, -1.680000, 9.640000, 233.250000, -3.125000, 9.875000, 6.450000, -7.400000, -19.959999, 1.624444, -4.248889, -3.113333, -3.350000, -8.740000, 2.900000, 233.750000, -1.437500, 9.125000
2490, 3.670000, -18.490000, -9.300000, 1.237778, -2.290000, -1.844444, -0.010000, -1.440000, 9.690000, 234.687500, -0.062500, 8.437500, 8.010000, -3.090000, -22.690001, 2.761111, 0.816667, -2.754444, -2.440000, -8.740000, 3.690000, 236.062500, 0.812500, 7.687500
2511, 1.650000, -11.040000, -11.230000, 1.504444, -0.533333, -3.247778, 0.230000, -1.170000, 9.730000, 237.812500, 1.312500, 6.875000, 1.970000, -0.430000, -12.670000, 2.624444, 2.336667, -2.230000, -2.340000, -8.700000, 3.860000, 239.875000, 1.437500, 5.875000
2529, -0.990000, 5.300000, -12.480000, 1.803333, 1.398889, -4.270000, 0.150000, -0.830000, 9.760000, 242.250000, 0.875000, 4.875000, -3.870000, 9.670000, -5.530000, 2.798889, 3.933333, -1.657778, -2.390000, -8.510000, 4.240000, 244.500000, -0.250000, 3.937500
2550, -4.300000, 28.959999, -8.890000, 1.332222, 3.265556, -3.316667, -0.330000, -0.560000, 9.780000, 246.375000, -1.937500, 3.250000, -10.700000, 20.240000, 9.160000, -0.826667, 3.187778, 0.326667, -2.660000, -8.500000, 4.080000, 247.562500, -3.937500, 3.125000
2570, -5.170000, 25.350000, -7.130000, -1.111111, 4.450000, -0.492222, -1.080000, -0.640000, 9.720000, 247.875000, -6.312500, 3.750000, -9.390000, 11.830000, 12.870000, -2.483333, 2.088889, 1.034444, -2.830000, -8.570000, 3.820000, 247.437500, -8.937500, 4.875000
2591, -6.160000, 16.379999, 9.820000, -2.416667, 3.741111, 1.778889, -1.880000, -1.020000, 9.560000, 246.500000, -11.062500, 6.062500, -6.850000, 6.780000, 10.160000, -3.525556, -0.383333, 1.754444, -3.250000, -8.740000, 3.010000, 244.812500, -12.250000, 6.875000
2611, -1.050000, 8.370000, -1.800000, -1.601111, 0.601111, 4.230000, -2.190000, -1.210000, 9.480000, 242.437500, -12.875000, 7.250000, -2.710000, 1.150000, 5.800000, -2.851111, -2.225556, 2.683333, -3.410000, -8.740000, 2.840000, 239.562500, -13.437500, 7.437500
2630, 1.560000, -30.420000, 0.460000, -1.288889, 0.305556, 4.814445, -2.370000, -1.240000, 9.430000, 236.875000, -13.937500, 7.500000, 4.580000, -11.240000, -7.310000, -1.258889, -3.946667, 3.673333, -3.970000, -8.470000, 2.910000, 235.187500, -14.250000, 7.187500
2650, 0.330000, -24.500000, 6.190000, 0.857778, 0.368889, 0.921111, -2.460000, -1.090000, 9.420000, 234.750000, -14.500000, 6.562500, 8.790000, -21.110001, -16.350000, 0.587778, -2.396667, 2.483333, -4.130000, -8.290000, 3.200000, 235.187500, -14.562500, 6.000000
2671, -2.840000, -23.540001, 10.090000, 1.381111, -0.515556, -1.977778, -2.400000, -0.920000, 9.460000, 236.375000, -14.187500, 5.500000, 6.670000, -19.120001, -16.420000, 1.422222, -0.443333, -0.450000, -4.080000, -8.260000, 3.330000, 238.187500, -13.437500, 4.875000
2691, -2.610000, -12.980000, 6.810000, 2.456667, -1.323333, -3.732222, -2.130000, -0.660000, 9.540000, 240.375000, -12.562500, 3.937500, -1.370000, -12.010000, -5.900000, 1.732222, 1.571111, -2.617778, -3.620000, -8.360000, 3.610000, 242.625000, -11.562500, 2.937500
2709, -3.860000, -1.990000, -3.570000, 3.093333, -1.891111, -4.175556, -1.770000, -0.290000, 9.630000, 245.062500, -10.437500, 1.687500, -6.890000, 2.760000, -3.010000, 2.705555, 1.730000, -3.746667, -3.380000, -8.390000, 3.770000, 247.562500, -9.437500, 0.187500
2730, -3.190000, 22.889999, -10.530000, 3.397778, -1.164444, -3.943333, -1.500000, 0.210000, 9.680000, 249.812500, -8.625000, -1.250000, -9.330000, 20.790001, 2.390000, 3.476667, 2.137778, -3.965556, -2.750000, -8.350000, 4.340000, 251.562500, -8.625000, -2.500000
2750, -2.560000, 29.809999, -12.360000, 1.674444, 0.142222, -1.780000, -1.500000, 0.550000, 9.670000, 252.625000, -8.625000, -3.250000, -10.820000, 24.190001, 16.190001, 1.287778, 2.596667, -1.640000, -2.780000, -8.360000, 4.290000, 252.937500, -9.187500, -3.437500
2771, -1.790000, 25.740000, -10.370000, -0.796667, 1.293333, 0.777778, -1.680000, 0.520000, 9.640000, 252.437500, -9.875000, -3.062500, -8.220000, 17.120001, 14.570000, -1.763333, 0.418889, 0.812222, -2.860000, -8.410000, 4.130000, 251.187500, -10.750000, -2.312500
2789, -1.650000, 22.440001, -7.820000, -2.070000, 1.917778, 3.132222, -2.000000, 0.250000, 9.590000, 249.375000, -11.750000, -1.500000, -5.840000, 14.000000, 11.070000, -2.508889, -1.515556, 1.972222, -3.190000, -8.510000, 3.660000, 246.875000, -12.750000, -0.875000
2810, -2.630000, 13.550000, -8.390000, -2.083333, 1.614444, 5.493333, -2.300000, 0.070000, 9.530000, 243.750000, -13.562500, -0.437500, -5.850000, 10.630000, 6.200000, -2.610000, -3.257778, 3.395555, -3.350000, -8.500000, 3.550000, 240.062500, -14.375000, -0.312500
2830, -4.380000, 5.130000, -9.550000, -1.781111, 1.807778, 7.375556, -2.590000, 0.070000, 9.450000, 235.937500, -15.312500, -0.375000, -6.550000, 7.650000, -2.060000, -2.356667, -4.610000, 4.783333, -4.040000, -8.230000, 3.460000, 231.500000, -16.500000, -0.750000
2851, -4.960000, -13.480000, -6.740000, -1.514444, 2.713333, 8.136666, -3.010000, 0.210000, 9.320000, 226.937500, -17.875000, -1.312500, -4.260000, 5.230000, -9.560000, -2.892222, -5.796667, 6.535555, -4.750000, -7.840000, 3.450000, 222.375000, -19.687500, -1.687500
2871, -7.020000, -39.549999, 5.570000, -2.182222, 3.802222, 6.282222, -3.620000, 0.290000, 9.100000, 218.750000, -21.625000, -1.812500, 2.670000, -27.430000, -21.190001, -2.953333, -3.855556, 8.272223, -5.230000, -7.550000, 3.420000, 216.875000, -23.437500, -2.250000
2890, -9.790000, -35.750000, 15.480000, 0.454444, 3.147778, 0.241111, -4.170000, 0.400000, 8.672500, 216.812500, -25.125000, -2.562500, 1.850000, -31.209999, -24.480000, -0.666667, -0.821111, 4.730000, -6.060000, -6.900000, 3.410000, 217.875000, -26.562500, -2.562500
2910, -10.950000, -36.849998, 18.900000, 1.153333, 1.548889, -3.303333, -4.520000, 0.340000, 8.690000, 219.812500, -27.437500, -2.250000, -0.150000, -23.400000, -21.940001, 1.150000, 1.383333, -1.046667, -6.040000, -6.920000, 3.410000, 222.562500, -27.812500, -1.937500
2931, -11.900000, -33.840000, 11.520000, 2.640000, -0.562222, -5.971111, -4.540000, 0.250000, 8.680000, 226.187500, -27.625000, -1.625000, -5.250000, -24.629999, -15.450000, 2.421111, 3.401111, -2.823333, -5.750000, -7.180000, 3.380000, 230.625000, -26.937500, -1.500000
2951, -17.059999, -26.340000, 6.270000, 4.586667, -2.230000, -8.712222, -4.280000, 0.250000, 8.810000, 242.062500, -24.437500, -2.187500, -6.890000, -15.020000, -16.760000, 4.571111, 4.065556, -5.655556, -5.170000, -7.500000, 3.610000, 242.062500, -24.437500, -2.187500
2970, -17.990000, 4.230000, -8.290000, 6.394444, -3.102222, -10.374444, -3.840000, 0.490000, 9.000000, 248.437500, -23.062500, -3.125000, -14.670000, 3.880000, -8.930000, 5.648889, 5.315556, -7.670000, -4.800000, -7.670000, 3.760000, 254.687500, -21.812500, -4.375000
2990, -14.710000, 31.090000, -9.570000, 5.743333, -2.572222, -8.926666, -3.490000, 0.880000, 9.110000, 260.187500, -20.875000, -5.500000, -18.719999, 16.190001, 1.370000, 4.544445, 5.613333, -7.968889, -3.660000, -8.130000, 4.070000, 264.625000, -19.937500, -6.500000
3011, -14.130000, 37.990002, -3.330000, 3.376667, -2.597778, -5.077778, -3.180000, 1.180000, 9.200000, 267.812500, -18.875000, -7.312500, -18.200001, 31.850000, 20.010000, 1.001111, 4.783333, -6.517778, -3.330000, -8.310000, 3.990000, 269.437500, -17.312500, -7.937500
3031, -11.810000, 28.889999, -0.490000, 0.780000, -3.998889, 0.000000, -2.570000, 1.360000, 9.360000, 269.625000, -15.187500, -8.250000, -20.570000, 9.660000, 32.470001, -1.937778, 3.185555, -1.932222, -3.080000, -8.670000, 3.370000, 268.812500, -12.437500, -8.437500
3049, -10.730000, 25.719999, -2.620000, -0.127778, -5.772222, 3.367778, -1.540000, 1.450000, 9.570000, 267.187500, -9.062500, -8.625000, -15.610000, 11.420000, 27.950001, 0.667778, -0.972222, -0.102222, -2.970000, -8.550000, 3.740000, 264.937500, -5.187500, -8.625000
3070, -4.390000, 14.980000, -14.530000, -0.082222, -6.421111, 5.520000, -0.220000, 1.520000, 9.680000, 262.250000, -1.312500, -8.875000, -7.900000, 9.730000, 9.680000, 2.955555, -4.942222, 1.095556, -2.870000, -8.410000, 4.120000, 259.187500, 2.312500, -8.750000
3090, -0.190000, 11.220000, -20.740000, -0.544444, -4.616667, 6.260000, 0.910000, 1.400000, 9.660000, 256.000000, 5.312500, -8.250000, -0.440000, 8.530000, -7.380000, 1.452222, -7.364444, 1.108889, -2.190000, -8.160000, 4.960000, 252.562500, 7.375000, -7.375000
3111, 4.110000, 1.380000, -26.100000, -1.066667, -0.955556, 6.932222, 1.420000, 1.060000, 9.640000, 248.875000, 8.312500, -6.312500, 5.720000, 11.950000, -16.700001, -1.401111, -6.904444, 0.983333, -1.940000, -8.210000, 4.990000, 244.937500, 8.062500, -4.875000
3129, 8.700000, -21.309999, -39.200001, -2.663333, 3.980000, 7.023334, 1.050000, 0.490000, 9.730000, 241.125000, 6.125000, -2.875000, 9.680000, 9.800000, -21.920000, -2.745556, -4.200000, 3.018889, -2.140000, -8.380000, 4.610000, 238.125000, 2.250000, -0.687500
3150, -2.690000, -24.290001, -29.830000, -2.863333, 10.060000, 3.005556, -0.550000, -0.140000, 9.790000, 236.000000, -10.125000, 1.187500, 2.000000, -3.520000, -20.410000, -1.863333, 0.266667, 6.424443, -3.320000, -8.190000, 4.240000, 236.000000, -10.125000, 1.187500
3170, -15.540000, -7.170000, -16.660000, 0.146667, 15.443334, 0.571111, -3.120000, -0.180000, 9.290000, 235.750000, -18.562500, 1.125000, -7.000000, -2.660000, -3.490000, -1.691111, 3.078889, 7.174443, -3.990000, -8.000000, 4.010000, 235.500000, -27.562500, 0.937500
3191, -25.740000, -5.640000, 14.740000, 0.380000, 15.870000, 0.932222, -5.790000, -0.060000, 7.910000, 235.062500, -36.187500, 0.437500, -7.820000, -5.490000, -0.900000, -1.165556, 1.840000, 7.027778, -5.710000, -7.160000, 3.480000, 234.625000, -43.625000, -0.312500
3211, -26.850000, -3.130000, 31.420000, 0.390000, 10.888889, 1.082222, -7.460000, 0.130000, 6.350000, 234.125000, -49.562500, -1.187500, -4.730000, -20.709999, 1.650000, -1.673333, 0.671111, 6.121111, -6.140000, -6.870000, 3.330000, 233.500000, -52.812500, -1.687500
3230, -28.760000, -10.810000, 33.040001, -0.405556, -1.604445, 0.461111, -7.720000, 0.180000, 6.040000, 233.125000, -51.937500, -1.750000, -3.720000, -25.309999, 4.320000, -1.143333, 0.764444, 1.797778, -6.570000, -6.590000, 3.070000, 233.250000, -47.437500, -1.312500
3250, -22.059999, -11.290000, 16.570000, 0.166667, -11.174444, -0.858889, -6.480000, 0.100000, 7.350000, 234.750000, -34.875000, -0.812500, -6.870000, -19.709999, 4.780000, -0.191111, 0.558889, -3.351111, -5.980000, -7.180000, 2.970000, 234.750000, -34.875000, -0.812500
3271, -12.880000, -3.470000, -3.770000, 1.851111, -11.971111, -1.732222, -4.660000, 0.180000, 8.620000, 236.062500, -28.375000, -1.187500, -8.670000, -10.380000, 1.370000, 1.314444, -0.510000, -7.045556, -5.470000, -7.520000, 3.090000, 237.500000, -21.875000, -1.562500
3291, 0.620000, -0.010000, -20.870001, 1.483333, -10.777778, -1.922222, -2.720000, 0.320000, 9.410000, 238.750000, -16.062500, -2.000000, -5.940000, 5.670000, -5.420000, 2.683333, -1.320000, -8.322222, -4.170000, -8.120000, 3.550000, 239.812500, -11.312500, -2.250000
3312, 9.370000, -3.720000, -32.240002, 0.841111, -6.828889, -1.738889, -1.310000, 0.430000, 9.700000, 240.875000, -7.687500, -2.562500, 1.100000, 20.170000, -11.590000, 3.114444, -1.060000, -7.053333, -2.910000, -8.410000, 4.110000, 242.187500, -5.375000, -3.000000
3330, 18.070000, 7.280000, -49.099998, 1.137778, -0.040000, -2.670000, -0.930000, 0.600000, 9.740000, 243.625000, -5.437500, -3.500000, 5.930000, 32.680000, -14.460000, 3.194444, 0.808889, -3.708889, -2.170000, -8.370000, 4.610000, 245.000000, -8.375000, -3.562500
3350, 4.480000, -2.420000, -48.849998, -0.528889, 10.637777, -2.453333, -2.410000, 0.510000, 9.480000, 247.312500, -23.125000, -2.562500, -0.330000, 17.900000, -9.300000, 1.092222, 4.217778, 2.701111, -3.250000, -8.050000, 4.540000, 247.312500, -23.125000, -2.562500
3371, -26.170000, 0.410000, -6.420000, -0.485556, 20.551111, -2.784444, -5.530000, 0.240000, 8.090000, 248.562500, -34.312500, -1.687500, -4.800000, 9.820000, -2.710000, -2.144444, 5.402222, 6.335556, -3.960000, -7.920000, 4.190000, 249.687500, -45.875000, -0.062500
3389, -28.889999, -0.610000, 30.450001, -1.178889, 17.895555, -2.094445, -8.090000, -0.210000, 5.530000, 250.562500, -55.562500, 2.187500, -11.800000, 6.620000, 1.970000, -1.877778, 3.774444, 8.074445, -5.380000, -7.400000, 3.510000, 251.500000, -61.625000, 3.875000
3412, -16.459999, 18.490000, 4.970000, 0.315556, 5.635556, -0.483333, -8.672500, -0.340000, 4.170000, 251.937500, -64.687500, 4.687500, -14.370000, -10.000000, 9.030000, -2.582222, 2.496667, 9.006667, -6.730000, -6.500000, 2.910000, 251.125000, -66.937500, 5.000000
3430, -23.990000, 1.490000, 20.120001, -2.698889, 4.311111, 1.748889, -9.170000, -0.270000, 3.440000, 249.250000, -69.312500, 4.562500, -11.200000, -28.010000, 18.540001, -3.923333, 1.475556, 5.782222, -7.610000, -5.750000, 2.240000, 247.062500, -71.187500, 3.187500
2683, -26.639999, -7.020000, 34.950001, -1.693333, 0.100000, 1.722222, -9.280000, -0.070000, 3.140000, 244.687500, -69.187500, 0.000000, -8.642500, -24.209999, 11.340000, -2.018889, -0.885556, 0.485556, -7.650000, -5.750000, 2.110000, 244.687500, -69.187500, 0.000000
2703, -22.370001, -0.040000, 21.889999, 0.033712, -6.587778, 0.735556, -8.930000, 0.060000, 4.040000, 244.312500, -65.625000, -0.875000, -8.150000, -14.870000, 5.390000, 0.504444, -2.662222, -4.117778, -7.370000, -6.030000, 2.320000, 244.000000, -60.937500, -1.625000
2722, -19.690001, 4.090000, 11.230000, 0.005556, -10.613334, 0.977778, -8.050000, 0.210000, 5.590000, 243.562500, -55.187500, -2.125000, -8.560000, -3.790000, 3.630000, 0.830000, -3.284444, -6.473333, -6.480000, -6.780000, 2.840000, 242.875000, -48.500000, -2.500000
2742, -16.660000, 3.400000, -0.030000, -0.818889, -13.485556, 1.484444, -6.450000, 0.320000, 7.370000, 242.000000, -41.125000, -2.500000, -7.610000, 2.720000, 3.030000, 1.238889, -3.274444, -7.112222, -5.320000, -7.510000, 3.360000, 241.125000, -33.500000, -2.312500
2763, -7.090000, 2.370000, -14.150000, -1.004444, -13.652223, 1.596667, -4.310000, 0.320000, 8.800000, 240.187500, -26.062500, -2.125000, -4.450000, 8.030000, 1.340000, 1.261111, -3.265556, -6.304444, -4.130000, -8.010000, 3.850000, 239.375000, -19.187500, -1.937500
2783, 1.870000, 7.200000, -25.320000, -0.892222, -10.593333, 1.743333, -2.280000, 0.280000, 9.530000, 237.312500, -9.062500, -1.187500, -2.410000, 11.720000, 0.450000, 1.035556, -3.456667, -5.065556, -2.540000, -8.380000, 4.400000, 237.312500, -9.062500, -1.187500
2804, 5.540000, 6.300000, -20.500000, -1.454444, -5.638889, 2.170903, -1.020000, 0.090000, 9.750000, 236.125000, -6.000000, -0.500000, 1.290000, 13.340000, -5.000000, 0.410000, -4.015555, -3.290000, -2.100000, -8.430000, 4.520000, 234.687500, -3.812500, 0.125000
2822, 2.990000, 4.940000, -13.780000, -1.471111, -3.260000, 2.936667, -0.350000, -0.140000, 9.790000, 233.062500, -2.062500, 0.812500, 2.480000, 14.360000, -8.080000, -0.268889, -4.100000, -1.551111, -1.420000, -8.510000, 4.640000, 231.187500, -0.375000, 1.375000
2843, 4.010000, 1.730000, -18.809999, -0.724444, -2.511111, 4.087778, 0.140000, -0.300000, 9.800000, 228.937500, 0.812500, 1.750000, 2.060000, 11.660000, -7.640000, -0.902222, -3.446667, 0.517778, -1.100000, -8.580000, 4.610000, 226.437500, 1.562500, 2.250000
2863, 4.270000, -31.410000, -16.240000, -1.161111, -0.445556, 4.266667, 0.290000, -0.510000, 9.780000, 224.125000, 1.687500, 2.937500, 6.660000, -1.730000, -16.290001, -0.611111, -2.246667, 2.670000, -1.210000, -8.600000, 4.530000, 222.750000, 1.375000, 3.500000
2884, 3.140000, -26.340000, -16.240000, -0.196667, 1.548889, -0.122222, 0.090000, -0.620000, 9.780000, 224.187500, -1.000000, 3.687500, 7.560000, -9.530000, -23.830000, -0.291111, -0.113333, 3.437778, -1.730000, -8.530000, 4.500000, 224.187500, -1.000000, 3.687500
2904, -8.770000, -26.610001, 3.260000, -0.264444, 4.061111, -3.936667, -0.520000, -0.670000, 9.760000, 226.375000, -3.062500, 3.937500, -0.610000, -15.680000, -19.160000, -0.426667, 2.882222, 2.103333, -2.290000, -8.480000, 4.350000, 229.312500, -5.312500, 3.937500
2922, -15.890000, -16.389999, 25.650000, 1.663333, 3.913333, -5.678889, -1.240000, -0.570000, 9.710000, 232.500000, -7.250000, 3.375000, -8.440000, -21.700001, -2.870000, 0.214444, 5.657778, 1.115556, -2.920000, -8.410000, 4.100000, 235.750000, -8.125000, 2.125000
3711, -15.830000, 1.300000, 20.059999, 3.996667, -0.533333, -5.454444, -1.320000, -0.060000, 9.710000, 238.812500, -7.750000, 0.375000, -15.080000, -16.440001, 10.350000, 1.493333, 5.090000, -1.987778, -3.180000, -8.380000, 3.970000, 241.750000, -6.437500, -1.562500
3729, -15.590000, 11.840000, 16.080000, 4.040000, -4.021111, -4.342222, -0.740000, 0.600000, 9.750000, 246.250000, -1.500000, -5.375000, -15.090000, -0.870000, 8.790000, 3.072222, 2.127778, -5.544445, -2.630000, -8.430000, 4.240000, 246.250000, -1.500000, -5.375000
3752, -10.920000, 19.160000, 1.670000, 2.890000, -6.788889, -2.070000, 0.340000, 1.180000, 9.720000, 248.250000, 5.937500, -8.062500, -12.730000, 12.600000, 12.340000, 3.417778, 0.438889, -5.890000, -1.730000, -8.390000, 4.760000, 248.250000, 5.937500, -8.062500
3772, -9.580000, 19.670000, -1.490000, 1.170000, -8.040000, 0.273333, 1.760000, 1.480000, 9.530000, 248.375000, 10.312500, -8.625000, -6.880000, 11.440000, 7.390000, 2.455555, -1.346667, -4.106667, -0.930000, -8.250000, 5.210000, 247.937500, 15.000000, -9.062500
3791, -6.980000, 11.860000, -6.770000, -0.231111, -8.450000, 2.378889, 3.310000, 1.400000, 9.120000, 247.000000, 19.750000, -8.750000, -3.290000, 8.470000, 2.770000, 1.207778, -2.791111, -2.938889, -0.180000, -8.120000, 5.480000, 245.812500, 24.437500, -8.000000
3811, -5.230000, 5.010000, -11.610000, -0.476644, -8.231112, 3.172222, 4.770000, 1.070000, 8.490000, 244.437500, 29.062500, -7.187500, 0.090000, 8.700000, -1.460000, 0.520000, -3.044445, -2.652222, 0.540000, -8.050000, 5.560000, 242.875000, 33.375000, -6.312500
3830, 3.390000, -0.980000, -23.450001, -0.068889, -6.112222, 3.246667, 5.880000, 0.720000, 7.810000, 241.312500, 36.875000, -5.250000, 3.950000, 12.060000, -5.010000, 0.517778, -3.037778, -1.870000, 1.190000, -7.970000, 5.580000, 239.812500, 39.375000, -3.875000
3850, 5.100000, -8.880000, -27.760000, -0.758889, -2.770000, 2.434444, 6.430000, 0.310000, 7.390000, 238.000000, 41.312500, -1.250000, 8.290000, 12.630000, -14.730000, 0.796667, -2.200000, 0.122222, 1.520000, -7.870000, 5.640000, 238.000000, 41.312500, -1.250000
3871, 2.060000, -7.600000, -29.600000, -0.876667, 2.513333, 0.710000, 6.300000, 0.060000, 7.510000, 237.812500, 39.937500, -0.437500, 6.780000, 10.150000, -21.230000, -0.531111, -0.047778, 2.222222, 1.330000, -7.940000, 5.580000, 237.937500, 37.187500, -0.062500
3891, -3.780000, -2.500000, -46.599998, -0.884444, 8.031111, -0.446667, 5.310000, -0.030000, 8.230000, 238.937500, 26.187500, 0.812500, -2.090000, 13.470000, -12.850000, -0.963333, 4.512222, 3.300000, 0.510000, -8.080000, 5.530000, 238.937500, 26.187500, 0.812500
3910, -20.120001, -9.380000, -48.709999, -1.963333, 17.451111, -1.062222, 2.820000, -0.260000, 9.380000, 239.812500, 16.687500, 1.562500, -5.540000, 14.260000, -6.970000, -2.394444, 6.501111, 4.676667, -0.790000, -8.270000, 5.200000, 240.937500, 4.750000, 2.375000
3930, -37.840000, -5.950000, -9.140000, -1.884444, 24.112223, -1.791111, -1.400000, -0.590000, 9.680000, 243.500000, -20.750000, 4.812500, -7.400000, 9.270000, -6.470000, -3.794445, 5.570000, 6.670000, -2.300000, -8.410000, 4.470000, 243.500000, -20.750000, 4.812500
3951, -34.090000, 1.120000, 15.850000, -1.041111, 20.422222, -1.484444, -5.150000, -0.920000, 8.290000, 245.625000, -40.437500, 8.062500, -13.710000, -1.980000, -0.320000, -4.101111, 3.902222, 8.435555, -3.920000, -8.230000, 3.580000, 245.625000, -40.437500, 8.062500
3971, -22.209999, 7.240000, 19.250000, -1.606667, 12.272223, -0.536667, -7.170000, -1.190000, 6.570000, 246.000000, -47.000000, 10.250000, -13.770000, -7.420000, 5.020000, -4.472222, 1.997778, 6.826667, -5.250000, -7.830000, 2.670000, 245.625000, -51.625000, 12.500000
3989, -20.200001, -0.910000, 15.670000, -2.682222, 6.257778, 0.851111, -8.030000, -1.400000, 5.440000, 243.625000, -57.437500, 15.687500, -13.960000, -18.820000, 11.550000, -4.111111, 1.562222, 5.885556, -6.240000, -7.320000, 1.860000, 243.625000, -57.437500, 15.687500
4010, -30.930000, -6.360000, 34.060001, -1.996667, 0.675556, 1.453333, -8.320000, -1.400000, 4.990000, 242.250000, -58.000000, 15.750000, -11.450000, -24.600000, 14.400000, -2.431111, -0.002222, 3.104445, -6.780000, -6.930000, 1.410000, 240.750000, -55.812500, 14.125000
4030, -31.650000, -10.360000, 33.009998, -0.811111, -9.935555, 1.632222, -7.590000, -1.260000, 6.070000, 239.187500, -50.750000, 11.750000, -7.360000, -28.469999, 8.630000, -0.786667, -2.168681, -0.960000, -6.590000, -7.070000, 1.590000, 237.812500, -43.625000, 9.687500
4051, -24.840000, -16.360001, 1.100000, 0.483333, -15.784445, 0.626667, -5.650000, -1.120000, 7.930000, 236.812500, -26.625000, 6.562500, -7.040000, -24.830000, -0.490000, 0.881111, -4.201111, -5.612222, -5.840000, -7.590000, 2.090000, 236.812500, -26.625000, 6.562500
4069, -13.640000, -5.710000, -18.340000, 2.306667, -14.627778, -1.105556, -3.140000, -0.850000, 9.250000, 237.312500, -18.687500, 5.250000, -9.350000, -11.500000, -7.910000, 3.175555, -4.143333, -11.195556, -4.170000, -8.380000, 2.890000, 238.000000, -11.812500, 4.000000
4090, 3.130000, 9.910000, -37.540001, 2.264444, -10.647778, -1.495556, -1.020000, -0.490000, 9.740000, 239.312500, -1.312500, 1.750000, -2.890000, 45.669998, -13.200000, 4.957778, -2.092222, -9.225555, -2.310000, -8.750000, 3.760000, 239.312500, -1.312500, 1.750000
4110, 21.469999, 26.809999, -49.160000, 0.675556, -4.393333, 0.037778, 0.170000, -0.230000, 9.800000, 239.250000, 1.000000, 1.375000, 3.790000, 47.070000, -1.170000, 0.426667, 1.362222, 1.416667, -2.120000, -8.660000, 4.060000, 238.375000, 0.437500, 2.187500
4131, 3.830000, 4.870000, -22.650000, -1.972222, 5.128889, 2.491111, -0.400000, -0.560000, 9.780000, 235.562500, -6.125000, 3.875000, -4.790000, 6.020000, -1.000000, -2.365556, 0.818889, 5.600000, -3.100000, -8.560000, 3.640000, 235.562500, -6.125000, 3.875000
4151, -5.130000, 10.890000, -7.290000, -0.315556, 6.922222, 3.376667, -1.710000, -0.640000, 9.630000, 231.687500, -14.125000, 3.187500, -9.560000, -1.480000, 7.330000, -2.308889, -0.924444, 7.440000, -4.290000, -8.200000, 3.220000, 231.687500, -14.125000, 3.187500
4170, -17.030001, 13.690000, 17.980000, 0.244444, 7.290000, 5.397778, -3.070000, -0.370000, 9.300000, 228.875000, -18.250000, 2.250000, -5.430000, -1.620000, 4.410000, -2.831111, -3.647778, 6.178889, -5.090000, -7.780000, 3.090000, 225.375000, -21.125000, 1.437500
4190, -16.139999, -36.680000, 29.920000, -2.126667, 1.375556, 6.968889, -3.660000, -0.170000, 9.090000, 218.125000, -20.812500, 1.437500, 2.240000, -18.129999, -3.950000, -2.921111, -3.211111, 5.126300, -5.680000, -7.390000, 3.040000, 218.125000, -20.812500, 1.437500
4211, -8.130000, -36.310001, 8.642500, -1.123333, -4.686666, 2.138889, -3.080000, -0.260000, 9.300000, 216.812500, -18.312500, 1.625000, 0.980000, -31.740000, -12.360000, -0.788889, -2.302222, -1.394444, -5.620000, -7.400000, 3.100000, 217.187500, -15.625000, 1.500000
4231, -3.780000, -24.290001, 1.860000, 0.302222, -3.768889, -2.544445, -2.300000, -0.280000, 9.520000, 220.562500, -11.937500, 2.187500, 1.770000, -14.980000, -21.650000, 0.944444, -0.238889, -6.812222, -4.710000, -7.940000, 3.270000, 220.562500, -11.937500, 2.187500
4250, -1.390000, -28.420000, -10.380000, 0.332222, -2.161111, -5.095556, -1.810000, -0.430000, 9.620000, 226.937500, -10.000000, 2.375000, -0.890000, -8.280000, -22.570000, 2.297778, 2.995556, -7.836667, -3.650000, -8.430000, 3.400000, 226.937500, -10.000000, 2.375000
4270, 10.600000, -7.270000, -41.660000, 3.001111, 1.973333, -7.284444, -1.860000, -0.250000, 9.620000, 231.062500, -10.937500, 1.437500, -1.830000, -3.110000, -22.790001, 4.392222, 6.318889, -6.721111, -2.850000, -8.610000, 3.720000, 235.375000, -14.312500, 0.375000
4291, 0.190000, 0.220000, -29.059999, 3.632222, 9.882222, -7.482222, -3.300000, 0.050000, 9.230000, 244.062500, -26.187500, -0.562500, -3.370000, 25.150000, -5.930000, 2.967778, 6.456666, -2.556667, -2.730000, -8.540000, 3.940000, 244.062500, -26.187500, -0.562500
4311, -18.290001, 18.200001, 2.940000, 2.892222, 12.362223, -6.662222, -5.340000, 0.020000, 8.220000, 248.062500, -32.937500, -0.125000, -6.600000, 30.010000, -0.880000, -1.027778, 6.075555, 2.332222, -3.350000, -8.460000, 3.630000, 251.500000, -39.000000, 1.062500
4329, -24.410000, 34.380001, 19.580000, 1.152222, 8.649167, -4.145555, -6.780000, -0.310000, 7.070000, 255.125000, -46.437500, 4.125000, -19.350000, -0.060000, 17.629999, -6.843333, 5.237778, 3.914444, -4.320000, -8.480000, 2.340000, 255.125000, -46.437500, 4.125000
4350, -26.469999, 25.379999, 31.059999, -2.196667, -0.680000, 0.030000, -7.060000, -0.620000, 6.760000, 252.937500, -42.687500, 5.625000, -21.490000, -20.600000, 33.660000, -4.590000, 1.552222, -0.206667, -4.550000, -8.600000, 1.130000, 252.937500, -42.687500, 5.625000
4370, -25.190001, 17.150000, 23.000000, -2.666667, -9.722222, 3.276667, -5.980000, -0.700000, 7.730000, 250.375000, -37.562500, 5.187500, -19.770000, -13.500000, 34.770000, 1.120000, -4.192222, -1.505556, -4.250000, -8.730000, 1.360000, 247.125000, -31.312500, 4.375000
4391, -23.070000, -13.010000, 16.290001, -2.530000, -13.438889, 5.437778, -4.030000, -0.610000, 8.910000, 240.687500, -16.312500, 3.750000, -7.180000, -9.670000, 7.320000, 3.414444, -6.338889, -0.672222, -3.910000, -8.680000, 2.330000, 240.687500, -16.312500, 3.750000
4409, -16.389999, -16.160000, -9.020000, 0.364444, -15.595555, 2.746667, -1.360000, -0.530000, 9.690000, 239.000000, -8.000000, 3.125000, -4.300000, -13.990000, 0.820000, 2.083333, -7.125556, -4.378889, -3.000000, -8.770000, 3.180000, 238.062500, -0.375000, 2.000000
4430, 3.700000, -1.440000, -26.500000, 1.891111, -10.933333, 0.823333, 0.940000, -0.180000, 9.750000, 237.000000, 9.937500, 0.375000, 2.410000, 4.050000, -20.000000, 3.547778, -4.743333, -6.482222, -1.570000, -8.642500, 3.960000, 237.000000, 9.937500, 0.375000
4450, 8.290000, -5.390000, -28.250000, 0.634444, -5.910000, 0.867778, 2.230000, -0.020000, 9.540000, 236.250000, 15.312500, 0.062500, 8.190000, 24.440001, -16.730000, 3.697778, -1.608889, -3.507778, -0.640000, -8.620000, 4.630000, 236.250000, 15.312500, 0.062500
4471, 14.620000, -5.650000, -47.799999, 0.094444, -1.293333, -0.140000, 2.700000, 0.000000, 9.420000, 236.312500, 16.000000, 0.000000, 10.010000, 26.920000, -21.350000, 3.378889, -0.126667, -1.120000, -0.770000, -8.330000, 5.110000, 236.687500, 14.375000, 0.000000
4491, -0.610000, 3.390000, -35.639999, -1.116667, 7.396667, -0.941111, 1.760000, -0.080000, 9.640000, 237.875000, 4.812500, 1.312500, 1.340000, 20.430000, -15.800000, -2.026667, 6.737778, 4.796667, -2.020000, -8.290000, 4.820000, 237.875000, 4.812500, 1.312500
4510, -6.650000, 3.370000, -39.130001, -2.490000, 12.792222, -0.448889, -0.360000, -0.460000, 9.780000, 238.250000, -2.125000, 2.687500, -2.163125, 19.230000, -11.350000, -5.427778, 6.097778, 7.011111, -3.560000, -8.330000, 3.740000, 238.375000, -10.437500, 4.500000
4530, -26.209999, 6.780000, -10.400000, -3.350000, 16.984444, 0.328889, -3.300000, -1.050000, 9.170000, 238.062500, -28.875000, 8.375000, -15.950000, 6.830000, 3.500000, -6.516667, 3.177778, 8.684722, -5.120000, -8.000000, 2.430000, 238.062500, -28.875000, 8.375000
4551, -29.070000, 4.540000, 6.590000, -2.587778, 16.056667, 2.342222, -5.990000, -1.330000, 7.640000, 235.375000, -45.687500, 10.687500, -19.980000, -13.790000, 11.740000, -5.580000, 1.344444, 9.885555, -6.580000, -7.130000, 1.390000, 235.375000, -45.687500, 10.687500
4571, -31.490000, 0.910000, 33.189999, -1.298889, 11.705556, 3.578889, -7.760000, -1.090000, 5.890000, 233.562500, -52.312500, 10.562500, -19.230000, -22.160000, 16.280001, -3.982222, 0.767778, 9.080000, -7.610000, -6.090000, 0.990000, 231.437500, -56.062500, 9.250000
4590, -31.100000, -9.370000, 33.669998, -1.445556, -0.336667, 3.793333, -8.150000, -0.660000, 5.410000, 226.625000, -53.250000, 5.062500, -9.640000, -33.389999, 7.290000, -0.684444, -3.452222, 1.530000, -7.900000, -5.650000, 1.300000, 226.625000, -53.250000, 5.062500
4610, -27.420000, -19.100000, 29.650000, -1.188889, -9.200000, 1.834444, -7.330000, -0.450000, 6.490000, 225.187500, -48.312500, 4.000000, -8.662500, -33.200001, 1.130000, 0.127778, -4.373333, -4.932222, -7.380000, -6.150000, 1.930000, 224.625000, -42.187500, 3.625000
4630, -25.090000, -16.290001, 13.760000, 0.125556, -12.964444, -0.733333, -5.640000, -0.490000, 8.000000, 225.687500, -27.500000, 3.437500, -8.800000, -12.820000, -6.890000, 0.801111, -3.197778, -8.553333, -6.240000, -7.150000, 2.470000, 225.687500, -27.500000, 3.437500
4651, -16.459999, -6.690000, -7.240000, 1.014444, -14.057777, -2.066667, -3.320000, -0.510000, 9.210000, 227.687500, -12.500000, 2.812500, -10.560000, -6.880000, -6.150000, 1.674444, -2.260000, -9.468889, -4.760000, -8.040000, 2.940000, 227.687500, -12.500000, 2.812500
4669, -13.630000, -10.150000, -11.080000, 1.357778, -12.511111, -2.198889, -0.960000, -0.380000, 9.750000, 228.812500, -5.625000, 2.187500, -9.580000, -1.360000, -6.250000, 2.446667, -1.996667, -9.488889, -3.170000, -8.570000, 3.550000, 230.125000, 0.687500, 1.187500
4690, -3.920000, -10.600000, -23.650000, 2.424444, -10.572222, -2.771111, 1.110000, 0.020000, 9.740000, 233.187500, 11.312500, -1.937500, -3.010000, 10.110000, -10.930000, 5.375556, -1.425556, -7.292222, -1.760000, -8.560000, 4.420000, 233.187500, 11.312500, -1.937500
4710, -0.940000, -11.830000, -27.010000, 3.274444, -7.066667, -3.641111, 2.550000, 0.700000, 9.440000, 235.062500, 15.062500, -4.250000, -1.310000, 11.820000, -12.630000, 6.101111, -0.168889, -5.117778, -0.820000, -8.130000, 5.400000, 237.375000, 17.750000, -7.125000
4731, 1.290000, 4.250000, -32.980000, 4.220000, -3.796667, -5.313334, 3.250000, 1.680000, 9.090000, 242.687500, 19.687500, -13.625000, 5.320000, 29.330000, -18.010000, 5.101111, 1.505556, -3.105556, -0.380000, -7.580000, 6.200000, 242.687500, 19.687500, -13.625000
4749, 3.650000, 15.810000, -36.959999, 2.168681, 0.843333, -4.730000, 3.130000, 2.500000, 8.940000, 246.687500, 16.187500, -16.125000, 3.020000, 31.090000, -13.000000, 0.633333, 4.255556, 1.157778, -0.820000, -7.330000, 6.450000, 246.687500, 16.187500, -16.125000
4770, -2.960000, 8.810000, -19.540001, -1.651111, 5.118889, -2.446667, 2.230000, 2.530000, 9.200000, 247.750000, 13.125000, -15.375000, -1.330000, 16.290001, -10.000000, -1.720000, 5.182222, 2.485556, -1.860000, -7.540000, 5.980000, 248.437500, 9.687500, -14.000000
4790, -3.150000, 3.960000, -32.389999, -3.217778, 8.102222, -1.374444, 0.890000, 2.060000, 9.540000, 248.750000, -0.625000, -10.125000, -4.240000, 10.430000, -2.320000, -3.774444, 4.878889, 3.741111, -2.930000, -7.760000, 5.210000, 248.750000, -0.625000, -10.125000
4811, -9.330000, -3.680000, -25.900000, -4.067778, 13.365556, -0.606667, -1.340000, 1.340000, 9.610000, 248.437500, -7.875000, -7.937500, -4.960000, 8.990000, -2.620000, -3.660000, 4.146667, 5.393333, -4.050000, -7.780000, 4.370000, 247.937500, -16.000000, -6.125000
4831, -18.660000, -22.100000, -10.730000, -3.435555, 16.331112, -0.058889, -4.120000, 0.710000, 8.672500, 246.875000, -33.812500, -3.562500, -4.690000, -4.580000, -3.930000, -2.127778, 3.433333, 7.746666, -5.360000, -7.340000, 3.670000, 246.875000, -33.812500, -3.562500
4850, -22.559999, -16.110001, 18.770000, -0.671111, 14.905556, -1.383333, -6.550000, 0.380000, 7.280000, 248.312500, -47.937500, -1.750000, -1.590000, -9.480000, -6.630000, -0.561111, 2.525556, 7.261111, -6.550000, -6.520000, 3.250000, 248.312500, -47.937500, -1.750000
4870, -21.080000, -8.420000, 28.190001, -0.635556, 6.044445, -3.363333, -7.650000, -0.070000, 6.130000, 250.000000, -51.250000, 0.687500, -0.420000, -13.360000, -9.300000, -1.400000, 2.533333, 5.870000, -7.300000, -5.990000, 2.620000, 251.875000, -52.750000, 4.250000
4891, -23.510000, -9.240000, 33.169998, -1.751111, 1.264444, -3.971111, -7.850000, -0.830000, 5.810000, 255.312500, -52.187500, 11.312500, -11.920000, -32.959999, 7.340000, -3.306667, 6.077778, -0.938889, -7.550000, -6.080000, 1.450000, 255.312500, -52.187500, 11.312500
4911, -19.940001, -5.710000, 29.320000, 0.022222, -4.305555, -3.626667, -7.450000, -1.440000, 6.200000, 257.125000, -49.500000, 13.062500, -18.889999, -32.430000, 22.719999, 1.034444, 2.947778, -6.416667, -7.010000, -6.800000, 0.820000, 258.875000, -45.625000, 13.500000
4929, -18.950001, 0.240000, 18.370001, 1.951111, -8.038889, -2.875556, -6.430000, -1.650000, 7.200000, 261.625000, -35.625000, 11.687500, -15.140000, 0.800000, 10.830000, 3.932222, -1.494444, -7.398889, -5.960000, -7.650000, 1.390000, 261.625000, -35.625000, 11.687500
4950, -17.570000, 13.150000, 3.680000, 2.356667, -11.143333, -1.683333, -4.830000, -1.520000, 8.390000, 262.625000, -22.812500, 9.062500, -9.040000, 13.310000, 3.330000, 2.982222, -2.568889, -6.043334, -4.900000, -8.210000, 2.150000, 262.625000, -22.812500, 9.062500
4970, -12.640000, 15.750000, -9.550000, 0.816667, -12.573334, -0.482222, -2.710000, -1.360000, 9.320000, 262.500000, -16.062500, 8.312500, -7.360000, 13.890000, 3.080000, 2.058889, -2.392222, -5.015555, -4.460000, -8.380000, 2.420000, 262.000000, -9.687500, 8.062500
4991, -0.170000, 14.410000, -20.770000, -0.845556, -9.692223, 0.820000, -0.770000, -1.430000, 9.670000, 260.062500, -0.687500, 8.937500, -3.220000, 9.850000, 7.540000, 0.125556, -1.676667, -2.610000, -3.520000, -8.710000, 2.790000, 260.062500, -0.687500, 8.937500
5009, 0.130000, 11.270000, -9.820000, -0.641111, -6.004445, 1.627778, 0.400000, -1.580000, 9.660000, 258.937500, 2.312500, 9.250000, -2.600000, 8.670000, 8.070000, -0.107778, -1.835556, -2.033333, -3.120000, -8.632500, 2.920000, 257.687500, 4.750000, 9.562500
5030, 3.650000, -1.110000, -13.450000, 0.180000, -3.427778, 1.807778, 1.100000, -1.630000, 9.600000, 255.562500, 7.375000, 9.250000, -0.270000, 2.930000, 2.660000, 0.986667, -2.943333, -0.690000, -2.820000, -8.632500, 3.200000, 255.562500, 7.375000, 9.250000
5050, 2.830000, 0.170000, -7.590000, 1.372222, -1.012222, 1.444444, 1.330000, -1.450000, 9.600000, 253.875000, 7.875000, 7.937500, 3.500000, 1.990000, -5.130000, 1.311111, -2.928889, -0.278889, -2.560000, -8.760000, 3.570000, 253.875000, 7.875000, 7.937500
5071, 2.880000, -3.250000, -7.340000, 1.238889, 0.101111, 1.144444, 1.330000, -1.240000, 9.630000, 253.187500, 7.750000, 7.312500, 4.510000, 2.010000, -7.380000, 1.096667, -2.610000, -0.262222, -2.450000, -8.730000, 3.720000, 252.750000, 7.437500, 6.937500
5089, 1.400000, -2.230000, -1.310000, 0.313333, 0.504444, 0.565556, 1.220000, -1.150000, 9.660000, 252.187500, 7.000000, 6.937500, 4.130000, 2.050000, -8.890000, -0.343333, -0.527778, 0.200000, -2.290000, -8.710000, 3.850000, 252.187500, 7.000000, 6.937500
5110, 1.600000, -5.210000, -3.590000, -0.475556, 0.040000, 0.444444, 1.190000, -1.220000, 9.650000, 251.937500, 6.937500, 7.187500, 2.420000, -0.690000, -5.490000, -0.613333, 0.170000, 0.390000, -2.370000, -8.740000, 3.740000, 251.875000, 6.812500, 7.500000
5130, -0.040000, -3.590000, 0.860000, -0.315556, 0.193333, 0.103333, 1.150000, -1.300000, 9.650000, 251.750000, 6.687500, 7.687500, -0.480000, -2.600000, -0.380000, -0.022222, 0.081111, 0.233333, -2.420000, -8.740000, 3.700000, 251.750000, 6.687500, 7.687500
5151, 0.370000, -3.920000, -0.930000, 0.308889, 0.086667, 0.090000, 1.130000, -1.270000, 9.650000, 251.687500, 6.500000, 7.250000, -0.570000, -2.640000, 0.430000, 0.501111, -0.285556, -0.041111, -2.410000, -8.710000, 3.780000, 251.687500, 6.500000, 7.250000
5171, 0.080000, -0.430000, -0.530000, 0.532222, 0.250000, -0.174444, 1.090000, -1.180000, 9.670000, 251.812500, 6.375000, 6.937500, 0.690000, -0.030000, -1.940000, 0.506667, -0.178889, -0.111111, -2.400000, -8.700000, 3.830000, 251.937500, 6.250000, 6.687500
5190, 0.230000, 0.800000, -1.140000, 0.332222, 0.353333, -0.262222, 1.040000, -1.100000, 9.680000, 252.187500, 5.875000, 6.312500, 0.150000, 1.370000, -0.640000, 0.134848, 0.165556, -0.175556, -2.360000, -8.680000, 3.890000, 252.187500, 5.875000, 6.312500
5210, -0.230000, 1.500000, 0.550000, 0.111111, 0.397778, -0.208889, 0.970000, -1.070000, 9.690000, 252.312500, 5.687500, 6.250000, -0.460000, 1.550000, 0.990000, 0.008889, 0.203333, -0.062222, -2.370000, -8.680000, 3.880000, 252.437500, 5.562500, 6.187500
5231, -0.110000, 1.170000, 0.460000, 0.096667, 0.077778, -0.107778, 0.940000, -1.050000, 9.700000, 252.562500, 5.500000, 6.062500, -0.520000, 0.900000, 1.690000, 0.015556, 0.080000, 0.054444, -2.380000, -8.680000, 3.880000, 252.562500, 5.500000, 6.062500
5251, -0.060000, 1.720000, 0.300000, 0.131111, -0.003333, -0.096667, 0.940000, -1.020000, 9.700000, 252.625000, 5.500000, 5.937500, -0.720000, 0.680000, 1.480000, 0.078889, -0.038889, 0.062222, -2.390000, -8.670000, 3.890000, 252.625000, 5.500000, 5.937500
5269, 0.030000, 1.330000, 0.350000, 0.173333, -0.045556, 0.068889, 0.950000, -0.990000, 9.700000, 252.562500, 5.562500, 5.812500, -0.550000, 0.460000, 1.400000, 0.098889, -0.128889, 0.088889, -2.390000, -8.670000, 3.900000, 252.437500, 5.562500, 5.750000
5290, 0.280000, 0.440000, -0.150000, 0.231111, -0.002222, 0.156667, 0.950000, -0.950000, 9.710000, 252.312500, 5.500000, 5.500000, -0.140000, 0.170000, 0.760000, 0.122222, -0.243333, 0.064444, -2.390000, -8.640000, 3.950000, 252.312500, 5.500000, 5.500000
5310, 0.220000, -0.050000, 0.350000, 0.136667, 0.027778, 0.141111, 0.940000, -0.930000, 9.710000, 252.187500, 5.500000, 5.437500, 0.290000, -0.010000, -0.410000, 0.070000, -0.151111, 0.048889, -2.390000, -8.640000, 3.960000, 252.125000, 5.500000, 5.437500
5331, 0.160000, -0.520000, 0.560000, -0.005556, -0.065556, 0.042222, 0.950000, -0.920000, 9.710000, 252.125000, 5.625000, 5.437500, 0.240000, -0.200000, -0.250000, -0.025556, 0.041111, -0.053333, -2.380000, -8.640000, 3.960000, 252.125000, 5.625000, 5.437500
5349, 0.630000, -1.120000, -0.140000, -0.012222, -0.166667, -0.027778, 0.970000, -0.930000, 9.710000, 252.187500, 5.812500, 5.437500, 0.100000, -0.810000, 0.150000, 0.084444, 0.012222, -0.140000, -2.360000, -8.640000, 3.970000, 252.187500, 5.812500, 5.437500
5370, 0.650000, -0.670000, 0.060000, 0.098889, -0.148889, -0.118889, 1.000000, -0.910000, 9.710000, 252.250000, 5.875000, 5.375000, 0.110000, -0.170000, 0.310000, 0.130000, 0.031111, -0.122222, -2.350000, -8.640000, 3.980000, 252.312500, 5.937500, 5.250000
5390, 0.820000, 0.340000, -1.020000, 0.241111, -0.061111, -0.130000, 1.020000, -0.870000, 9.710000, 252.437500, 6.000000, 4.937500, 0.010000, 0.400000, 0.260000, 0.231111, -0.008889, 0.026667, -2.350000, -8.620000, 4.030000, 252.437500, 6.000000, 4.937500
5411, 0.730000, 0.450000, -0.950000, 0.266667, 0.142222, -0.076667, 1.010000, -0.820000, 9.710000, 252.437500, 5.875000, 4.812500, 0.250000, 0.810000, 0.300000, 0.185556, -0.022222, 0.078889, -2.360000, -8.600000, 4.060000, 252.500000, 5.812500, 4.687500
5431, 0.820000, 0.740000, -1.440000, 0.227778, 0.303333, -0.073333, 0.960000, -0.770000, 9.720000, 252.562500, 5.375000, 4.437500, 0.250000, 0.850000, 0.340000, 0.075556, 0.002222, 0.156667, -2.390000, -8.590000, 4.070000, 252.562500, 5.375000, 4.437500
5450, 0.530000, 1.050000, -0.080000, 0.218889, 0.587778, -0.002222, 0.870000, -0.730000, 9.740000, 252.562500, 4.812500, 4.250000, 0.540000, 0.970000, 0.260000, 0.005556, 0.024444, 0.224444, -2.420000, -8.580000, 4.070000, 252.562500, 4.812500, 4.250000
5470, 0.170000, 0.420000, 0.530000, 0.063333, 0.383333, -0.020000, 0.790000, -0.720000, 9.740000, 252.562500, 4.625000, 4.187500, 0.450000, 0.360000, -0.060000, -0.006667, 0.081111, 0.223333, -2.440000, -8.570000, 4.070000, 252.625000, 4.437500, 4.187500
5491, -0.140000, 0.730000, 1.440000, 0.068889, 0.052222, 0.010000, 0.760000, -0.700000, 9.750000, 252.562500, 4.500000, 4.062500, -0.250000, 0.100000, 1.030000, -0.023333, 0.061111, 0.141111, -2.500000, -8.560000, 4.060000, 252.562500, 4.500000, 4.062500
5511, 0.330000, 0.000000, -0.130000, 0.093333, -0.084444, 0.082222, 0.770000, -0.690000, 9.750000, 252.500000, 4.500000, 4.062500, -0.170000, 0.240000, 0.820000, 0.022222, -0.011111, 0.078889, -2.500000, -8.560000, 4.070000, 252.500000, 4.562500, 4.000000
5530, 0.390000, 0.370000, 0.060000, 0.081111, 0.001111, 0.041111, 0.780000, -0.670000, 9.750000, 252.437500, 4.500000, 3.937500, 0.040000, 0.110000, 0.220000, 0.030000, -0.035556, 0.072222, -2.510000, -8.550000, 4.070000, 252.437500, 4.500000, 3.937500
5550, 0.220000, 0.630000, 0.470000, 0.016667, 0.067778, 0.041111, 0.770000, -0.670000, 9.750000, 252.375000, 4.437500, 3.937500, -0.130000, 0.260000, 0.670000, -0.033333, 0.027778, 0.083333, -2.530000, -8.550000, 4.070000, 252.375000, 4.437500, 3.937500
5571, 0.260000, -0.100000, 0.230000, -0.008889, 0.014444, 0.080000, 0.770000, -0.660000, 9.750000, 252.375000, 4.500000, 3.875000, -0.210000, -0.270000, 0.870000, -0.018889, -0.013333, 0.058889, -2.530000, -8.550000, 4.060000, 252.312500, 4.562500, 3.812500
5591, 0.220000, 0.360000, 0.360000, 0.013333, 0.005556, 0.063333, 0.790000, -0.630000, 9.750000, 252.250000, 4.687500, 3.625000, 0.160000, 0.260000, 0.170000, -0.013333, -0.017778, 0.005556, -2.530000, -8.550000, 4.070000, 252.250000, 4.687500, 3.625000
5609, 0.430000, -0.050000, 0.090000, -0.040000, -0.061111, 0.091111, 0.830000, -0.610000, 9.750000, 252.187500, 4.812500, 3.562500, 0.110000, 0.040000, 0.500000, -0.043333, -0.027778, -0.015556, -2.530000, -8.550000, 4.070000, 252.187500, 5.062500, 3.562500
5630, 0.560000, 0.150000, -0.640000, -0.022222, -0.035556, 0.057778, 0.860000, -0.610000, 9.740000, 252.125000, 5.000000, 3.625000, 0.080000, 0.120000, 0.300000, -0.012222, -0.046667, -0.038889, -2.510000, -8.540000, 4.090000, 252.125000, 5.000000, 3.625000
5650, 0.360000, -0.070000, -0.390000, -0.036667, 0.068889, 0.043333, 0.850000, -0.620000, 9.740000, 252.062500, 4.937500, 3.625000, 0.270000, 0.240000, -0.150000, -0.056667, -0.016667, -0.016667, -2.510000, -8.550000, 4.080000, 252.062500, 4.937500, 3.625000
5671, 0.260000, -0.430000, -0.140000, -0.063333, 0.068889, 0.001111, 0.840000, -0.630000, 9.740000, 252.062500, 4.937500, 3.687500, 0.340000, 0.540000, -0.030000, -0.070000, 0.024444, -0.046667, -2.500000, -8.550000, 4.080000, 252.125000, 4.875000, 3.687500
5689, 0.220000, 0.170000, 0.020000, -0.058889, 0.098889, -0.064444, 0.830000, -0.640000, 9.750000, 252.187500, 4.812500, 3.750000, 0.100000, 0.540000, 0.460000, -0.084444, 0.072222, 0.011111, -2.510000, -8.560000, 4.050000, 252.187500, 4.812500, 3.750000
5710, 0.350000, 0.030000, -0.380000, -0.028889, 0.064444, -0.012222, 0.810000, -0.640000, 9.750000, 252.187500, 4.750000, 3.750000, -0.230000, 0.170000, 0.790000, -0.054444, 0.044444, 0.007778, -2.510000, -8.570000, 4.040000, 252.187500, 4.687500, 3.750000
5730, 0.130000, 0.550000, 0.390000, 0.083333, 0.100000, 0.010000, 0.790000, -0.630000, 9.750000, 252.125000, 4.625000, 3.687500, -0.060000, 0.210000, 0.430000, 0.024444, -0.056667, 0.077778, -2.520000, -8.560000, 4.050000, 252.125000, 4.625000, 3.687500
5751, 0.240000, -0.110000, -0.080000, 0.097778, 0.033712, 0.086667, 0.780000, -0.620000, 9.750000, 252.062500, 4.562500, 3.562500, 0.000000, 0.140000, 0.270000, 0.022222, -0.064444, 0.056667, -2.530000, -8.550000, 4.060000, 252.062500, 4.562500, 3.562500
5771, 0.600000, 0.590000, -0.760000, 0.056667, 0.030000, 0.047778, 0.780000, -0.600000, 9.750000, 252.062500, 4.562500, 3.562500, 0.140000, 0.490000, -0.130000, -0.005556, -0.050000, 0.051111, -2.530000, -8.550000, 4.060000, 252.000000, 4.500000, 3.562500
5790, 0.060000, -0.020000, 0.570000, -0.102222, 0.120000, 0.071111, 0.750000, -0.620000, 9.750000, 251.937500, 4.375000, 3.687500, 0.000000, 0.110000, 0.420000, -0.063333, 0.041111, 0.075556, -2.550000, -8.550000, 4.040000, 251.937500, 4.375000, 3.687500
5810, 0.200000, -0.250000, 0.390000, -0.040000, 0.087778, 0.070000, 0.740000, -0.630000, 9.750000, 251.875000, 4.312500, 3.687500, -0.270000, -0.260000, 1.000000, -0.024444, -0.024444, 0.055556, -2.550000, -8.550000, 4.040000, 251.875000, 4.250000, 3.687500
5831, 0.080000, -0.250000, 0.870000, -0.020000, 0.051111, 0.063333, 0.730000, -0.630000, 9.750000, 251.812500, 4.250000, 3.750000, 0.120000, -0.390000, 0.320000, 0.012222, -0.052222, 0.018889, -2.550000, -8.550000, 4.050000, 251.812500, 4.250000, 3.750000
5851, 0.360000, -0.580000, 0.260000, 0.002222, -0.064444, 0.042222, 0.730000, -0.640000, 9.750000, 251.750000, 4.312500, 3.687500, -0.040000, -0.210000, 0.620000, 0.036667, -0.080000, -0.065556, -2.540000, -8.550000, 4.050000, 251.750000, 4.312500, 3.687500
5870, 0.460000, -0.050000, 0.000000, 0.086667, -0.077778, -0.017778, 0.750000, -0.620000, 9.750000, 251.750000, 4.375000, 3.625000, 0.050000, 0.230000, 0.380000, 0.052222, -0.067778, -0.024444, -2.530000, -8.550000, 4.060000, 251.750000, 4.437500, 3.625000
5890, 0.330000, -0.120000, -0.260000, 0.090000, -0.115556, 0.025556, 0.770000, -0.610000, 9.750000, 251.750000, 4.562500, 3.500000, 0.070000, 0.150000, 0.490000, 0.046667, -0.091111, -0.014444, -2.520000, -8.550000, 4.080000, 251.750000, 4.562500, 3.500000
5910, 0.270000, -0.050000, -0.090000, 0.090000, -0.116667, -0.007778, 0.790000, -0.590000, 9.750000, 251.750000, 4.625000, 3.437500, 0.190000, -0.010000, -0.110000, 0.033712, -0.082222, -0.051111, -2.510000, -8.550000, 4.080000, 251.750000, 4.687500, 3.375000
5931, 0.260000, 0.490000, -0.030000, 0.062222, -0.095556, -0.041111, 0.810000, -0.570000, 9.750000, 251.812500, 4.750000, 3.375000, 0.120000, 0.400000, 0.080000, 0.052222, 0.000000, -0.133333, -2.480000, -8.550000, 4.090000, 251.812500, 4.750000, 3.375000
5949, 0.270000, 0.570000, -0.190000, -0.014444, -0.132222, 0.012222, 0.830000, -0.570000, 9.750000, 251.750000, 4.937500, 3.375000, -0.020000, 0.190000, 0.340000, 0.015556, 0.006667, -0.085556, -2.470000, -8.550000, 4.100000, 251.750000, 4.937500, 3.375000
5970, 0.260000, 0.160000, -0.080000, -0.040000, -0.108889, 0.062222, 0.850000, -0.580000, 9.750000, 251.687500, 4.937500, 3.437500, 0.040000, 0.370000, 0.650000, 0.002222, -0.020000, -0.087778, -2.460000, -8.560000, 4.100000, 251.687500, 5.062500, 3.437500
5990, 0.370000, -0.070000, -0.120000, 0.000000, -0.173333, 0.070000, 0.880000, -0.590000, 9.740000, 251.562500, 5.250000, 3.437500, 0.120000, 0.170000, 0.290000, 0.011111, -0.050000, -0.067778, -2.430000, -8.550000, 4.130000, 251.562500, 5.250000, 3.437500
6011, 0.510000, -0.350000, -0.340000, 0.062222, -0.166667, 0.062222, 0.910000, -0.580000, 9.740000, 251.562500, 5.312500, 3.375000, 0.190000, 0.250000, 0.250000, 0.032222, -0.085556, -0.056667, -2.420000, -8.540000, 4.150000, 251.500000, 5.375000, 3.375000
6029, 0.570000, -0.200000, -0.540000, 0.066667, -0.048889, 0.036667, 0.920000, -0.560000, 9.740000, 251.500000, 5.375000, 3.312500, 0.380000, 0.600000, -0.150000, 0.041111, -0.064444, -0.013333, -2.410000, -8.540000, 4.160000, 251.500000, 5.375000, 3.312500
6050, 0.550000, -0.170000, -0.610000, 0.008889, 0.036667, -0.003333, 0.920000, -0.560000, 9.740000, 251.500000, 5.312500, 3.312500, 0.180000, 0.200000, 0.090000, -0.018889, 0.005556, 0.037778, -2.420000, -8.540000, 4.160000, 251.500000, 5.312500, 3.312500
6070, 0.070000, -0.090000, 0.690000, -0.021111, 0.073333, 0.003333, 0.910000, -0.560000, 9.740000, 251.500000, 5.312500, 3.312500, 0.030000, 0.120000, 0.350000, -0.012222, 0.023333, 0.032222, -2.420000, -8.540000, 4.150000, 251.500000, 5.312500, 3.312500
6091, 0.220000, -0.010000, -0.010000, 0.025556, -0.007778, 0.016667, 0.910000, -0.560000, 9.740000, 251.500000, 5.312500, 3.250000, -0.120000, 0.140000, 0.670000, 0.024444, -0.053333, -0.026667, -2.410000, -8.540000, 4.160000, 251.500000, 5.312500, 3.250000
