0, 0.320000, 0.000000, -0.390000, 0.004444, 0.091111, -0.013333, 2.930000, -1.820000, 9.170000, 228.437500, 17.375000, 11.250000, -0.200000, 0.030000, -0.040000, 0.006667, 0.050000, 0.056667, 0.080000, -9.000000, 3.870000, 228.437500, 17.375000, 11.250000
14, 0.200000, 0.100000, -0.180000, 0.040000, 0.106667, -0.030000, 2.920000, -1.820000, 9.180000, 228.437500, 17.312500, 11.187500, -0.250000, 0.030000, 0.140000, 0.026667, 0.058889, 0.062222, 0.060000, -9.000000, 3.870000, 228.500000, 17.250000, 11.187500
30, 0.230000, 0.110000, -0.190000, 0.042222, 0.111111, -0.042222, 2.900000, -1.810000, 9.180000, 228.500000, 17.187500, 11.125000, -0.170000, 0.080000, 0.010000, 0.025556, 0.054444, 0.056667, 0.040000, -9.000000, 3.880000, 228.562500, 17.187500, 11.125000
49, 0.340000, 0.000000, -0.130000, 0.023333, 0.110000, -0.055556, 2.890000, -1.810000, 9.190000, 228.312500, 17.125000, 11.125000, -0.330000, 0.000000, 0.390000, 0.006667, 0.090000, 0.073333, 0.030000, -9.000000, 3.880000, 228.312500, 17.125000, 11.125000
63, 0.050000, 0.750000, 0.650000, 0.005556, 0.143333, -0.080000, 2.870000, -1.800000, 9.190000, 228.375000, 17.062500, 11.062500, -0.430000, -0.130000, 0.420000, 0.010000, 0.110000, 0.083333, 0.000000, -9.000000, 3.880000, 228.437500, 17.000000, 11.062500
82, 0.030000, 0.590000, 0.760000, -0.002222, 0.055556, -0.014444, 2.860000, -1.800000, 9.200000, 228.437500, 16.937500, 11.062500, -0.640000, -0.470000, 0.680000, -0.002222, 0.085556, 0.078889, 0.000000, -9.000000, 3.880000, 228.437500, 16.937500, 11.062500
102, 0.290000, 0.890000, 0.460000, 0.003333, 0.006667, 0.015556, 2.860000, -1.800000, 9.200000, 228.187500, 16.937500, 11.062500, -0.550000, -0.340000, 0.780000, -0.007778, 0.012222, 0.018889, -0.010000, -9.000000, 3.880000, 228.187500, 16.937500, 11.062500
123, 0.290000, 0.590000, 0.460000, -0.058889, 0.038889, 0.071111, 2.850000, -1.810000, 9.200000, 228.125000, 16.875000, 11.125000, -0.420000, -0.230000, 0.770000, -0.033712, -0.025556, -0.011111, 0.000000, -9.000000, 3.870000, 228.125000, 16.875000, 11.187500
143, 0.220000, 0.820000, 0.730000, -0.086667, 0.042222, 0.084444, 2.840000, -1.810000, 9.200000, 228.125000, 16.875000, 11.062500, -0.490000, -0.290000, 0.890000, -0.070000, -0.038889, -0.033712, -0.020000, -9.000000, 3.890000, 228.000000, 16.812500, 11.187500
162, 0.070000, 0.660000, 0.950000, -0.104444, -0.054444, 0.122222, 2.840000, -1.830000, 9.200000, 227.937500, 16.875000, 11.250000, -0.420000, -0.410000, 0.720000, -0.074444, -0.106667, -0.067778, -0.020000, -8.990000, 3.900000, 227.937500, 16.875000, 11.250000
182, 0.250000, 0.380000, 0.160000, -0.121111, -0.120000, 0.122222, 2.860000, -1.860000, 9.190000, 227.812500, 16.937500, 11.437500, -0.260000, -0.050000, 0.370000, -0.088889, -0.148889, -0.147778, 0.010000, -9.000000, 3.890000, 227.750000, 17.000000, 11.500000
202, 0.310000, 0.180000, -0.210000, -0.132222, -0.135556, 0.101111, 2.880000, -1.890000, 9.180000, 227.500000, 17.062500, 11.625000, -0.170000, 0.230000, 0.300000, -0.126667, -0.150000, -0.171111, 0.030000, -9.000000, 3.880000, 227.500000, 17.062500, 11.625000
223, 0.270000, 0.150000, -0.520000, -0.083333, -0.144444, 0.092222, 2.900000, -1.910000, 9.160000, 227.375000, 17.187500, 11.750000, -0.140000, 0.300000, 0.130000, -0.115556, -0.158889, -0.146667, 0.090000, -9.010000, 3.850000, 227.312500, 17.250000, 11.812500
241, 0.370000, 0.170000, -1.180000, -0.047778, -0.132222, 0.104444, 2.920000, -1.920000, 9.150000, 227.250000, 17.312500, 11.875000, 0.040000, 0.520000, -0.490000, -0.101111, -0.170000, -0.104444, 0.110000, -9.020000, 3.830000, 226.937500, 17.375000, 11.937500
262, 0.340000, 0.410000, -1.180000, -0.072222, -0.024444, 0.118889, 2.920000, -1.940000, 9.150000, 226.875000, 17.375000, 12.000000, -0.040000, 0.520000, -0.600000, -0.091111, -0.130000, -0.050000, 0.120000, -9.020000, 3.820000, 226.875000, 17.375000, 12.000000
282, 0.060000, -0.040000, -0.700000, -0.127778, 0.067778, 0.131111, 2.910000, -1.970000, 9.150000, 226.750000, 17.250000, 12.125000, -0.090000, 0.550000, -0.500000, -0.105556, -0.073333, -0.001111, 0.130000, -9.030000, 3.800000, 226.687500, 17.187500, 12.250000
303, -0.190000, -0.090000, 0.000000, -0.116667, 0.014444, 0.101111, 2.900000, -2.000000, 9.150000, 226.437500, 17.187500, 12.312500, -0.360000, 0.110000, 0.140000, -0.110000, -0.048889, 0.025556, 0.130000, -9.040000, 3.790000, 226.437500, 17.187500, 12.312500
321, 0.150000, 0.700000, -0.340000, -0.075556, -0.054444, 0.082222, 2.900000, -2.020000, 9.140000, 226.312500, 17.250000, 12.437500, -0.500000, 0.330000, 0.350000, -0.101111, -0.065556, -0.002222, 0.140000, -9.050000, 3.760000, 226.312500, 17.250000, 12.500000
342, -0.120000, 1.270000, 1.030000, -0.143333, 0.002222, 0.101111, 2.900000, -2.040000, 9.130000, 226.250000, 17.250000, 12.625000, -0.820000, 0.340000, 1.040000, -0.154444, -0.047778, 0.036667, 0.130000, -9.060000, 3.730000, 226.000000, 17.250000, 12.750000
362, -0.260000, 1.870000, 1.430000, -0.271111, -0.082222, 0.115556, 2.910000, -2.090000, 9.120000, 225.937500, 17.250000, 12.875000, -1.080000, -0.220000, 1.420000, -0.260000, -0.054444, 0.040000, 0.130000, -9.070000, 3.700000, 225.937500, 17.250000, 12.875000
383, -1.230000, 2.360000, 3.570000, -0.344444, -0.286667, 0.203333, 2.940000, -2.160000, 9.100000, 225.812500, 17.437500, 13.312500, -1.450000, -0.580000, 2.200000, -0.370000, -0.116667, -0.112222, 0.180000, -9.110000, 3.610000, 225.625000, 17.687500, 13.625000
403, -0.650000, 1.430000, 1.110000, -0.421111, -0.807778, 0.382222, 3.040000, -2.250000, 9.040000, 225.312500, 18.062500, 13.937500, -0.700000, -1.670000, 0.520000, -0.536667, -0.346667, -0.435556, 0.230000, -9.130000, 3.560000, 225.312500, 18.062500, 13.937500
422, 0.230000, -4.450000, -2.250000, -0.466667, -0.807778, 0.688889, 3.160000, -2.360000, 8.970000, 224.687500, 18.812500, 14.750000, 0.720000, -2.530000, -1.900000, -0.652222, -0.588889, -0.972222, 0.540000, -9.170000, 3.400000, 224.187500, 19.062500, 15.125000
442, 3.960000, -15.350000, -8.210000, -0.006667, -0.796667, 0.732222, 3.260000, -2.440000, 8.910000, 223.687500, 19.375000, 15.312500, 5.780000, -1.160000, -7.040000, 0.208889, -0.605556, -1.466667, 0.820000, -9.110000, 3.520000, 223.500000, 19.750000, 15.062500
463, 7.930000, -23.540001, -16.850000, 1.230000, -0.178889, -1.214444, 3.350000, -2.250000, 8.930000, 224.000000, 20.000000, 14.125000, 9.430000, 3.250000, -13.470000, 2.218889, -0.140000, -1.033333, 0.920000, -9.030000, 3.710000, 224.000000, 20.000000, 14.125000
483, 2.320000, -9.060000, -13.390000, 2.425555, 1.834444, -3.994444, 3.250000, -1.660000, 9.090000, 227.375000, 19.375000, 10.375000, 7.320000, 4.650000, -15.750000, 2.591111, 1.461111, 0.746667, 0.560000, -8.750000, 4.380000, 229.750000, 18.375000, 8.125000
501, -2.030000, 5.660000, -14.640000, 2.346667, 3.326667, -4.460000, 2.840000, -0.980000, 9.330000, 232.062500, 16.875000, 6.000000, -0.320000, 3.220000, -9.650000, 1.690000, 3.812222, 2.081111, 0.230000, -8.680000, 4.540000, 232.062500, 16.875000, 6.000000
522, -15.790000, 8.680000, 12.330000, 0.151111, 5.285555, -3.992222, 2.020000, -0.650000, 9.570000, 236.687500, 11.875000, 3.875000, -10.380000, 8.662500, -0.470000, 0.613333, 4.550000, 2.162014, -0.930000, -8.590000, 4.620000, 238.625000, 10.250000, 3.562500
542, -13.170000, 24.680000, 15.520000, 0.026667, 1.316667, -2.224444, 1.640000, -0.560000, 9.650000, 239.875000, 9.625000, 3.312500, -20.420000, -5.120000, 21.010000, -1.520000, 5.105556, 2.610000, -1.360000, -8.630000, 4.440000, 240.437500, 9.250000, 3.437500
563, -11.320000, 22.629999, 12.410000, -0.858889, 0.525556, 0.694444, 1.520000, -0.670000, 9.660000, 240.125000, 8.937500, 3.937500, -17.980000, -5.500000, 26.400000, -2.344445, 2.663333, 0.653333, -1.880000, -8.780000, 3.920000, 240.125000, 8.937500, 3.937500
581, -3.130000, 11.900000, 1.110000, -1.062222, -0.067778, 2.543333, 1.490000, -0.930000, 9.640000, 237.937500, 8.687500, 5.500000, -6.020000, 6.310000, 6.360000, -0.306667, -2.297778, -1.126667, -1.470000, -8.890000, 3.850000, 236.187500, 8.562500, 6.312500
602, 0.690000, 8.910000, -7.040000, -0.717778, -0.187778, 3.878889, 1.440000, -1.180000, 9.620000, 234.062500, 8.437500, 7.000000, -2.370000, 6.140000, 0.380000, -0.573333, -3.686667, -0.047778, -1.330000, -8.910000, 3.850000, 234.062500, 8.437500, 7.000000
622, 0.240000, 4.200000, -8.670000, -0.905556, 0.366667, 5.124444, 1.290000, -1.460000, 9.610000, 228.875000, 7.562500, 8.625000, -0.090000, 7.430000, -4.230000, -1.351111, -3.908889, 0.858889, -1.140000, -9.030000, 3.640000, 225.875000, 6.625000, 9.562500
643, -0.010000, -9.710000, -6.440000, -0.885556, 1.443333, 6.252222, 0.890000, -1.760000, 9.600000, 222.562500, 5.250000, 10.375000, -0.440000, 5.580000, -5.880000, -2.401111, -4.163333, 2.392222, -1.210000, -9.080000, 3.480000, 219.187500, 3.500000, 11.062500
661, 0.410000, -30.500000, -0.110000, -0.823333, 2.451111, 5.680000, 0.270000, -1.970000, 9.600000, 216.250000, 1.562500, 11.625000, 7.930000, -10.860000, -10.400000, -2.194444, -3.692222, 4.328889, -1.640000, -9.130000, 3.170000, 214.375000, -0.062500, 11.937500
682, -5.790000, -25.889999, 15.390000, 0.826667, 1.431111, 0.935556, -0.160000, -1.950000, 9.600000, 213.937500, -0.937500, 11.500000, 6.880000, -22.209999, -14.960000, -0.173333, -1.682222, 3.937778, -2.420000, -8.930000, 3.220000, 214.625000, -0.687500, 10.312500
702, -3.610000, -13.610000, 4.580000, 2.798889, -1.637778, -2.315556, 0.060000, -1.500000, 9.690000, 215.812500, 0.312500, 8.625000, 2.610000, -13.650000, -9.950000, 1.975556, 0.377778, 0.332222, -2.460000, -8.672500, 3.380000, 215.812500, 0.312500, 8.625000
723, -1.340000, -0.450000, -3.630000, 2.331111, -1.952222, -3.515556, 0.510000, -1.010000, 9.740000, 219.125000, 3.000000, 5.937500, 1.340000, -1.030000, -7.270000, 2.248889, 1.225556, -2.442222, -2.220000, -8.800000, 3.710000, 221.125000, 4.125000, 4.937500
743, -0.910000, 4.850000, -7.420000, 0.846667, -1.342222, -3.527778, 0.850000, -0.740000, 9.740000, 223.000000, 5.000000, 4.312500, -2.500000, 9.430000, -8.380000, 2.480000, 1.747778, -3.062222, -1.830000, -8.740000, 4.050000, 224.687500, 5.562500, 3.812500
762, 3.450000, 19.049999, -20.719999, 0.482222, 0.064444, -2.622222, 0.960000, -0.590000, 9.740000, 226.125000, 5.625000, 3.437500, -7.310000, 19.990000, 3.360000, 2.383333, 3.974444, -1.786667, -1.720000, -8.610000, 4.350000, 227.000000, 4.812500, 3.375000
782, 1.830000, 17.360001, -15.940000, -0.287778, 3.054445, -0.664444, 0.540000, -0.600000, 9.770000, 227.437500, 3.125000, 3.500000, -5.590000, 21.219999, 6.780000, 1.236667, 4.723333, 0.807778, -2.140000, -8.480000, 4.430000, 227.375000, 0.937500, 3.625000
803, 1.060000, 13.520000, -22.270000, -0.306667, 5.747778, 1.181111, -0.370000, -0.640000, 9.770000, 226.875000, -2.187500, 3.750000, -5.690000, 12.520000, 5.870000, -0.590000, 3.685555, 3.310000, -2.910000, -8.350000, 4.220000, 226.875000, -2.187500, 3.750000
823, -2.000000, 4.090000, -18.150000, -0.376667, 9.330000, 2.295556, -1.970000, -0.670000, 9.580000, 224.812500, -11.625000, 4.000000, -2.470000, 10.790000, 2.840000, -2.073333, 1.464444, 4.673333, -3.750000, -8.210000, 3.810000, 223.812500, -17.437500, 4.062500
841, -8.220000, -11.040000, -8.960000, -0.442222, 11.404445, 1.548889, -3.940000, -0.650000, 8.950000, 223.125000, -23.687500, 4.187500, 0.110000, -2.730000, -5.350000, -2.635556, 0.716667, 6.176667, -4.700000, -7.920000, 3.360000, 223.000000, -30.187500, 4.250000
862, -17.120001, -12.100000, 7.030000, 0.091111, 12.088889, -0.142222, -5.860000, -0.630000, 7.830000, 223.312500, -36.687500, 4.562500, -1.670000, -8.420000, -7.400000, -2.097778, 1.088889, 6.130000, -5.670000, -7.430000, 2.930000, 224.062500, -43.000000, 5.437500
882, -29.049999, -4.360000, 32.580002, -0.184444, 9.602222, -1.642222, -7.290000, -0.800000, 6.490000, 225.125000, -48.062500, 7.000000, -4.820000, -13.880000, -4.730000, -2.155555, 1.904444, 5.035555, -6.490000, -6.920000, 2.460000, 226.125000, -50.625000, 8.875000
903, -29.730000, -2.390000, 32.889999, -0.640000, -0.984444, -1.380000, -7.500000, -1.100000, 6.200000, 226.687500, -49.937500, 10.062500, -12.010000, -32.250000, 8.470000, -2.794445, 2.917778, 2.684444, -7.030000, -6.590000, 1.780000, 226.687500, -49.937500, 10.062500
921, -20.430000, -9.980000, 23.830000, 0.608889, -7.273334, -1.105556, -6.700000, -1.230000, 7.040000, 227.500000, -43.125000, 9.937500, -15.870000, -29.340000, 17.080000, -1.091111, 2.273333, -1.938889, -7.020000, -6.730000, 1.190000, 228.000000, -38.312500, 8.937500
942, -15.600000, -1.370000, 6.860000, 1.934444, -10.080000, -0.948889, -5.310000, -1.100000, 8.160000, 228.500000, -32.812500, 7.687500, -11.720000, -13.550000, 2.970000, 2.065556, -2.083333, -5.390000, -6.360000, -7.300000, 1.500000, 228.812500, -27.000000, 6.312500
962, -9.110000, 0.070000, -7.690000, 1.993333, -10.298889, -0.336667, -3.580000, -0.810000, 9.090000, 229.000000, -21.437500, 5.062500, -9.150000, -3.630000, -2.320000, 3.346667, -3.686667, -7.027778, -5.260000, -7.930000, 2.340000, 229.125000, -16.437500, 4.125000
983, -0.080000, 2.150000, -16.980000, 1.302222, -7.595556, -0.534444, -2.090000, -0.570000, 9.560000, 229.375000, -12.312500, 3.437500, -5.690000, 7.150000, -5.760000, 3.455555, -3.330000, -7.420000, -3.930000, -8.390000, 3.180000, 229.687500, -9.062500, 2.875000
1003, 3.150000, 1.920000, -19.040001, 0.857778, -4.402222, -0.635556, -1.130000, -0.410000, 9.730000, 230.000000, -6.625000, 2.437500, 2.030000, 14.430000, -8.750000, 3.603333, -1.904444, -6.451111, -2.680000, -8.580000, 3.900000, 230.000000, -6.625000, 2.437500
1022, 11.420000, -11.150000, -22.410000, 1.193333, -1.760000, -1.354445, -0.680000, -0.240000, 9.770000, 231.187500, -3.937500, 1.375000, 7.360000, 16.459999, -10.110000, 3.746667, -0.032222, -3.540000, -1.930000, -8.470000, 4.530000, 232.375000, -3.812500, 0.750000
1042, 6.910000, -13.220000, -16.350000, 1.255556, 1.557778, -3.121111, -0.790000, -0.030000, 9.770000, 234.125000, -4.625000, 0.187500, 10.460000, -0.640000, -15.520000, 2.247778, 1.401111, -0.134848, -1.870000, -8.260000, 4.930000, 236.312500, -6.125000, -0.062500
1063, -3.800000, -15.730000, 4.930000, 1.024444, 2.122222, -5.122222, -1.240000, 0.050000, 9.720000, 239.187500, -7.312500, -0.312500, 8.070000, -6.650000, -14.460000, 1.144444, 3.426667, 0.072222, -2.190000, -8.130000, 5.020000, 242.437500, -7.875000, -0.812500
1083, -4.840000, -5.680000, 0.410000, 2.548889, 0.257778, -6.166667, -1.380000, 0.290000, 9.700000, 245.937500, -8.062500, -1.750000, -4.740000, -1.120000, -2.680000, 1.354445, 4.626300, -0.672222, -2.510000, -8.030000, 5.010000, 249.250000, -8.312500, -3.000000
1102, -7.290000, 9.180000, -1.810000, 3.547778, 0.658889, -5.132222, -1.510000, 0.760000, 9.650000, 252.187500, -8.875000, -4.500000, -12.300000, 1.550000, 6.730000, 1.227778, 4.112222, -0.267778, -2.880000, -7.920000, 4.990000, 252.187500, -8.875000, -4.500000
1122, -12.070000, 27.420000, 9.270000, 2.387778, 1.050000, -2.297778, -1.760000, 1.190000, 9.570000, 255.750000, -10.375000, -7.125000, -15.560000, 2.660000, 17.730000, 0.141111, 2.346667, -0.520000, -3.070000, -7.910000, 4.900000, 256.125000, -10.500000, -7.625000
1143, -12.630000, 23.639999, 16.320000, 0.107778, -1.678889, 0.898889, -1.620000, 1.310000, 9.580000, 255.687500, -9.500000, -7.750000, -12.290000, 2.950000, 18.070000, -0.315556, 0.026667, -1.267778, -2.980000, -7.990000, 4.820000, 254.625000, -7.312500, -7.562500
1163, -10.230000, 10.330000, 8.890000, -1.392222, -5.552222, 3.226667, -0.700000, 1.180000, 9.700000, 253.000000, -4.062500, -6.937500, -7.010000, 5.000000, 10.720000, 0.378889, -2.786667, -1.908889, -2.500000, -8.070000, 4.960000, 251.125000, 0.000000, -6.125000
1181, -7.290000, 8.180000, -1.610000, -1.220000, -8.212222, 4.194445, 0.790000, 0.920000, 9.730000, 249.062500, 4.562500, -5.375000, -3.200000, 1.960000, 3.500000, 0.176667, -4.132222, -1.687778, -1.870000, -8.120000, 5.160000, 246.875000, 9.437500, -4.562500
1202, -3.350000, 1.100000, -9.610000, -0.895556, -8.176666, 4.714445, 2.380000, 0.600000, 9.490000, 244.500000, 14.062500, -3.625000, -1.230000, 3.250000, -0.870000, 0.062222, -4.938889, -1.973333, -1.100000, -8.160000, 5.310000, 244.500000, 14.062500, -3.625000
1222, -1.350000, -5.030000, -9.730000, -0.555556, -7.107778, 4.874444, 3.710000, 0.200000, 9.070000, 239.500000, 22.250000, -1.250000, 4.320000, 5.420000, -6.670000, -0.116667, -5.156667, -1.894444, -0.270000, -8.200000, 5.360000, 237.062500, 25.937500, 0.187500
1243, 3.770000, -23.299999, -21.770000, -1.084444, -6.007778, 3.713333, 4.780000, -0.280000, 8.550000, 235.187500, 29.187500, 1.875000, 8.260000, 4.830000, -11.450000, 0.412222, -4.164444, -0.882222, 0.370000, -8.170000, 5.390000, 234.125000, 31.812500, 2.937500
1261, 2.840000, -16.230000, -21.240000, 0.242222, -3.644444, 0.236667, 5.450000, -0.420000, 8.130000, 233.875000, 33.812500, 2.937500, 9.380000, 4.300000, -18.910000, 0.855556, -2.257778, 0.356667, 0.640000, -8.090000, 5.490000, 234.250000, 35.000000, 2.000000
1282, 5.590000, -0.690000, -39.630001, 1.245556, 0.170000, -1.591111, 5.620000, -0.100000, 8.030000, 234.937500, 34.937500, 0.750000, 3.570000, 12.800000, -21.910000, 1.404444, 1.163333, 1.046667, 0.500000, -7.980000, 5.670000, 235.750000, 32.875000, -0.187500
1302, 0.930000, 5.150000, -42.119999, -0.107778, 7.054444, -1.708889, 4.760000, 0.100000, 8.570000, 236.687500, 29.062500, -0.687500, 1.120000, 18.740000, -15.950000, 1.144444, 6.088889, 2.108889, -0.300000, -7.830000, 5.890000, 236.687500, 29.062500, -0.687500
1323, -21.100000, -11.360000, -44.970001, -2.460000, 16.063334, -1.304444, 2.400000, -0.110000, 9.500000, 238.437500, 14.125000, 0.687500, -5.260000, 11.470000, -10.710000, -2.324445, 8.166667, 4.198889, -1.720000, -7.900000, 5.540000, 239.625000, 3.437500, 2.125000
1343, -34.799999, -12.640000, -26.879999, -2.542222, 21.995556, -2.103333, -1.430000, -0.610000, 9.680000, 241.062500, -8.375000, 3.562500, -8.370000, 7.850000, -7.220000, -4.525556, 7.381111, 6.112222, -3.310000, -8.030000, 4.540000, 242.562500, -20.375000, 5.000000
1362, -34.090000, -2.240000, 6.270000, -0.485556, 21.058889, -2.012222, -5.150000, -0.920000, 8.290000, 244.125000, -31.687500, 6.312500, -13.230000, 0.500000, -1.980000, -4.182222, 5.132222, 8.632222, -4.950000, -7.730000, 3.440000, 245.750000, -41.437500, 8.000000
1382, -31.770000, 10.750000, 19.670000, -0.365556, 15.173333, -1.558889, -7.450000, -1.150000, 6.260000, 247.062500, -49.437500, 10.375000, -13.580000, -7.380000, 1.960000, -3.901111, 3.807778, 8.525556, -6.410000, -6.990000, 2.460000, 247.625000, -55.750000, 13.437500
1403, -30.719999, 3.730000, 34.439999, -1.837778, 8.661386, -0.246667, -8.520000, -1.380000, 4.630000, 247.625000, -60.375000, 16.625000, -15.670000, -22.120001, 12.840000, -4.306667, 3.195555, 5.898889, -7.380000, -6.270000, 1.490000, 247.625000, -60.375000, 16.625000
1423, -26.760000, -1.450000, 32.590000, -1.154444, 0.846667, 0.780000, -8.780000, -1.420000, 4.110000, 246.437500, -63.562500, 19.062500, -18.660000, -29.580000, 21.700001, -3.204444, 2.406667, 1.646667, -7.760000, -5.950000, 0.680000, 245.500000, -62.437500, 17.250000
1442, -19.549999, -4.230000, 15.170000, 0.211111, -4.694445, 1.267778, -8.500000, -1.230000, 4.710000, 244.687500, -60.187500, 14.625000, -15.340000, -14.600000, 13.370000, 0.488889, -1.304444, -2.637778, -7.560000, -6.200000, 0.650000, 244.000000, -57.312500, 12.000000
1462, -20.049999, 2.280000, 22.040001, 1.027778, -6.810000, 0.998889, -7.910000, -0.970000, 5.700000, 243.500000, -53.750000, 9.687500, -8.060000, -7.470000, 0.970000, 2.054445, -4.785555, -4.421111, -6.970000, -6.730000, 1.450000, 242.875000, -49.125000, 7.625000
1482, -20.799999, 1.900000, 14.220000, 0.173333, -11.073334, 1.238889, -6.710000, -0.760000, 7.100000, 242.000000, -43.187500, 6.062500, -6.270000, -6.330000, 0.320000, 1.605556, -5.004445, -5.308889, -6.110000, -7.300000, 2.320000, 240.875000, -36.312500, 5.000000
1503, -17.260000, -0.070000, -0.740000, -0.457778, -14.215555, 1.482222, -4.710000, -0.650000, 8.570000, 239.687500, -28.687500, 4.312500, -6.410000, -2.810000, 2.110000, 1.357778, -4.600000, -6.300000, -5.000000, -7.870000, 3.010000, 239.687500, -28.687500, 4.312500
1521, -13.430000, -3.460000, -12.310000, 0.101111, -15.430000, 1.526667, -2.100000, -0.580000, 9.560000, 237.437500, -12.375000, 3.437500, -6.220000, 1.660000, 0.280000, 1.713333, -4.864444, -6.632222, -3.670000, -8.320000, 3.650000, 236.437500, -4.500000, 2.812500
1542, -5.470000, -6.550000, -16.110001, 1.362222, -13.032222, 1.300000, 0.420000, -0.350000, 9.790000, 235.562500, 2.500000, 2.062500, -3.760000, 3.910000, -3.260000, 2.132222, -4.894444, -5.941111, -2.310000, -8.520000, 4.260000, 234.875000, 8.625000, 1.250000
1562, -2.860000, -1.630000, -16.389999, 1.841111, -10.520000, 0.807778, 2.460000, -0.060000, 9.490000, 234.312500, 14.562500, 0.312500, -0.740000, 3.780000, -6.690000, 2.551111, -4.667778, -5.023334, -1.060000, -8.470000, 4.810000, 233.687500, 19.437500, -0.250000
1583, 0.820000, -5.640000, -17.059999, 1.161111, -7.627778, 0.988889, 3.930000, 0.110000, 8.980000, 233.000000, 23.625000, -0.687500, 3.880000, 7.250000, -12.010000, 2.598889, -4.300000, -4.237778, 0.060000, -8.270000, 5.260000, 232.562500, 27.250000, -1.062500
1601, 3.070000, -2.960000, -21.740000, 0.613333, -5.653333, 0.441111, 4.950000, 0.190000, 8.460000, 232.250000, 30.312500, -1.312500, 6.220000, 12.730000, -13.460000, 2.695555, -2.950000, -2.894444, 0.920000, -7.960000, 5.650000, 232.250000, 30.312500, -1.312500
1622, 2.630000, 0.450000, -21.700001, -0.327778, -2.856667, -0.073333, 5.510000, 0.180000, 8.100000, 232.250000, 34.187500, -1.250000, 4.480000, 15.920000, -14.600000, 1.354445, -1.090000, -1.283333, 1.340000, -7.730000, 5.870000, 232.500000, 35.000000, -1.062500
1642, 4.270000, 6.430000, -31.900000, -0.843333, 0.803333, -0.333333, 5.560000, 0.100000, 8.070000, 232.812500, 34.562500, -0.687500, -2.660000, 17.920000, -6.990000, 0.075556, 2.094445, 0.600000, 1.200000, -7.690000, 5.960000, 233.125000, 32.750000, 0.000000
1663, -1.600000, 12.980000, -31.030001, -1.616667, 5.426667, 0.583333, 4.870000, -0.150000, 8.500000, 233.062500, 29.750000, 1.000000, -6.260000, 15.460000, -4.180000, -1.711111, 4.444445, 2.757778, 0.400000, -7.860000, 5.840000, 232.625000, 25.312500, 2.500000
1683, -10.390000, 7.310000, -23.799999, -2.756667, 10.800000, 1.916667, 3.260000, -0.690000, 9.220000, 232.062500, 19.375000, 4.312500, -9.630000, 9.830000, 2.180000, -3.855556, 3.868889, 4.185555, -0.630000, -8.200000, 5.330000, 231.312500, 12.562500, 6.000000
1702, -16.900000, 6.600000, -10.490000, -2.871111, 12.805555, 2.834445, 0.940000, -1.310000, 9.670000, 230.312500, 5.500000, 7.687500, -7.740000, 3.710000, -0.020000, -5.298889, 1.213333, 5.374444, -1.630000, -8.560000, 4.490000, 230.312500, 5.500000, 7.687500
1722, -19.160000, -13.470000, 29.400000, -2.617778, 6.762222, 2.913333, -0.800000, -1.850000, 9.590000, 227.750000, -4.687500, 10.937500, -3.890000, -14.140000, -2.920000, -4.518889, -0.073333, 5.987778, -2.600000, -8.700000, 3.690000, 226.562500, -5.375000, 11.562500
1743, -11.040000, -18.950001, 22.620001, -0.925556, -2.744444, 1.806667, -0.700000, -2.030000, 9.560000, 225.375000, -4.125000, 11.937500, -4.310000, -30.410000, 0.970000, -2.797778, 0.253333, 4.204444, -3.420000, -8.630000, 3.140000, 224.687500, -1.875000, 12.187500
1763, -9.700000, -20.459999, 16.430000, 0.011111, -5.268889, -0.715556, 0.160000, -2.070000, 9.580000, 224.750000, 0.937500, 12.187500, -3.130000, -23.830000, -0.500000, -0.255556, -0.121111, -1.176667, -3.470000, -8.670000, 2.970000, 225.500000, 4.500000, 11.812500
1781, -4.920000, -13.700000, -1.940000, 1.014444, -6.450000, -2.994444, 1.410000, -1.880000, 9.510000, 226.750000, 8.250000, 11.187500, -4.720000, -11.830000, -7.610000, 1.053333, -1.664444, -5.185555, -2.660000, -8.880000, 3.190000, 228.375000, 11.562500, 10.250000
1802, -3.460000, -10.160000, -6.610000, 1.472222, -4.270000, -3.868889, 2.410000, -1.500000, 9.380000, 230.187500, 14.187500, 9.062500, -4.670000, -0.060000, -10.700000, 2.851111, -1.385556, -6.428889, -1.500000, -8.970000, 3.650000, 230.187500, 14.187500, 9.062500
1822, 4.820000, 8.240000, -22.510000, 1.523333, -1.625556, -3.405555, 2.920000, -1.030000, 9.300000, 233.687500, 17.312500, 6.312500, -1.400000, 22.870001, -8.440000, 4.314445, 0.425556, -5.616667, -0.480000, -8.770000, 4.340000, 235.125000, 17.312500, 5.187500
1843, 4.710000, 12.460000, -24.090000, 0.346667, 2.971111, -2.112222, 2.670000, -0.760000, 9.400000, 236.375000, 15.750000, 4.625000, -0.680000, 30.150000, 0.490000, 2.747778, 2.660000, -2.122222, -0.160000, -8.490000, 4.890000, 236.375000, 15.750000, 4.625000
1861, 0.400000, 10.070000, -15.620000, -1.286667, 6.585556, -0.907778, 1.620000, -0.880000, 9.630000, 238.000000, 9.500000, 5.250000, -2.150000, 8.460000, 0.510000, -1.503333, 2.548889, 2.342222, -0.630000, -8.520000, 4.800000, 238.500000, 5.437500, 6.125000
1882, -11.340000, -4.290000, 21.370001, -2.152222, 7.522222, -0.130000, 0.240000, -1.240000, 9.720000, 238.875000, 1.375000, 7.250000, 0.410000, -3.790000, 0.690000, -2.957778, 1.601111, 3.634444, -1.370000, -8.700000, 4.300000, 239.125000, -1.125000, 8.250000
1902, -13.780000, -7.740000, 29.379999, -0.616667, 0.100000, -0.222222, -0.200000, -1.460000, 9.690000, 239.250000, -1.187500, 8.562500, -1.400000, -16.639999, 3.270000, -2.052222, 1.391111, 3.058889, -2.010000, -8.770000, 3.880000, 239.250000, -1.187500, 8.562500
1923, -3.660000, -18.420000, 4.190000, 1.177778, -5.407778, -0.931111, 0.640000, -1.320000, 9.690000, 239.562500, 3.750000, 7.750000, -1.580000, -24.500000, 0.920000, -0.542222, 0.767778, 0.420000, -2.140000, -8.790000, 3.760000, 240.437500, 6.812500, 6.812500
1941, -4.560000, -18.049999, 4.830000, 2.036667, -4.925556, -3.258889, 1.640000, -0.920000, 9.620000, 242.000000, 9.625000, 5.500000, -1.240000, -14.750000, -8.780000, 2.048889, -1.186667, -3.592222, -1.640000, -8.790000, 4.020000, 242.000000, 9.625000, 5.500000
1962, -1.360000, -5.030000, -3.330000, 2.591111, -4.631111, -4.374444, 2.550000, -0.290000, 9.460000, 246.125000, 15.062500, 1.750000, -0.900000, 1.960000, -10.390000, 3.156667, 0.435556, -5.054444, -0.780000, -8.660000, 4.530000, 248.375000, 17.437500, -0.250000
1982, 1.200000, 3.320000, -8.890000, 2.104445, -3.490000, -4.542222, 3.240000, 0.360000, 9.240000, 250.687500, 19.312500, -2.250000, -0.340000, 7.330000, -5.590000, 2.820000, 1.432222, -4.370000, -0.100000, -8.420000, 5.010000, 253.000000, 20.562500, -3.875000
2003, 0.560000, 7.630000, -10.800000, 0.933333, -2.167778, -4.274445, 3.600000, 0.840000, 9.080000, 255.250000, 21.562500, -5.312500, -1.160000, 11.910000, -1.520000, 1.448889, 2.631111, -1.934444, 0.090000, -8.240000, 5.310000, 255.250000, 21.562500, -5.312500
2023, -2.220000, 13.310000, -11.900000, -0.077778, -0.317778, -3.247778, 3.690000, 1.130000, 9.010000, 259.125000, 22.125000, -7.187500, -4.580000, 14.210000, 2.530000, 0.935556, 2.794445, -1.114444, -0.020000, -8.140000, 5.460000, 260.625000, 21.500000, -7.437500
2042, -7.400000, 21.090000, 1.910000, -0.732222, 1.476667, -1.515556, 3.450000, 1.170000, 9.100000, 261.437500, 20.625000, -7.312500, -10.690000, 8.920000, 10.630000, -0.987778, 2.051111, 1.054444, -0.310000, -8.160000, 5.410000, 261.437500, 20.625000, -7.312500
2062, -7.020000, 28.040001, -1.420000, -0.603333, 0.862222, 1.631111, 3.290000, 1.010000, 9.180000, 260.625000, 19.562500, -6.312500, -12.490000, 8.650000, 15.920000, -1.647778, -0.003333, 1.375556, -0.570000, -8.310000, 5.170000, 258.812500, 19.187500, -4.937500
2083, -9.220000, 23.170000, 7.150000, -1.208889, 0.251111, 4.906667, 3.230000, 0.540000, 9.230000, 256.250000, 19.250000, -3.375000, -10.220000, 8.760000, 14.740000, -1.978889, -2.585556, 1.611111, -0.640000, -8.470000, 4.880000, 252.937500, 19.812500, -1.562500
2103, -5.230000, 10.390000, -8.220000, -1.437778, -0.833333, 7.526667, 3.400000, -0.100000, 9.190000, 249.000000, 20.312500, 0.625000, -4.980000, 8.340000, 3.060000, -2.266667, -4.501111, 2.336667, -0.610000, -8.650000, 4.570000, 249.000000, 20.312500, 0.625000
2121, -0.990000, 0.390000, -17.240000, -0.901111, 0.336667, 8.161111, 3.340000, -0.830000, 9.170000, 240.375000, 19.937500, 5.187500, 0.520000, 8.260000, -6.160000, -1.883333, -3.843333, 3.582222, -0.790000, -8.780000, 4.290000, 236.125000, 18.562500, 6.875000
2142, 3.720000, -15.250000, -28.830000, -0.606667, 3.761111, 7.178889, 2.700000, -1.360000, 9.320000, 232.437500, 16.000000, 8.312500, 9.540000, 4.130000, -16.110001, -1.524444, -0.795556, 5.063334, -1.430000, -8.800000, 4.060000, 232.437500, 16.000000, 8.312500
2162, 0.140000, -24.680000, -27.889999, -1.154444, 9.612223, 3.803333, 1.120000, -1.740000, 9.580000, 228.000000, 6.500000, 10.312500, 8.060000, -5.980000, -14.390000, -2.166667, 2.946667, 5.333333, -2.500000, -8.750000, 3.640000, 227.750000, -0.187500, 10.875000
2183, -14.420000, -12.850000, -15.730000, -0.814444, 14.588889, 0.430000, -1.370000, -1.920000, 9.510000, 228.250000, -8.062500, 11.437500, 0.480000, -1.790000, -8.140000, -2.343333, 3.403333, 4.801111, -3.520000, -8.610000, 3.070000, 229.187500, -16.375000, 12.250000
2201, -21.870001, -10.660000, 2.430000, -0.647778, 15.674444, -0.495556, -4.090000, -2.070000, 8.660000, 230.312500, -24.625000, 13.437500, -1.220000, -0.970000, -6.350000, -3.143333, 2.417778, 5.347778, -4.500000, -8.370000, 2.390000, 231.500000, -32.062500, 14.812500
2222, -29.610001, -2.800000, 31.620001, -0.391111, 10.526667, -0.701111, -5.970000, -2.190000, 7.460000, 232.562500, -37.500000, 16.375000, -6.750000, -18.610001, 1.640000, -2.821111, 2.060000, 3.924444, -5.290000, -8.070000, 1.720000, 232.937500, -39.562500, 17.437500
2242, -25.900000, -2.540000, 31.709999, -0.941111, -3.128889, 0.202222, -6.030000, -2.320000, 7.360000, 232.437500, -38.000000, 17.437500, -7.840000, -22.860001, 5.400000, -0.801111, 0.921111, -0.261111, -5.460000, -8.020000, 1.360000, 232.437500, -38.000000, 17.437500
2263, -18.620001, -13.520000, 14.600000, -0.480000, -10.093333, 0.115556, -4.720000, -2.410000, 8.240000, 230.562500, -28.750000, 16.250000, -10.720000, -19.520000, 11.790000, 1.338889, -2.446667, -3.863333, -4.930000, -8.310000, 1.650000, 230.062500, -22.687500, 15.312500
2283, -17.440001, -11.380000, 2.320000, 1.351111, -12.806666, -1.307778, -2.660000, -2.310000, 9.140000, 230.062500, -15.750000, 14.187500, -4.650000, -6.530000, -4.800000, 1.772222, -3.896667, -5.257778, -3.990000, -8.670000, 2.240000, 230.312500, -8.250000, 13.000000
2302, -5.520000, -3.160000, -21.150000, 1.997778, -13.010000, -2.174444, -0.180000, -2.010000, 9.590000, 230.812500, -1.062500, 11.875000, -3.160000, -6.020000, -6.970000, 2.542222, -3.223333, -5.424443, -2.910000, -8.910000, 2.870000, 231.375000, 4.625000, 11.250000
2322, -0.890000, -9.410000, -13.480000, 0.486667, -7.653333, -2.505556, 1.530000, -1.830000, 9.500000, 232.312500, 8.937500, 10.937500, 0.330000, 0.650000, -13.560000, 3.458889, -1.876667, -6.015555, -1.770000, -8.970000, 3.510000, 233.687500, 12.562500, 10.500000
2343, 1.810000, -9.810000, -18.959999, 0.397778, -5.003334, -3.748889, 2.640000, -1.630000, 9.300000, 235.500000, 15.625000, 9.937500, 2.340000, 3.680000, -15.390000, 4.143333, 1.085556, -4.876300, -0.900000, -8.810000, 4.190000, 235.500000, 15.625000, 9.937500
2363, 6.780000, 1.170000, -34.570000, 0.964444, -1.183333, -5.425556, 3.180000, -1.200000, 9.190000, 240.562500, 18.875000, 7.437500, 3.540000, 13.110000, -14.610000, 4.331111, 4.538889, -3.651111, -0.580000, -8.490000, 4.860000, 243.750000, 18.312500, 5.812500
2382, 4.040000, 9.710000, -36.169998, 0.144444, 5.427778, -5.845556, 2.650000, -0.770000, 9.400000, 247.062500, 15.687500, 4.687500, 1.330000, 25.260000, -7.970000, 1.591111, 7.088889, -1.508889, -0.860000, -8.270000, 5.180000, 250.250000, 11.125000, 4.375000
2402, -7.450000, 2.330000, -35.560001, -1.558889, 12.198889, -4.942222, 0.810000, -0.810000, 9.730000, 253.250000, 4.750000, 4.750000, -1.960000, 23.709999, -3.800000, -2.880000, 6.615556, 1.932222, -1.690000, -8.420000, 4.720000, 256.187500, -3.250000, 5.687500
2423, -22.370001, 12.960000, -8.240000, -1.648889, 16.685556, -4.106667, -2.040000, -1.170000, 9.510000, 258.812500, -12.000000, 7.062500, -13.150000, 6.670000, 7.970000, -4.765555, 4.445556, 4.851111, -2.790000, -8.590000, 3.790000, 260.812500, -20.500000, 8.625000
2443, -30.629999, 29.360001, 30.480000, -1.465556, 12.358889, -1.160000, -4.450000, -1.540000, 8.590000, 261.812500, -27.000000, 10.187500, -14.950000, 3.050000, 11.850000, -5.086667, 1.651111, 4.727778, -3.750000, -8.610000, 2.810000, 261.312500, -30.000000, 11.375000
2461, -22.250000, 26.920000, 29.520000, -2.700000, -1.254444, 3.166667, -4.860000, -1.740000, 8.330000, 259.125000, -29.687500, 11.750000, -17.120001, -9.040000, 22.530001, -3.442222, -1.568889, 2.254444, -4.200000, -8.570000, 2.163125, 255.750000, -27.812500, 11.875000
2482, -14.270000, 10.780000, 8.190000, -3.484444, -5.563334, 5.863333, -4.220000, -1.820000, 8.650000, 251.812500, -25.500000, 11.875000, -14.780000, -5.030000, 20.700001, -1.753333, -5.754445, 0.352222, -4.120000, -8.600000, 2.260000, 247.625000, -22.750000, 11.937500
2502, -12.240000, 9.580000, 3.460000, -3.403333, -7.550000, 6.904444, -3.270000, -1.930000, 9.030000, 243.062500, -19.500000, 12.000000, -6.370000, 4.920000, 3.380000, -2.494444, -7.616667, 0.540000, -3.840000, -8.670000, 2.460000, 238.250000, -16.250000, 12.437500
2523, -5.070000, -37.090000, -2.990000, -3.357778, -7.034444, 6.674443, -2.260000, -2.170000, 9.290000, 233.937500, -13.375000, 13.125000, 2.690000, -0.770000, -8.130000, -1.506667, -4.508889, 1.457778, -3.820000, -8.660000, 2.530000, 231.375000, -10.312500, 13.187500
2541, 1.090000, -19.629999, -4.130000, 0.761111, -5.691111, 1.080000, -1.270000, -2.120000, 9.480000, 230.500000, -7.437500, 12.562500, 1.730000, -22.700001, -8.430000, 0.297778, -3.872222, -2.047778, -3.460000, -8.740000, 2.770000, 230.500000, -4.875000, 11.812500
2562, 2.380000, -20.910000, -7.240000, 1.257778, -4.086667, -1.505556, -0.430000, -1.900000, 9.600000, 231.125000, -2.500000, 11.187500, 6.440000, -10.710000, -19.170000, 2.435555, -1.978889, -3.900000, -2.700000, -8.652500, 3.260000, 232.312500, -0.562500, 10.437500
2582, 3.810000, -9.790000, -10.200000, 1.613333, -2.153333, -3.133333, 0.150000, -1.630000, 9.660000, 233.937500, 0.875000, 9.562500, 6.680000, -3.150000, -21.520000, 2.844445, 1.811111, -3.013333, -2.200000, -8.810000, 3.690000, 235.687500, 1.750000, 8.625000
2603, 3.690000, -9.020000, -12.110000, 1.665556, -0.016667, -3.505556, 0.350000, -1.300000, 9.710000, 237.562500, 2.000000, 7.625000, 1.590000, 2.270000, -11.730000, 3.117778, 3.780000, -2.078889, -2.070000, -8.680000, 4.060000, 239.750000, 1.437500, 6.687500
2623, -3.100000, 14.040000, -12.080000, 1.507778, 3.077778, -3.985556, 0.010000, -1.000000, 9.750000, 242.000000, 0.062500, 5.812500, -2.920000, 13.880000, -5.420000, 1.556667, 4.213333, -0.408889, -2.260000, -8.540000, 4.240000, 244.000000, -1.937500, 5.250000
2642, -5.790000, 31.820000, -8.500000, 0.118889, 4.943333, -2.253333, -0.770000, -0.890000, 9.730000, 245.375000, -4.500000, 5.250000, -10.850000, 22.320000, 7.970000, -2.317778, 3.163333, 1.416667, -2.690000, -8.590000, 3.880000, 245.750000, -7.375000, 6.125000
2662, -10.420000, 23.809999, 15.900000, -2.507778, 3.970000, 0.990000, -1.630000, -1.250000, 9.580000, 245.250000, -9.562500, 7.437500, -11.720000, 11.660000, 14.680000, -4.185555, 0.241111, 1.818889, -3.050000, -8.760000, 3.170000, 243.750000, -10.562500, 8.687500
2683, -4.630000, 12.790000, 2.200000, -2.386667, -0.185556, 4.018889, -1.840000, -1.610000, 9.490000, 241.437500, -10.812500, 9.625000, -8.990000, 3.200000, 12.590000, -3.206667, -2.137778, 2.253333, -3.320000, -8.642500, 2.660000, 238.625000, -11.000000, 10.062500
2703, -0.090000, -9.910000, -4.180000, -1.391111, -0.121111, 4.975555, -1.940000, -1.720000, 9.450000, 235.812500, -11.437500, 10.312500, -4.760000, 0.660000, 8.500000, -0.823333, -3.582222, 3.174444, -3.650000, -8.700000, 2.640000, 233.875000, -11.812500, 10.125000
2722, 0.550000, -23.760000, 3.660000, 0.567778, 0.190000, 1.643333, -2.050000, -1.610000, 9.450000, 233.000000, -12.062500, 9.625000, 5.270000, -16.620001, -10.600000, 0.984444, -2.344445, 1.415556, -3.840000, -8.520000, 2.940000, 233.000000, -12.125000, 9.062500
2742, 0.070000, -22.969999, 4.960000, 1.025556, -0.376667, -0.795556, -2.010000, -1.430000, 9.480000, 233.437500, -11.812500, 8.562500, 9.370000, -16.040001, -18.010000, 1.475556, -0.214444, -0.767778, -3.750000, -8.460000, 3.230000, 234.500000, -11.375000, 8.125000
2762, -0.430000, -20.840000, 4.040000, 1.440000, -0.535556, -3.028889, -1.850000, -1.290000, 9.540000, 236.250000, -10.875000, 7.687500, 6.280000, -13.300000, -14.970000, 1.506667, 0.980000, -1.465556, -3.560000, -8.480000, 3.390000, 238.375000, -10.250000, 7.125000
2783, -2.800000, -11.350000, 0.970000, 2.062222, -0.828889, -4.275556, -1.620000, -1.080000, 9.600000, 240.750000, -9.562500, 6.437500, -0.420000, -8.610000, -5.680000, 2.406667, 1.981111, -2.805556, -3.270000, -8.500000, 3.620000, 243.437500, -8.625000, 5.312500
2801, -4.270000, -5.290000, -0.910000, 3.222222, -0.858889, -4.861111, -1.380000, -0.670000, 9.680000, 246.187500, -8.125000, 3.937500, -4.900000, -1.370000, -3.480000, 2.795556, 2.186667, -3.377778, -2.900000, -8.490000, 3.940000, 248.812500, -7.500000, 2.500000
2822, -5.630000, 30.559999, -7.080000, 2.802222, -0.524444, -3.594445, -1.220000, -0.210000, 9.720000, 250.875000, -7.187500, 1.187500, -11.140000, 21.420000, 5.410000, 2.291111, 2.696667, -3.257778, -2.680000, -8.510000, 4.050000, 251.937500, -7.125000, 0.562500
2842, -1.230000, 29.540001, -11.380000, -0.106667, 0.011111, -0.275556, -1.220000, -0.110000, 9.720000, 252.062500, -7.125000, 0.687500, -13.400000, 22.100000, 17.559999, -1.166667, 0.571111, 0.071111, -2.710000, -8.590000, 3.860000, 251.437500, -7.187500, 1.187500
2863, 0.060000, 28.020000, -13.710000, -1.734444, 0.813333, 2.576667, -1.310000, -0.330000, 9.710000, 250.000000, -7.687500, 1.937500, -7.480000, 18.469999, 12.100000, -1.721111, -0.697778, 0.962222, -2.860000, -8.660000, 3.590000, 247.687500, -8.625000, 2.750000
2881, -2.980000, 19.350000, -10.160000, -2.052222, 1.825556, 5.664444, -1.670000, -0.570000, 9.640000, 244.500000, -9.750000, 3.375000, -7.040000, 13.600000, 9.250000, -2.926667, -3.555556, 3.860000, -3.210000, -8.650000, 3.290000, 240.625000, -11.187500, 3.812500
2902, -5.570000, 6.980000, -9.700000, -1.922222, 2.571111, 8.141111, -2.190000, -0.660000, 9.530000, 236.125000, -12.875000, 3.937500, -7.370000, 9.870000, 4.600000, -2.821111, -4.586667, 4.748889, -3.760000, -8.480000, 3.170000, 231.312500, -14.875000, 3.500000
2922, -6.310000, -10.280000, -4.770000, -0.744444, 3.467778, 9.037778, -2.870000, -0.410000, 9.360000, 226.375000, -17.000000, 2.500000, -7.210000, 4.330000, -3.780000, -2.690000, -6.083333, 6.731111, -4.520000, -8.070000, 3.240000, 221.687500, -19.187500, 1.250000
2943, -5.150000, -39.240002, 2.110000, -0.314444, 4.038889, 6.667778, -3.590000, -0.020000, 9.120000, 218.000000, -21.437500, 0.125000, 0.670000, -10.530000, -12.870000, -0.910000, -3.775556, 7.673333, -5.420000, -7.400000, 3.440000, 216.187500, -23.562500, -0.937500
2963, -9.020000, -33.369999, 14.740000, 1.053333, 3.670000, 0.884444, -4.230000, 0.270000, 8.652500, 215.750000, -25.500000, -1.750000, 5.550000, -31.930000, -24.299999, 0.058889, -2.294445, 5.510000, -5.880000, -6.940000, 3.650000, 216.500000, -27.062500, -1.875000
2982, -11.170000, -33.689999, 18.820000, 0.900000, 1.451111, -3.027778, -4.590000, 0.230000, 8.660000, 218.250000, -27.937500, -1.562500, 4.260000, -26.270000, -23.270000, 0.803333, 2.184444, -1.500000, -5.890000, -6.960000, 3.590000, 220.875000, -28.187500, -0.937500
3002, -11.970000, -33.660000, 14.160000, 1.885556, -0.480000, -5.737778, -4.600000, 0.050000, 8.660000, 224.312500, -27.937500, -0.312500, -2.400000, -28.580000, -16.200001, 1.290000, 3.576667, -2.732222, -5.680000, -7.220000, 3.400000, 228.500000, -27.250000, 0.062500
3023, -13.500000, -21.379999, 3.640000, 4.136667, -1.736667, -8.212222, -4.340000, -0.010000, 8.790000, 233.500000, -26.312500, 0.062500, -8.620000, -16.940001, -13.560000, 3.631111, 4.416667, -6.086667, -5.020000, -7.640000, 3.520000, 238.875000, -25.375000, -0.187500
3043, -13.010000, -2.200000, -5.970000, 5.023334, -1.544444, -8.786667, -4.080000, 0.110000, 8.910000, 244.250000, -24.562500, -0.687500, -10.430000, -2.820000, -14.090000, 5.204444, 5.368889, -7.850000, -4.260000, -7.960000, 3.800000, 249.562500, -23.937500, -1.500000
3061, -10.710000, 13.930000, -7.930000, 5.206666, -1.386667, -7.811111, -3.880000, 0.380000, 8.990000, 254.375000, -23.312500, -2.437500, -14.820000, 14.260000, -0.730000, 4.724444, 5.785555, -7.028889, -3.670000, -8.140000, 4.040000, 258.562500, -22.625000, -3.437500
3082, -11.520000, 34.639999, -1.730000, 3.825556, -1.962222, -4.814445, -3.630000, 0.700000, 9.080000, 261.625000, -21.750000, -4.437500, -16.620001, 25.170000, 9.800000, 0.408889, 3.916667, -2.853333, -3.410000, -8.290000, 3.950000, 263.312500, -20.375000, -5.312500
3102, -12.540000, 33.639999, 3.440000, 1.438889, -4.020000, -0.381111, -3.070000, 0.960000, 9.260000, 263.750000, -18.250000, -5.937500, -19.459999, 14.790000, 25.719999, -0.661111, 2.515556, -1.330000, -3.380000, -8.400000, 3.740000, 263.250000, -15.187500, -6.375000
3123, -12.820000, 27.379999, 3.030000, 0.256667, -6.677778, 2.865556, -1.940000, 1.140000, 9.540000, 261.875000, -11.437500, -6.812500, -17.830000, 7.800000, 27.120001, 0.590000, -0.915556, -0.290000, -3.210000, -8.330000, 4.040000, 259.875000, -7.062500, -7.125000
3141, -5.930000, 15.880000, -13.040000, 0.048889, -7.893333, 5.093333, -0.420000, 1.250000, 9.710000, 257.375000, -2.437500, -7.312500, -11.310000, 10.910000, 16.629999, 2.054445, -4.451111, 0.046667, -2.810000, -8.150000, 4.650000, 254.562500, 1.812500, -7.375000
3162, -0.480000, 12.040000, -21.840000, -0.087778, -5.834445, 5.957778, 0.920000, 1.210000, 9.680000, 251.500000, 5.375000, -7.125000, -6.330000, 10.010000, 5.300000, 1.297778, -6.818889, 0.304444, -2.190000, -8.070000, 5.110000, 248.250000, 8.000000, -6.625000
3182, 4.490000, 5.500000, -26.610001, -0.556667, -2.366667, 6.904444, 1.650000, 0.970000, 9.610000, 244.562500, 9.687500, -5.750000, 2.163125, 13.150000, -14.530000, -0.550000, -7.308889, 0.580000, -1.700000, -8.120000, 5.220000, 240.562500, 10.250000, -4.312500
3203, 6.290000, -17.459999, -33.060001, -2.612222, 2.040000, 7.121111, 1.600000, 0.370000, 9.660000, 236.812500, 9.375000, -2.187500, 12.110000, 12.850000, -22.950001, -1.808889, -3.681111, 2.818889, -2.020000, -8.190000, 4.990000, 233.937500, 6.750000, -0.062500
3221, -0.200000, -21.480000, -23.360001, -2.334445, 7.697778, 2.787778, 0.440000, -0.220000, 9.790000, 232.500000, 2.562500, 1.312500, 11.740000, 2.280000, -27.959999, -2.410000, 1.935556, 5.635556, -3.220000, -8.140000, 4.400000, 231.937500, -2.875000, 2.000000
3242, -5.870000, -17.700001, -26.639999, -1.111111, 12.516666, 0.442222, -1.650000, -0.440000, 9.650000, 231.812500, -9.687500, 2.625000, -3.790000, -5.850000, -7.890000, -2.987778, 5.472222, 5.867778, -4.510000, -7.920000, 3.610000, 232.125000, -17.625000, 3.250000
3262, -24.230000, -4.650000, -2.430000, -0.397778, 15.626667, -0.700000, -4.310000, -0.580000, 8.780000, 232.687500, -26.062500, 3.812500, -6.880000, 3.020000, -3.130000, -2.164236, 3.588889, 6.380000, -5.100000, -7.700000, 3.280000, 233.250000, -34.375000, 4.437500
3283, -29.580000, 1.690000, 20.590000, -0.330000, 13.938889, -0.020000, -6.550000, -0.650000, 7.260000, 233.500000, -41.875000, 5.125000, -10.750000, -9.160000, -0.800000, -3.304445, 1.763333, 7.274445, -6.690000, -6.770000, 2.320000, 233.312500, -47.312500, 5.812500
3303, -32.040001, -1.120000, 32.470001, -0.713333, 2.253333, 0.767778, -7.350000, -0.660000, 6.450000, 232.750000, -48.562500, 5.875000, -8.652500, -22.850000, 5.790000, -2.861111, 1.483333, 4.496666, -7.150000, -6.450000, 1.830000, 231.937500, -45.750000, 5.187500
3322, -23.000000, -12.360000, 27.100000, -0.131111, -9.402223, 0.976667, -6.400000, -0.560000, 7.400000, 231.187500, -40.687500, 4.312500, -12.240000, -31.129999, 16.080000, -0.274444, 0.474444, -1.174444, -7.080000, -6.530000, 1.780000, 231.062500, -34.812500, 3.375000
3342, -15.260000, -15.730000, 4.340000, 2.341111, -10.921111, -0.736667, -4.730000, -0.330000, 8.570000, 231.687500, -28.875000, 2.187500, -8.000000, -12.690000, 1.770000, 2.380000, -3.386667, -5.996666, -5.740000, -7.440000, 2.790000, 232.875000, -22.812500, 0.875000
3363, -10.720000, -5.370000, -8.040000, 3.094445, -11.194445, -2.159792, -2.820000, 0.060000, 9.390000, 234.375000, -16.687500, -0.312500, -5.070000, -5.450000, -9.000000, 3.258889, -4.658889, -7.760000, -5.040000, -7.740000, 3.260000, 235.750000, -11.187500, -1.375000
3383, 9.820000, -2.620000, -41.200001, 2.040000, -7.937778, -2.014444, -1.180000, 0.390000, 9.720000, 237.000000, -6.875000, -2.312500, -2.860000, 8.150000, -20.139999, 3.703333, -3.383333, -7.976666, -2.940000, -8.200000, 4.490000, 238.312500, -4.875000, -3.187500
3401, 17.809999, -2.910000, -49.110001, 1.383333, 0.793333, -2.535556, -0.920000, 0.650000, 9.740000, 239.687500, -5.375000, -3.812500, 3.700000, 24.760000, -20.070000, 4.793334, 1.463333, -5.841111, -2.510000, -7.990000, 5.080000, 241.125000, -8.375000, -4.062500
3422, 4.580000, -3.640000, -31.809999, 0.095556, 8.475555, -3.040000, -2.220000, 0.640000, 9.520000, 242.625000, -13.062500, -3.875000, 7.900000, 32.750000, -11.000000, 2.088889, 4.745555, 1.545556, -2.860000, -7.850000, 5.120000, 244.250000, -19.250000, -3.500000
3442, -11.010000, 2.750000, -8.370000, -0.630000, 13.103333, -3.430000, -4.370000, 0.390000, 8.760000, 245.875000, -26.437500, -2.562500, -1.890000, 11.320000, -6.510000, -2.414444, 6.011111, 5.698889, -4.790000, -7.510000, 4.070000, 247.375000, -33.687500, -0.875000
3463, -18.520000, 9.880000, 10.720000, -0.963333, 11.325556, -2.974444, -6.280000, -0.100000, 7.520000, 248.812500, -39.812500, 0.750000, -8.240000, 3.220000, 4.250000, -3.017778, 4.496666, 5.892222, -5.370000, -7.340000, 3.640000, 249.875000, -44.937500, 2.437500
3481, -21.670000, 17.000000, 26.740000, -1.724444, 8.010000, -0.664444, -7.430000, -0.450000, 6.370000, 249.875000, -49.312500, 4.062500, -13.040000, -12.250000, 15.310000, -4.715556, 2.838889, 4.685555, -6.530000, -6.950000, 2.250000, 249.000000, -52.375000, 5.125000
3502, -23.209999, 12.020000, 33.119999, -2.371111, 1.788889, 1.605556, -7.870000, -0.550000, 5.810000, 247.500000, -53.375000, 5.375000, -13.280000, -19.650000, 20.860001, -4.344444, 0.767778, 1.368889, -6.590000, -7.030000, 1.780000, 245.937500, -51.937500, 4.812500
3522, -15.950000, 12.120000, 17.209999, -1.295556, -6.337778, 2.336667, -7.360000, -0.410000, 6.460000, 244.187500, -48.625000, 3.687500, -11.050000, -9.190000, 16.940001, -0.864444, -2.268889, -1.963333, -6.420000, -7.160000, 1.860000, 242.125000, -44.375000, 2.562500
3543, -11.120000, 8.260000, 4.600000, -1.846667, -8.422222, 3.603333, -6.290000, -0.210000, 7.510000, 239.687500, -39.875000, 1.625000, -8.000000, -2.550000, 9.320000, -0.011111, -4.624444, -3.274444, -5.460000, -7.710000, 2.610000, 237.187500, -35.187500, 1.000000
3563, -8.760000, 4.030000, 2.000000, -1.744444, -9.275556, 3.900000, -4.930000, -0.080000, 8.470000, 234.750000, -30.187500, 0.500000, -3.780000, 3.760000, 3.600000, 0.077778, -5.144444, -3.463333, -5.060000, -7.880000, 2.870000, 232.437500, -24.750000, 0.187500
3582, -3.170000, 2.930000, -12.850000, -1.293333, -9.520000, 3.984444, -3.280000, 0.000000, 9.230000, 230.125000, -19.562500, 0.000000, -2.830000, 5.900000, 1.480000, -0.053333, -4.990000, -2.964444, -3.930000, -8.270000, 3.500000, 227.812500, -15.250000, 0.000000
3602, 5.230000, -3.220000, -22.020000, -1.008889, -5.702222, 4.204444, -2.060000, 0.000000, 9.580000, 225.437500, -12.125000, 0.000000, -1.270000, 6.220000, -4.160000, -0.397778, -5.207778, -1.960000, -3.310000, -8.410000, 3.790000, 223.125000, -10.312500, 0.062500
3623, 4.410000, -13.570000, -13.670000, -1.206667, -1.614444, 3.578889, -1.610000, -0.060000, 9.670000, 221.125000, -9.437500, 0.375000, 4.840000, 2.960000, -12.610000, -0.313333, -4.606667, -0.623333, -3.100000, -8.440000, 3.900000, 219.687500, -9.125000, 0.875000
3643, 5.390000, -29.870001, -13.410000, -1.207778, 0.220000, 0.920000, -1.580000, -0.250000, 9.670000, 219.125000, -9.250000, 1.437500, 8.650000, -4.060000, -20.379999, -0.466667, -2.864444, 0.392222, -2.850000, -8.460000, 4.030000, 219.687500, -10.000000, 2.125000
3662, 1.930000, -29.370001, -6.750000, -0.841111, 2.372222, -3.030000, -1.910000, -0.480000, 9.600000, 221.312500, -11.250000, 2.875000, 8.940000, -11.870000, -25.559999, -0.095556, 0.196667, 0.246667, -2.880000, -8.460000, 4.020000, 223.812500, -12.562500, 3.687500
3682, -10.520000, -28.790001, 12.540000, 0.434444, 1.955556, -5.954444, -2.280000, -0.710000, 9.510000, 227.125000, -13.437500, 4.250000, 3.860000, -10.560000, -22.190001, 0.798889, 3.471111, -0.175556, -3.220000, -8.390000, 3.900000, 231.000000, -13.437500, 4.062500
3703, -15.280000, -3.260000, 11.230000, 3.164444, -0.930000, -7.271111, -2.150000, -0.540000, 9.550000, 235.187500, -12.625000, 3.250000, -9.580000, -13.000000, -4.080000, 1.411111, 5.580000, -0.632222, -3.380000, -8.360000, 3.840000, 239.187500, -11.437500, 1.937500
3723, -15.350000, 16.990000, 12.110000, 4.041111, -2.758889, -6.047778, -1.680000, -0.060000, 9.660000, 242.687500, -9.875000, 0.375000, -14.860000, -10.540000, 7.830000, 1.550000, 4.728889, -2.954444, -3.380000, -8.400000, 3.750000, 245.187500, -7.937500, -1.000000
3741, -15.180000, 22.530001, 13.890000, 2.077778, -4.654444, -2.173333, -0.930000, 0.340000, 9.750000, 246.437500, -5.437500, -2.000000, -17.809999, 2.770000, 16.639999, 1.510000, 2.465556, -5.363333, -2.820000, -8.580000, 3.810000, 246.750000, -2.125000, -2.500000
3762, -13.400000, 14.690000, 4.530000, 0.461111, -7.338889, 0.844444, 0.310000, 0.470000, 9.780000, 246.375000, 1.812500, -2.750000, -14.710000, 11.540000, 17.170000, 2.150000, -0.272222, -4.856667, -2.000000, -8.670000, 4.110000, 245.625000, 6.312500, -2.937500
3782, -10.460000, 11.500000, -2.580000, 0.436667, -8.680278, 2.002222, 1.900000, 0.510000, 9.600000, 244.625000, 11.187500, -3.000000, -10.360000, 8.540000, 10.010000, 2.380000, -3.196667, -3.215556, -0.790000, -8.510000, 4.790000, 243.437500, 16.312500, -3.187500
3803, -6.850000, 10.260000, -12.420000, 0.787778, -9.170000, 2.848889, 3.580000, 0.500000, 9.110000, 241.937500, 21.375000, -3.125000, -3.370000, 8.220000, -0.810000, 1.907778, -4.498889, -2.818889, -0.350000, -8.440000, 4.970000, 240.250000, 25.937500, -2.875000
3821, -1.940000, 2.160000, -17.010000, 0.676667, -7.043334, 3.248889, 4.880000, 0.350000, 8.490000, 238.500000, 29.812500, -2.375000, -0.810000, 9.500000, -3.780000, 0.984444, -4.237778, -2.825556, 0.510000, -8.320000, 5.160000, 236.625000, 33.125000, -1.687500
3842, 2.420000, -5.890000, -21.870001, 0.121111, -4.794445, 2.997778, 5.730000, 0.090000, 7.950000, 235.000000, 35.750000, -0.687500, 5.670000, 13.300000, -9.060000, 0.741111, -3.515556, -1.875556, 1.230000, -8.210000, 5.210000, 233.875000, 37.687500, 0.312500
3862, 4.470000, -10.550000, -28.049999, -0.130000, -2.037778, 1.164444, 6.140000, -0.120000, 7.630000, 233.250000, 38.812500, 0.875000, 8.720000, 13.310000, -14.280000, 0.555556, -2.135556, 0.502222, 1.500000, -8.130000, 5.250000, 233.062500, 38.750000, 1.000000
3883, 5.180000, -3.470000, -36.959999, -0.235556, 3.170000, -0.106667, 5.900000, -0.140000, 7.820000, 233.187500, 37.000000, 1.062500, 7.020000, 9.110000, -22.480000, 0.048889, 0.832222, 2.196667, 0.860000, -8.190000, 5.300000, 233.562500, 33.750000, 1.125000
3903, -1.530000, -1.260000, -46.099998, -1.195556, 9.302222, -0.711111, 4.710000, -0.220000, 8.590000, 234.187500, 28.750000, 1.500000, 4.680000, 15.980000, -21.670000, -0.206667, 5.806667, 3.043333, 0.330000, -8.220000, 5.320000, 235.062500, 21.375000, 2.375000
3922, -14.950000, -8.940000, -44.160000, -3.128889, 17.485556, -1.168889, 2.020000, -0.630000, 9.570000, 236.187500, 11.875000, 3.750000, -4.340000, 12.970000, -8.550000, -2.798889, 7.762222, 4.796667, -1.110000, -8.400000, 4.930000, 237.562500, 0.875000, 5.312500
3942, -36.139999, -6.270000, -17.219999, -2.863333, 21.786667, -1.575556, -1.820000, -1.180000, 9.560000, 239.000000, -10.687500, 7.062500, -10.570000, 10.040000, -5.700000, -4.443333, 6.298889, 6.743333, -2.680000, -8.520000, 4.020000, 240.250000, -22.062500, 8.625000
3963, -34.000000, 2.660000, 8.550000, -1.115556, 18.981112, -0.705556, -5.220000, -1.510000, 8.150000, 241.312500, -32.187500, 10.500000, -15.530000, 1.890000, 0.090000, -4.972222, 4.287778, 8.675834, -4.360000, -8.270000, 2.930000, 241.875000, -40.500000, 12.500000
3983, -27.850000, 9.400000, 22.700001, -2.173333, 12.111111, 0.771111, -7.170000, -1.700000, 6.460000, 241.625000, -47.000000, 14.812500, -15.640000, -7.240000, 7.920000, -4.765555, 2.168889, 7.967778, -5.760000, -7.690000, 1.930000, 240.562500, -51.750000, 16.812500
4002, -28.969999, -6.990000, 33.669998, -2.815556, 4.777778, 1.874444, -7.980000, -1.770000, 5.400000, 239.062500, -54.500000, 18.125000, -11.980000, -17.809999, 11.050000, -4.118889, 0.940000, 5.804444, -6.690000, -7.060000, 1.180000, 237.562500, -54.625000, 17.875000
4022, -26.080000, -5.720000, 33.340000, -1.162222, -4.881111, 1.434444, -7.760000, -1.690000, 5.740000, 236.187500, -52.312500, 16.437500, -10.690000, -29.379999, 15.120000, -1.465556, -0.185556, 1.685556, -7.070000, -6.730000, 0.860000, 234.812500, -48.312500, 14.500000
4042, -21.760000, -13.520000, 21.120001, -0.004444, -10.224444, 0.863333, -6.690000, -1.570000, 6.980000, 233.812500, -43.062500, 12.687500, -8.610000, -22.549999, 8.890000, 0.332222, -2.961111, -3.426667, -6.740000, -7.020000, 1.150000, 233.375000, -36.625000, 11.062500
4063, -19.340000, -10.070000, 5.130000, 1.788889, -13.211111, -0.573333, -4.830000, -1.400000, 8.410000, 233.375000, -29.500000, 9.437500, -4.920000, -10.770000, -2.530000, 1.517778, -4.106667, -6.426667, -5.810000, -7.680000, 1.810000, 233.687500, -22.187500, 7.875000
4081, -5.790000, 0.880000, -22.740000, 2.238889, -12.546667, -1.164444, -2.590000, -1.090000, 9.390000, 234.062500, -15.312500, 6.625000, -7.240000, -0.590000, -6.030000, 1.981111, -3.663333, -8.130000, -4.480000, -8.360000, 2.470000, 234.562500, -9.562500, 5.562500
4102, 4.610000, 10.650000, -35.610001, 1.618889, -7.840000, -1.053333, -0.900000, -0.800000, 9.730000, 235.000000, -5.250000, 4.687500, -8.000000, 18.709999, -15.250000, 3.497778, -2.093333, -8.649167, -2.900000, -8.632500, 3.150000, 235.062500, -2.812500, 4.312500
4122, 14.720000, 17.080000, -41.130001, -0.901111, -0.760000, 1.237778, -0.420000, -0.820000, 9.760000, 234.375000, -2.437500, 4.812500, 2.110000, 46.029999, -3.240000, 2.962222, 1.623333, -3.203333, -2.080000, -8.632500, 3.720000, 233.062500, -4.187500, 5.875000
4143, 4.390000, 4.140000, -24.860001, -2.414444, 5.701111, 3.065556, -1.270000, -1.200000, 9.640000, 231.500000, -7.437500, 7.062500, -4.050000, 17.389999, 0.590000, -3.003333, 1.608889, 5.316667, -2.810000, -8.760000, 3.380000, 229.812500, -11.125000, 7.812500
4161, -8.680000, 11.950000, -6.550000, -0.975556, 7.110000, 4.196667, -2.590000, -1.310000, 9.360000, 227.750000, -15.312500, 7.937500, -10.510000, -0.050000, 4.140000, -3.906667, -0.810000, 7.117778, -3.940000, -8.550000, 2.740000, 225.000000, -19.812500, 7.437500
4182, -17.420000, 4.690000, 21.920000, -0.314444, 6.154444, 6.484445, -3.920000, -1.000000, 8.930000, 221.625000, -23.562500, 6.375000, -10.430000, -1.620000, 5.920000, -3.452222, -3.325556, 6.998889, -4.930000, -8.130000, 2.400000, 217.812500, -25.375000, 4.937500
4202, -14.580000, -34.610001, 30.129999, -0.531111, -1.440000, 5.918889, -4.110000, -0.570000, 8.880000, 214.500000, -24.812500, 3.687500, 0.020000, -26.440001, 1.310000, -1.806667, -3.660000, 6.302222, -5.740000, -7.560000, 2.440000, 212.750000, -22.375000, 2.687500
4223, -9.020000, -31.129999, 11.710000, 1.143333, -6.165555, 0.315556, -3.190000, -0.310000, 9.260000, 212.625000, -19.000000, 1.937500, 2.920000, -29.190001, -16.290001, 0.281111, -4.204444, 0.162222, -5.840000, -7.330000, 2.860000, 213.625000, -15.750000, 1.687500
4243, -3.140000, -20.100000, -3.640000, 0.414444, -4.747778, -3.247778, -2.230000, -0.310000, 9.540000, 215.437500, -13.125000, 1.875000, 2.900000, -13.080000, -23.920000, 1.006667, -3.054445, -6.017778, -4.930000, -7.770000, 3.360000, 217.750000, -11.000000, 2.437500
4262, -0.090000, -25.250000, -13.790000, 0.291111, -2.034444, -5.531111, -1.660000, -0.480000, 9.650000, 220.750000, -9.750000, 2.812500, -0.060000, -9.850000, -26.570000, 1.736667, 2.226667, -6.680000, -3.950000, -8.240000, 3.540000, 224.500000, -10.000000, 2.812500
4282, 6.680000, -8.810000, -36.509998, 1.776667, 5.321111, -7.392222, -2.160000, -0.450000, 9.550000, 228.687500, -12.750000, 2.687500, -2.470000, 2.850000, -15.460000, 3.756667, 7.062222, -6.657778, -3.300000, -8.470000, 3.650000, 233.125000, -17.375000, 2.750000
4303, -10.270000, 5.420000, -7.970000, 2.272222, 10.444445, -7.554444, -3.810000, -0.500000, 9.020000, 237.562500, -22.875000, 3.125000, -5.650000, 18.650000, -3.420000, 2.706667, 6.581111, -3.714444, -3.050000, -8.530000, 3.750000, 241.812500, -28.437500, 3.875000
4323, -19.139999, 26.360001, 9.660000, 2.313150, 9.854445, -5.777778, -5.410000, -0.680000, 8.140000, 245.500000, -33.500000, 4.750000, -10.970000, 19.940001, 4.850000, -0.243333, 5.777778, 0.134848, -3.330000, -8.530000, 3.500000, 247.875000, -37.250000, 5.875000
4341, -26.959999, 30.000000, 31.309999, -0.446667, 1.154444, -1.316667, -6.010000, -0.910000, 7.690000, 248.500000, -37.750000, 6.750000, -19.209999, -9.070000, 22.459999, -4.383333, 4.078889, 1.552222, -3.860000, -8.630000, 2.590000, 247.687500, -34.562500, 6.687500
4362, -23.120001, 18.059999, 23.230000, -1.651111, -10.136666, 2.755556, -4.800000, -0.940000, 8.490000, 245.625000, -29.250000, 6.312500, -18.940001, -12.460000, 26.629999, -1.895555, 0.338889, -0.945556, -3.870000, -8.780000, 1.990000, 242.937500, -22.937500, 5.750000
4382, -18.780001, -10.300000, 5.990000, -0.974444, -13.647778, 3.961111, -2.660000, -0.870000, 9.390000, 240.312500, -15.750000, 5.250000, -10.710000, -2.250000, 17.990000, 2.892222, -3.354445, -1.302222, -3.530000, -8.800000, 2.470000, 238.500000, -8.250000, 4.625000
4403, -7.960000, -10.580000, -17.410000, 1.452222, -12.785556, 1.293333, -0.240000, -0.640000, 9.780000, 237.562500, -1.375000, 3.750000, -2.410000, -10.530000, -3.510000, 3.193333, -6.000000, -1.893333, -2.970000, -8.700000, 3.390000, 237.250000, 4.125000, 2.625000
4421, 2.360000, -2.100000, -16.900000, 1.914444, -7.881111, -0.028889, 1.430000, -0.280000, 9.690000, 237.125000, 8.375000, 1.625000, 2.240000, -2.790000, -15.990000, 2.946667, -6.380000, -4.511111, -1.860000, -8.680000, 4.150000, 237.062500, 11.875000, 0.750000
4442, 6.030000, -8.030000, -24.510000, 1.522222, -5.081111, -0.484444, 2.480000, 0.020000, 9.480000, 237.187500, 14.625000, -0.125000, 6.900000, 13.890000, -17.940001, 3.298889, -3.077778, -4.387778, -0.760000, -8.510000, 4.800000, 237.687500, 16.187500, -1.125000
4462, 14.330000, 1.640000, -48.119999, 1.004444, 0.662222, -1.447778, 2.670000, 0.310000, 9.420000, 238.375000, 15.812500, -1.875000, 10.770000, 19.730000, -24.440001, 3.457778, 1.265556, -2.068889, -0.340000, -8.210000, 5.330000, 239.250000, 13.000000, -1.937500
4483, 5.000000, 2.710000, -40.410000, -1.538889, 8.645833, -1.575556, 1.400000, 0.210000, 9.700000, 240.062500, 8.187500, -1.250000, 5.040000, 30.120001, -16.990000, 1.228889, 6.825555, 1.541111, -0.990000, -7.990000, 5.590000, 240.875000, 1.562500, 0.000000
4501, -8.662500, -2.510000, -44.320000, -3.302222, 15.575556, -1.324444, -1.160000, -0.310000, 9.730000, 241.625000, -6.812500, 1.812500, -6.420000, 17.559999, -8.590000, -4.587778, 7.431111, 5.398889, -2.480000, -8.140000, 4.860000, 242.375000, -16.750000, 4.062500
4522, -25.080000, -2.550000, -19.760000, -3.332222, 19.333334, -0.926667, -4.470000, -0.990000, 8.660000, 243.000000, -27.125000, 6.500000, -12.530000, 10.920000, -2.390000, -6.326667, 4.337778, 7.696667, -4.000000, -8.200000, 3.560000, 243.312500, -36.937500, 8.562500
4542, -30.260000, 8.340000, 14.180000, -1.253333, 15.376667, 0.774444, -6.970000, -1.200000, 6.790000, 243.187500, -45.250000, 10.062500, -21.770000, -3.200000, 7.440000, -5.548889, 2.655555, 10.410000, -5.650000, -7.630000, 2.420000, 242.437500, -51.937500, 11.125000
4563, -27.350000, 12.990000, 23.389999, -2.322222, 9.267777, 2.658889, -8.240000, -1.090000, 5.200000, 240.750000, -57.187500, 11.812500, -16.680000, -15.340000, 15.420000, -4.132222, 1.141111, 9.031111, -7.020000, -6.630000, 1.640000, 238.437500, -60.500000, 11.500000
4583, -30.650000, -4.490000, 34.400002, -1.904444, 0.793333, 3.008889, -8.590000, -0.800000, 4.640000, 236.250000, -61.250000, 9.812500, -12.580000, -32.910000, 15.060000, -2.937778, -1.005556, 5.020000, -7.740000, -5.870000, 1.330000, 234.187500, -59.375000, 7.437500
4602, -27.170000, -12.290000, 32.810001, -1.304444, -7.641111, 2.303333, -8.070000, -0.530000, 5.540000, 232.375000, -55.375000, 5.500000, -11.890000, -30.070000, 10.970000, -0.504444, -2.948889, -1.150000, -7.730000, -5.830000, 1.550000, 231.125000, -49.750000, 4.187500
4622, -26.889999, -15.450000, 18.930000, -0.170000, -12.851111, 0.682222, -6.660000, -0.420000, 7.180000, 230.500000, -42.750000, 3.375000, -8.880000, -15.310000, -3.740000, 0.887778, -4.910000, -5.654444, -7.010000, -6.460000, 2.270000, 230.500000, -34.875000, 2.750000
4643, -23.549999, -10.020000, -0.970000, 1.292222, -15.831111, -0.730000, -4.340000, -0.320000, 8.780000, 230.937500, -26.250000, 2.062500, -8.230000, -8.980000, -7.390000, 1.474444, -4.536667, -7.524445, -5.830000, -7.270000, 3.030000, 231.500000, -17.500000, 1.250000
4663, -17.410000, -10.770000, -13.500000, 1.833333, -15.423333, -1.133333, -1.550000, -0.060000, 9.680000, 232.187500, -9.062500, 0.375000, -7.490000, -4.520000, -7.340000, 1.945556, -3.587778, -8.175555, -4.410000, -7.950000, 3.660000, 233.062500, -1.500000, -0.625000
4681, -7.180000, -8.410000, -21.530001, 2.167778, -12.075556, -2.032222, 0.850000, 0.310000, 9.760000, 234.250000, 5.000000, -1.812500, -6.050000, 1.480000, -9.100000, 2.963333, -2.842222, -8.370000, -2.890000, -8.320000, 4.290000, 235.562500, 10.500000, -3.250000
4702, -4.240000, -5.930000, -20.740000, 2.317778, -8.618889, -2.620000, 2.550000, 0.810000, 9.430000, 237.000000, 15.062500, -4.937500, -4.500000, 9.470000, -10.570000, 4.231111, -2.142222, -7.757778, -1.420000, -8.300000, 5.010000, 238.500000, 18.812500, -6.812500
4722, 2.340000, -0.710000, -30.780001, 2.124444, -5.593333, -2.795556, 3.620000, 1.370000, 9.000000, 240.000000, 21.625000, -8.687500, 1.030000, 20.020000, -14.450000, 5.086667, -1.136667, -5.245555, -0.350000, -7.900000, 5.790000, 241.625000, 23.250000, -10.250000
4743, 4.290000, 9.230000, -32.869999, 0.672222, -0.898889, -2.665555, 3.900000, 1.760000, 8.632500, 243.000000, 23.437500, -11.312500, 6.650000, 30.129999, -17.740000, 4.795556, 1.097778, -1.796667, 0.000000, -7.320000, 6.520000, 244.000000, 22.250000, -11.375000
4761, -0.300000, 6.110000, -26.049999, -1.736667, 4.363333, -1.310000, 3.310000, 1.690000, 9.070000, 244.687500, 19.750000, -10.562500, 1.170000, 17.740000, -13.890000, -0.243333, 4.278889, 1.420000, -0.560000, -7.190000, 6.630000, 245.187500, 16.500000, -9.187500
4782, 0.210000, 7.290000, -30.440001, -3.245556, 7.953333, -0.614444, 2.070000, 1.220000, 9.500000, 245.437500, 12.187500, -7.312500, -2.000000, 12.530000, -9.380000, -2.606667, 6.667778, 2.682222, -1.640000, -7.390000, 6.220000, 245.500000, 6.375000, -5.187500
4802, -8.290000, -9.870000, -27.770000, -3.655555, 13.012222, -0.530000, -0.110000, 0.540000, 9.790000, 245.562500, -0.625000, -3.187500, -5.170000, 6.030000, -2.150000, -3.795556, 6.105556, 3.590000, -2.840000, -7.650000, 5.420000, 245.812500, -8.625000, -1.750000
4823, -15.080000, -13.120000, -19.010000, -1.195556, 16.478889, -1.211111, -3.000000, 0.160000, 9.330000, 246.312500, -17.812500, -1.000000, -5.910000, -1.070000, -0.440000, -2.848889, 4.907778, 5.301111, -4.040000, -7.640000, 4.620000, 247.125000, -26.875000, -0.750000
4843, -20.139999, -11.140000, 2.060000, 1.394444, 15.712222, -2.152222, -5.680000, 0.120000, 7.980000, 248.500000, -34.687500, -0.875000, -2.390000, -4.620000, -3.230000, -0.678889, 3.328889, 6.520000, -5.240000, -7.180000, 4.120000, 248.500000, -34.687500, -0.875000
4862, -22.730000, -5.670000, 18.430000, 1.884444, 12.375556, -2.937778, -7.500000, 0.020000, 6.300000, 252.125000, -49.937500, -0.250000, -2.060000, -11.400000, -4.170000, 0.071111, 2.653333, 5.898889, -6.260000, -6.500000, 3.820000, 254.375000, -55.312500, 1.187500
4882, -30.900000, -3.730000, 33.939999, 1.316667, 5.666667, -3.291111, -8.340000, -0.300000, 5.130000, 256.625000, -58.312500, 3.437500, -4.720000, -18.990000, 0.410000, -0.895556, 2.981111, 3.242222, -6.920000, -6.050000, 3.390000, 258.750000, -57.375000, 5.000000
4903, -31.420000, 1.860000, 33.090000, 1.933333, -8.430000, -2.344445, -7.800000, -0.540000, 5.910000, 260.375000, -52.687500, 5.187500, -16.150000, -32.939999, 20.110001, -1.283333, 3.097778, -1.102222, -7.130000, -6.100000, 2.810000, 261.562500, -46.125000, 4.437500
4923, -29.080000, -5.870000, 14.560000, 2.733333, -13.757778, -1.328889, -6.120000, -0.420000, 7.650000, 262.687500, -38.562500, 3.187500, -20.940001, -22.070000, 17.400000, 2.154444, -0.762222, -6.897778, -6.470000, -6.770000, 2.870000, 263.750000, -30.687500, 1.562500
4942, -17.670000, 7.840000, -11.640000, 3.613333, -14.273334, -1.032222, -3.820000, 0.020000, 9.020000, 264.750000, -22.937500, -0.125000, -16.000000, 8.920000, -5.240000, 5.365556, -3.222222, -8.682222, -5.140000, -7.410000, 3.840000, 264.750000, -22.937500, -0.125000
4962, -3.730000, 22.570000, -26.660000, 0.497778, -11.223333, 0.210000, -1.630000, 0.290000, 9.660000, 265.437500, -9.562500, -1.750000, -3.730000, 27.219999, -8.200000, 4.314445, -1.545556, -6.817778, -3.890000, -7.650000, 4.730000, 264.937500, -4.875000, -0.937500
4983, 1.330000, 6.530000, -18.760000, -1.747778, -6.807778, 0.767778, -0.200000, 0.010000, 9.800000, 264.500000, -1.187500, -0.062500, -1.670000, 6.900000, 1.300000, -0.157778, -0.058889, -2.600000, -3.340000, -7.810000, 4.880000, 264.125000, 1.500000, 0.625000
5003, 2.380000, 4.020000, -14.560000, -0.874444, -3.424444, 0.620000, 0.580000, -0.200000, 9.780000, 263.812500, 3.375000, 1.125000, -3.530000, 9.730000, 7.790000, -0.268889, -0.234444, -2.141111, -3.020000, -7.990000, 4.810000, 263.500000, 4.500000, 1.312500
5021, 3.260000, 8.690000, -10.960000, 0.092222, -1.117778, 0.860000, 0.880000, -0.220000, 9.760000, 263.000000, 5.125000, 1.250000, -1.390000, 10.010000, 4.250000, 0.464444, -1.296667, -0.788889, -2.730000, -8.020000, 4.930000, 262.312500, 5.250000, 1.250000
5042, 3.370000, 4.080000, -10.900000, 0.086667, 0.627778, 1.385556, 0.830000, -0.220000, 9.760000, 261.562500, 4.875000, 1.312500, 2.450000, 5.080000, -2.700000, 0.331111, -1.593333, 0.390000, -2.600000, -7.970000, 5.070000, 261.562500, 4.875000, 1.312500
5062, 0.900000, -2.230000, -2.130000, -0.028889, 1.487778, 1.173333, 0.570000, -0.240000, 9.780000, 260.187500, 3.312500, 1.437500, 3.360000, 2.470000, -4.140000, -0.091111, -1.162222, 0.781111, -2.590000, -7.940000, 5.130000, 259.687500, 2.687500, 1.500000
5083, -0.020000, -1.090000, 1.970000, -0.211111, 0.654444, 0.817778, 0.390000, -0.280000, 9.790000, 259.250000, 2.312500, 1.625000, 1.500000, -1.650000, -2.940000, -0.543333, -0.514444, 0.677778, -2.630000, -7.940000, 5.100000, 258.875000, 2.125000, 1.812500
5101, 0.460000, -2.910000, 0.350000, -0.374444, 0.103333, 0.613333, 0.350000, -0.350000, 9.790000, 258.562500, 2.062500, 2.062500, 0.270000, -2.390000, -1.750000, -0.560000, -0.251111, 0.291111, -2.660000, -7.980000, 5.020000, 258.562500, 2.062500, 2.062500
5122, 0.150000, -3.540000, 1.070000, -0.281111, 0.087778, 0.485556, 0.330000, -0.410000, 9.790000, 257.937500, 1.937500, 2.437500, -0.500000, -2.490000, -0.890000, -0.241111, -0.233333, 0.142222, -2.660000, -8.000000, 4.990000, 257.812500, 1.937500, 2.375000
5142, 0.740000, -2.720000, -0.670000, 0.218889, 0.116667, 0.103333, 0.320000, -0.380000, 9.790000, 257.750000, 1.875000, 2.250000, 0.290000, -1.000000, -2.330000, 0.081111, -0.254444, 0.058889, -2.650000, -8.000000, 5.000000, 257.750000, 1.875000, 2.250000
5163, -0.060000, -0.820000, 1.260000, 0.181111, 0.262222, -0.015556, 0.270000, -0.350000, 9.790000, 257.750000, 1.562500, 2.062500, 0.030000, -0.560000, -1.560000, 0.050000, 0.043333, 0.006667, -2.650000, -7.990000, 5.020000, 257.812500, 1.437500, 2.000000
5183, 0.010000, -0.560000, 0.560000, -0.015556, 0.071111, -0.098889, 0.240000, -0.340000, 9.790000, 257.875000, 1.375000, 2.000000, -0.880000, -0.360000, 0.150000, 0.016667, 0.184444, -0.067778, -2.660000, -7.990000, 5.010000, 257.937500, 1.312500, 2.000000
5202, -0.210000, 0.190000, 0.520000, 0.138889, -0.112222, -0.120000, 0.240000, -0.330000, 9.790000, 258.000000, 1.375000, 1.937500, -1.120000, -0.290000, 0.420000, 0.142222, 0.032222, -0.096667, -2.650000, -7.990000, 5.020000, 258.000000, 1.375000, 1.937500
5222, -0.300000, 0.620000, 0.100000, 0.267778, -0.178889, -0.046667, 0.270000, -0.290000, 9.790000, 258.062500, 1.562500, 1.687500, -0.760000, 0.850000, -0.050000, 0.284444, -0.098889, -0.146667, -2.630000, -7.970000, 5.060000, 258.062500, 1.687500, 1.562500
5243, 0.420000, 1.610000, -1.780000, 0.272222, -0.165556, -0.044444, 0.300000, -0.240000, 9.790000, 258.125000, 1.750000, 1.437500, -0.720000, 1.470000, -0.640000, 0.212222, -0.086667, -0.168889, -2.590000, -7.950000, 5.110000, 258.125000, 1.750000, 1.437500
5263, 0.310000, 0.550000, -1.010000, 0.122222, 0.140000, 0.018889, 0.270000, -0.220000, 9.800000, 258.062500, 1.625000, 1.312500, -0.860000, 0.860000, 0.340000, 0.065556, -0.007778, 0.016667, -2.580000, -7.940000, 5.120000, 258.062500, 1.500000, 1.250000
5282, -0.140000, 1.160000, 0.790000, 0.125556, 0.272222, 0.028889, 0.230000, -0.200000, 9.800000, 258.062500, 1.312500, 1.187500, -0.480000, 0.260000, -0.270000, 0.126667, -0.082222, 0.132222, -2.590000, -7.930000, 5.140000, 258.000000, 1.187500, 1.062500
5302, 0.000000, 0.540000, 0.340000, 0.090000, -0.008889, 0.101111, 0.210000, -0.180000, 9.800000, 257.937500, 1.187500, 1.062500, -0.430000, 0.150000, -0.200000, 0.074444, -0.078889, 0.057778, -2.600000, -7.910000, 5.160000, 257.937500, 1.187500, 1.062500
5322, 0.050000, 0.800000, 0.660000, 0.062222, -0.013333, 0.058889, 0.210000, -0.160000, 9.800000, 257.875000, 1.187500, 0.937500, -0.670000, 0.360000, 0.100000, 0.021111, -0.088889, 0.032222, -2.590000, -7.910000, 5.170000, 257.812500, 1.250000, 0.937500
5343, 0.290000, -0.110000, 0.120000, 0.064444, -0.118889, 0.105556, 0.220000, -0.150000, 9.800000, 257.812500, 1.312500, 0.875000, -0.830000, -0.800000, 0.210000, 0.000000, -0.131111, 0.097778, -2.600000, -7.910000, 5.170000, 257.812500, 1.312500, 0.875000
5361, 0.550000, 0.280000, -0.040000, 0.117778, -0.101111, 0.074444, 0.240000, -0.130000, 9.800000, 257.687500, 1.437500, 0.750000, -0.250000, -0.170000, -0.580000, 0.071111, -0.161111, 0.044444, -2.590000, -7.900000, 5.190000, 257.625000, 1.437500, 0.750000
5382, 0.590000, -0.250000, -0.290000, 0.068889, 0.010000, 0.072222, 0.250000, -0.120000, 9.800000, 257.625000, 1.437500, 0.687500, -0.260000, -0.330000, -0.430000, 0.027778, -0.055556, 0.052222, -2.590000, -7.890000, 5.200000, 257.562500, 1.375000, 0.687500
5402, -0.190000, -0.010000, 1.900000, 0.037778, 0.117778, 0.002222, 0.230000, -0.110000, 9.800000, 257.562500, 1.312500, 0.625000, -0.480000, -0.340000, -0.090000, 0.055556, -0.030000, 0.036667, -2.590000, -7.880000, 5.210000, 257.562500, 1.312500, 0.625000
5423, 0.220000, 0.070000, 0.190000, 0.062222, -0.127778, 0.003333, 0.240000, -0.100000, 9.800000, 257.562500, 1.375000, 0.562500, -0.610000, 0.170000, 0.040000, 0.052222, -0.086667, -0.057778, -2.580000, -7.880000, 5.220000, 257.562500, 1.437500, 0.562500
5441, 0.190000, 0.430000, 0.310000, 0.044444, -0.131111, -0.033712, 0.260000, -0.090000, 9.800000, 257.625000, 1.562500, 0.500000, -0.620000, 0.010000, -0.230000, 0.042222, -0.104444, -0.073333, -2.560000, -7.880000, 5.230000, 257.625000, 1.562500, 0.500000
5462, 0.300000, 0.530000, -0.120000, 0.033712, -0.183333, -0.030000, 0.300000, -0.080000, 9.800000, 257.625000, 1.750000, 0.500000, -0.800000, 0.270000, -0.020000, 0.008889, -0.030000, -0.098889, -2.540000, -7.880000, 5.240000, 257.625000, 1.812500, 0.500000
5482, 0.460000, 0.290000, -0.840000, 0.004444, -0.164444, 0.013333, 0.330000, -0.080000, 9.800000, 257.625000, 1.937500, 0.500000, -0.700000, 0.090000, -0.230000, 0.004444, -0.060000, -0.037778, -2.530000, -7.890000, 5.240000, 257.625000, 1.937500, 0.437500
5503, -0.070000, 0.670000, 0.740000, -0.005556, 0.041111, 0.033333, 0.330000, -0.080000, 9.800000, 257.625000, 1.937500, 0.437500, -0.590000, 0.290000, -0.480000, 0.014444, -0.007778, -0.008889, -2.520000, -7.880000, 5.240000, 257.625000, 1.937500, 0.500000
5523, 0.240000, 0.120000, -0.390000, -0.031111, -0.015556, 0.061111, 0.330000, -0.090000, 9.800000, 257.562500, 1.937500, 0.500000, -0.880000, -0.020000, 0.290000, 0.011111, -0.067778, -0.050000, -2.510000, -7.880000, 5.250000, 257.562500, 1.937500, 0.500000
5542, -0.070000, 0.280000, 0.790000, -0.004444, 0.033712, 0.026667, 0.330000, -0.090000, 9.800000, 257.562500, 1.937500, 0.500000, -0.460000, -0.070000, -0.420000, 0.051111, -0.094444, -0.065556, -2.490000, -7.880000, 5.260000, 257.562500, 1.937500, 0.500000
5562, 0.300000, 0.240000, -0.150000, 0.006667, -0.091111, 0.037778, 0.340000, -0.090000, 9.800000, 257.500000, 1.937500, 0.500000, -0.550000, 0.270000, -0.070000, 0.001111, -0.120000, -0.108889, -2.510000, -7.880000, 5.260000, 257.500000, 2.000000, 0.500000
5583, 0.610000, 0.050000, -0.950000, 0.014444, -0.115556, 0.003333, 0.360000, -0.090000, 9.790000, 257.500000, 2.062500, 0.500000, -0.410000, 0.350000, -0.250000, 0.006667, -0.086667, 0.005556, -2.490000, -7.880000, 5.260000, 257.500000, 2.125000, 0.500000
5603, 0.360000, 0.110000, -0.150000, 0.074444, -0.003333, -0.021111, 0.360000, -0.080000, 9.790000, 257.625000, 2.125000, 0.437500, -0.330000, 0.300000, -0.360000, 0.018889, -0.093333, 0.075556, -2.490000, -7.880000, 5.270000, 257.625000, 2.125000, 0.375000
5621, 0.310000, 0.000000, -0.080000, 0.086667, 0.007778, -0.038889, 0.360000, -0.060000, 9.790000, 257.687500, 2.125000, 0.312500, 0.010000, 0.150000, -0.360000, -0.010000, -0.095556, 0.007778, -2.490000, -7.870000, 5.280000, 257.687500, 2.125000, 0.312500
5642, 0.250000, 0.340000, 0.310000, -0.021111, -0.021111, -0.118889, 0.360000, -0.060000, 9.790000, 257.750000, 2.125000, 0.312500, 0.040000, 0.150000, -0.490000, -0.070000, -0.038889, -0.060000, -2.470000, -7.880000, 5.270000, 257.750000, 2.125000, 0.312500
5662, 0.350000, 0.420000, 0.000000, -0.017778, -0.135556, -0.106667, 0.380000, -0.060000, 9.790000, 257.812500, 2.250000, 0.375000, -0.590000, 0.210000, 0.170000, -0.033333, -0.065556, -0.023333, -2.460000, -7.890000, 5.270000, 257.812500, 2.312500, 0.375000
5683, 0.190000, 0.740000, 0.390000, -0.015556, -0.151111, -0.035556, 0.410000, -0.060000, 9.790000, 257.875000, 2.375000, 0.375000, -0.600000, 0.160000, -0.230000, -0.022222, -0.103333, -0.006667, -2.450000, -7.890000, 5.270000, 257.875000, 2.500000, 0.375000
5701, 0.300000, 0.660000, -0.150000, -0.073333, -0.173333, 0.035556, 0.440000, -0.070000, 9.790000, 257.812500, 2.625000, 0.437500, -0.750000, 0.330000, -0.280000, -0.085556, -0.074444, 0.012222, -2.440000, -7.900000, 5.260000, 257.812500, 2.625000, 0.437500
5722, 0.320000, -0.630000, -0.580000, -0.107778, -0.134848, 0.082222, 0.480000, -0.080000, 9.790000, 257.750000, 2.812500, 0.437500, -0.790000, -0.410000, -0.050000, -0.046667, -0.040000, 0.043333, -2.450000, -7.900000, 5.250000, 257.687500, 2.812500, 0.500000
5742, 0.140000, -0.080000, 0.260000, 0.000000, 0.036667, -0.011111, 0.480000, -0.080000, 9.790000, 257.687500, 2.812500, 0.500000, -0.660000, -0.270000, -0.150000, 0.063333, -0.035556, 0.026667, -2.450000, -7.900000, 5.260000, 257.750000, 2.812500, 0.437500
5763, 0.170000, 0.800000, -0.050000, 0.081111, 0.048889, -0.064444, 0.470000, -0.070000, 9.790000, 257.812500, 2.750000, 0.437500, -0.570000, 0.040000, -0.230000, 0.081111, -0.027778, -0.011111, -2.440000, -7.890000, 5.270000, 257.875000, 2.750000, 0.375000
5781, -0.250000, 0.670000, 0.960000, 0.025556, 0.033333, -0.027778, 0.460000, -0.060000, 9.790000, 257.875000, 2.687500, 0.375000, -0.560000, 0.040000, -0.350000, 0.008889, -0.010000, -0.068889, -2.430000, -7.890000, 5.280000, 257.875000, 2.750000, 0.375000
5802, 0.310000, 0.110000, -0.410000, -0.037778, -0.126667, 0.033333, 0.480000, -0.070000, 9.790000, 257.812500, 2.812500, 0.375000, -0.760000, 0.270000, 0.020000, -0.013333, -0.043333, -0.121111, -2.410000, -7.890000, 5.280000, 257.812500, 2.875000, 0.437500
5822, 0.460000, 0.390000, -0.810000, -0.032222, -0.064444, -0.002222, 0.500000, -0.070000, 9.790000, 257.812500, 2.875000, 0.437500, -0.390000, 0.480000, -0.410000, -0.020000, -0.004444, -0.025556, -2.400000, -7.900000, 5.280000, 257.812500, 2.875000, 0.437500
5843, 0.440000, 0.460000, -0.350000, -0.020000, 0.020000, -0.033333, 0.500000, -0.080000, 9.790000, 257.875000, 2.875000, 0.437500, -0.430000, 0.550000, 0.040000, -0.043333, 0.012222, 0.021111, -2.410000, -7.900000, 5.270000, 257.875000, 2.875000, 0.437500
5863, 0.280000, 0.020000, 0.160000, -0.024444, 0.050000, -0.047778, 0.490000, -0.080000, 9.790000, 257.937500, 2.875000, 0.500000, -0.230000, 0.160000, -0.240000, -0.043333, 0.004444, 0.014444, -2.430000, -7.900000, 5.260000, 258.000000, 2.812500, 0.500000
5882, 0.550000, 0.710000, -0.520000, 0.027778, -0.006667, -0.096667, 0.480000, -0.080000, 9.790000, 258.000000, 2.812500, 0.437500, -0.490000, 0.220000, 0.050000, -0.022222, 0.002222, 0.037778, -2.430000, -7.900000, 5.260000, 258.062500, 2.812500, 0.437500
5902, 0.190000, 0.150000, 0.180000, 0.045556, 0.037778, -0.031111, 0.510000, -0.050000, 9.790000, 258.062500, 2.937500, 0.250000, -0.420000, 0.000000, -0.340000, 0.033333, -0.033333, 0.082222, -2.470000, -7.900000, 5.250000, 258.125000, 3.000000, 0.125000
5923, 0.170000, 0.440000, -0.070000, 0.021111, -0.001111, -0.011111, 0.510000, -0.020000, 9.790000, 258.125000, 3.000000, 0.125000, -0.380000, -0.010000, -0.180000, 0.004444, 0.020000, 0.020000, -2.530000, -7.900000, 5.220000, 258.125000, 3.000000, 0.125000
5943, 0.030000, 0.370000, 0.390000, -0.065556, -0.026667, -0.018889, 0.520000, -0.030000, 9.790000, 258.125000, 3.000000, 0.187500, -0.520000, 0.070000, 0.010000, -0.040000, 0.025556, -0.024444, -2.550000, -7.900000, 5.210000, 258.125000, 3.062500, 0.187500
5961, 0.220000, 0.320000, -0.190000, -0.033333, -0.062222, 0.008889, 0.530000, -0.040000, 9.790000, 258.125000, 3.062500, 0.250000, -0.610000, 0.250000, 0.170000, -0.003333, -0.045556, 0.002222, -2.550000, -7.900000, 5.210000, 258.125000, 3.125000, 0.250000
5982, 0.310000, 0.230000, -0.350000, 0.015556, 0.013333, 0.044444, 0.530000, -0.040000, 9.790000, 258.125000, 3.125000, 0.250000, -0.440000, 0.170000, -0.040000, 0.021111, -0.060000, 0.028889, -2.580000, -7.880000, 5.220000, 258.062500, 3.062500, 0.187500
6002, 0.000000, -0.020000, 0.540000, 0.032222, 0.022222, 0.051111, 0.520000, -0.030000, 9.790000, 258.062500, 3.062500, 0.187500, -0.230000, -0.220000, -0.240000, 0.032222, -0.053333, 0.033333, -2.610000, -7.880000, 5.210000, 258.000000, 3.062500, 0.187500
6023, 0.330000, 0.320000, -0.330000, 0.052222, -0.088889, 0.007778, 0.540000, -0.020000, 9.790000, 258.000000, 3.125000, 0.125000, -0.320000, 0.120000, -0.020000, 0.027778, -0.040000, -0.013333, -2.620000, -7.870000, 5.210000, 258.000000, 3.187500, 0.125000
6041, 0.310000, 0.520000, -0.220000, 0.003333, -0.062222, -0.007778, 0.550000, -0.020000, 9.790000, 258.000000, 3.187500, 0.125000, -0.270000, 0.150000, -0.250000, -0.018889, -0.002222, -0.005556, -2.650000, -7.870000, 5.200000, 258.062500, 3.250000, 0.125000
6062, 0.120000, -0.060000, 0.250000, -0.035556, 0.020000, 0.040000, 0.550000, -0.030000, 9.790000, 258.062500, 3.187500, 0.125000, -0.350000, 0.190000, 0.050000, -0.016667, -0.018889, 0.017778, -2.670000, -7.870000, 5.190000, 258.000000, 3.187500, 0.187500
6082, 0.270000, 0.130000, -0.040000, -0.018889, 0.017778, 0.045556, 0.540000, -0.030000, 9.790000, 258.000000, 3.187500, 0.187500, -0.300000, -0.130000, 0.070000, 0.015556, -0.028889, 0.015556, -2.690000, -7.860000, 5.190000, 257.937500, 3.187500, 0.187500
6103, 0.000000, 0.370000, 0.520000, 0.043333, 0.002222, 0.033333, 0.540000, -0.030000, 9.790000, 258.000000, 3.187500, 0.187500, -0.220000, 0.200000, -0.090000, 0.024444, -0.056667, -0.001111, -2.680000, -7.860000, 5.200000, 258.000000, 3.187500, 0.125000
