0, 0.190000, -0.040000, -0.270000, 0.017778, 0.097778, -0.037778, 2.480000, -0.530000, 9.470000, 236.000000, 14.625000, 3.187500, 0.110000, 0.200000, -0.510000, 0.043333, 0.052222, 0.051111, -0.900000, -9.060000, 3.630000, 236.000000, 14.625000, 3.187500
16, 0.360000, 0.170000, -0.410000, 0.011111, 0.080000, -0.084444, 2.470000, -0.530000, 9.470000, 236.062500, 14.562500, 3.187500, -0.010000, 0.340000, 0.030000, 0.040000, 0.077778, 0.043333, -0.900000, -9.060000, 3.640000, 236.062500, 14.562500, 3.187500
33, 0.500000, 0.520000, 0.120000, 0.021111, 0.138889, -0.074444, 2.450000, -0.520000, 9.470000, 236.125000, 14.437500, 3.125000, 0.000000, 0.260000, 0.410000, 0.024444, 0.073333, 0.121111, -0.920000, -9.050000, 3.640000, 236.187500, 14.375000, 3.125000
53, 0.530000, 0.680000, 0.710000, 0.045556, 0.113333, -0.051111, 2.430000, -0.510000, 9.480000, 235.812500, 14.312500, 3.062500, -0.220000, -0.550000, 1.100000, 0.014444, 0.054444, 0.198889, -0.960000, -9.050000, 3.640000, 235.875000, 14.250000, 3.062500
68, 0.650000, 0.900000, 0.710000, 0.032222, 0.124444, -0.073333, 2.410000, -0.500000, 9.490000, 235.937500, 14.187500, 3.000000, -0.370000, -0.520000, 1.660000, 0.011111, 0.062222, 0.192222, -0.980000, -9.050000, 3.640000, 235.937500, 14.187500, 3.000000
86, 0.300000, 2.370000, 2.490000, -0.002222, 0.095556, -0.046667, 2.400000, -0.500000, 9.490000, 235.937500, 14.125000, 3.000000, -0.830000, -0.900000, 2.840000, -0.052222, -0.010000, 0.177778, -1.020000, -9.050000, 3.630000, 235.937500, 14.125000, 3.000000
105, 0.170000, 3.110000, 2.890000, -0.046667, -0.096667, 0.047778, 2.410000, -0.510000, 9.490000, 235.562500, 14.187500, 3.062500, -1.150000, -1.100000, 3.530000, -0.134848, -0.110000, 0.098889, -1.030000, -9.050000, 3.620000, 235.500000, 14.312500, 3.125000
121, -0.470000, 3.880000, 4.250000, -0.090000, -0.393333, 0.262222, 2.460000, -0.530000, 9.470000, 235.375000, 14.500000, 3.187500, -1.280000, -1.240000, 4.050000, -0.261111, -0.342222, -0.101111, -1.000000, -9.070000, 3.580000, 235.125000, 14.875000, 3.312500
139, -0.440000, 3.850000, 4.000000, -0.141111, -0.852222, 0.538889, 2.590000, -0.570000, 9.430000, 234.812500, 15.312500, 3.500000, -1.150000, -1.230000, 3.570000, -0.373333, -0.616667, -0.402222, -0.910000, -9.100000, 3.530000, 234.812500, 15.312500, 3.500000
160, -0.210000, 3.370000, 1.840000, -0.167778, -1.122222, 0.762222, 2.770000, -0.640000, 9.380000, 233.750000, 16.437500, 3.875000, -1.220000, -0.030000, 2.650000, -0.510000, -0.818889, -0.601111, -0.760000, -9.140000, 3.460000, 233.250000, 17.062500, 4.187500
180, -0.630000, 3.200000, 1.400000, -0.163333, -1.307778, 1.146667, 2.980000, -0.730000, 9.310000, 232.625000, 17.687500, 4.437500, -1.130000, 0.540000, 1.790000, -0.588889, -0.984444, -0.643333, -0.580000, -9.180000, 3.370000, 232.625000, 17.687500, 4.437500
201, -1.390000, 0.510000, 1.620000, -0.113333, -2.007778, 1.597778, 3.270000, -0.840000, 9.200000, 230.500000, 19.500000, 5.187500, -0.280000, 0.500000, -0.590000, -0.636667, -1.392222, -0.682222, -0.360000, -9.230000, 3.280000, 229.500000, 20.625000, 5.625000
221, -0.100000, -3.730000, -2.600000, 0.105556, -2.218889, 1.625556, 3.630000, -0.940000, 9.050000, 228.562500, 21.750000, 5.937500, 1.050000, 1.110000, -3.760000, -0.200000, -1.697778, -0.545556, -0.180000, -9.230000, 3.290000, 228.562500, 21.750000, 5.937500
240, 1.120000, -7.360000, -7.400000, 0.412222, -1.695556, 0.895556, 3.930000, -0.960000, 8.920000, 227.187500, 23.625000, 6.125000, 3.360000, 3.010000, -8.642500, 0.390000, -0.754444, 0.082222, -0.120000, -9.210000, 3.360000, 226.437500, 24.375000, 6.125000
260, 0.550000, -6.680000, -8.280000, -0.058889, -1.033333, 0.091111, 4.130000, -0.960000, 8.642500, 226.312500, 24.937500, 6.250000, 2.950000, 4.910000, -10.480000, 0.195556, -0.236667, 0.282222, -0.190000, -9.200000, 3.360000, 226.437500, 25.187500, 6.437500
281, 0.500000, -4.940000, -12.720000, -0.993333, 0.304444, -0.403333, 4.150000, -1.070000, 8.810000, 226.812500, 25.062500, 6.875000, 1.580000, 4.730000, -9.830000, -0.458889, 0.781111, 0.743333, -0.400000, -9.230000, 3.260000, 226.812500, 25.062500, 6.875000
301, -0.260000, -8.220000, -14.340000, -1.614444, 2.750000, -1.170000, 3.820000, -1.250000, 8.940000, 228.187500, 22.937500, 7.937500, 1.410000, 2.890000, -14.220000, -0.908889, 1.813333, 1.203333, -0.770000, -9.280000, 3.070000, 228.187500, 22.937500, 7.937500
320, 0.870000, -12.200000, -23.920000, -2.031111, 7.153333, -2.711111, 2.870000, -1.430000, 9.260000, 231.437500, 17.000000, 8.750000, 0.950000, 1.400000, -16.209999, -0.495556, 5.016667, 1.411111, -1.360000, -9.260000, 2.900000, 231.437500, 17.000000, 8.750000
340, -7.900000, -17.230000, -23.639999, -2.424444, 12.476666, -4.820000, 0.970000, -1.710000, 9.600000, 237.375000, 5.687500, 10.062500, -1.320000, 5.730000, -8.760000, -0.194444, 7.361111, 1.766667, -2.100000, -9.210000, 2.590000, 241.062500, -1.187500, 11.062500
361, -15.560000, -10.770000, -13.610000, -1.810000, 14.578889, -5.537778, -1.430000, -2.090000, 9.470000, 244.812500, -8.375000, 12.437500, -2.680000, 5.620000, -6.130000, -0.673333, 6.935555, 3.023333, -2.980000, -9.090000, 2.130000, 248.562500, -15.250000, 14.187500
381, -19.370001, -4.250000, 3.810000, -0.991111, 13.027778, -5.161111, -3.570000, -2.550000, 8.760000, 252.187500, -21.312500, 16.250000, -6.240000, 2.400000, -0.310000, -1.196667, 5.652222, 3.951111, -3.860000, -8.682500, 1.580000, 252.187500, -21.312500, 16.250000
399, -17.820000, 3.190000, 10.330000, -0.658889, 9.555555, -4.300000, -4.980000, -3.030000, 7.880000, 258.750000, -30.500000, 21.062500, -9.680000, -1.740000, 4.950000, -1.528889, 4.033333, 4.260000, -4.640000, -8.570000, 1.000000, 261.375000, -33.687500, 23.625000
420, -21.680000, 11.740000, 25.410000, -0.880000, 5.108889, -2.888889, -5.710000, -3.480000, 7.160000, 263.312500, -35.562500, 25.937500, -11.570000, -5.230000, 10.680000, -1.986667, 3.076667, 3.475556, -4.950000, -8.430000, 0.700000, 263.312500, -35.562500, 25.937500
440, -22.490000, 20.620001, 31.980000, -1.377778, -2.477778, -0.263333, -5.530000, -3.760000, 7.160000, 263.875000, -34.312500, 27.687500, -12.960000, -12.210000, 18.660000, -2.722222, 2.351111, 1.693333, -5.360000, -8.200000, -0.230000, 262.500000, -32.562500, 27.625000
461, -14.730000, 6.340000, 16.180000, -1.300000, -5.166667, 1.391111, -4.970000, -3.850000, 7.520000, 260.937500, -30.437500, 27.125000, -13.540000, -12.000000, 21.700001, -1.836667, 0.668889, -0.518889, -5.200000, -8.290000, -0.430000, 259.250000, -27.875000, 26.187500
479, -12.610000, 8.890000, 14.040000, -0.462222, -6.845556, 2.063150, -4.150000, -3.770000, 8.030000, 257.250000, -25.000000, 25.125000, -8.900000, -2.160000, 13.270000, -0.135556, -2.357778, -2.078889, -5.040000, -8.390000, -0.330000, 257.250000, -25.000000, 25.125000
500, -10.730000, 6.420000, 10.260000, -0.723333, -8.307777, 3.192222, -3.100000, -3.690000, 8.530000, 252.062500, -18.437500, 23.312500, -5.340000, -2.080000, 5.810000, -0.293333, -4.188889, -2.267778, -4.490000, -8.710000, 0.140000, 249.250000, -14.812500, 22.562500
520, -9.000000, 1.090000, 5.690000, -0.277778, -9.264444, 3.340000, -1.840000, -3.590000, 8.930000, 246.437500, -10.812500, 21.875000, -1.340000, -4.260000, 1.040000, -0.687778, -4.378889, -2.772222, -4.250000, -8.642500, 0.260000, 246.437500, -10.812500, 21.875000
541, -6.950000, -2.270000, -3.800000, 0.004444, -9.616667, 2.858889, -0.360000, -3.530000, 9.140000, 241.187500, -2.125000, 21.125000, -1.650000, -3.390000, -2.050000, -0.736667, -4.254445, -3.886667, -3.200000, -9.250000, 0.530000, 238.937500, 1.437500, 21.125000
561, -1.860000, -5.330000, -16.490000, -0.192222, -6.096667, 2.252222, 0.700000, -3.560000, 9.100000, 237.125000, 4.062500, 21.375000, -2.400000, 2.020000, -6.160000, -0.851111, -3.964444, -4.707778, -2.330000, -9.500000, 0.590000, 235.562500, 5.875000, 21.750000
580, 0.110000, -5.950000, -11.720000, -0.707778, -3.188889, 2.020000, 1.200000, -3.700000, 9.000000, 234.125000, 7.062500, 22.312500, 0.490000, 3.510000, -10.960000, -0.770000, -3.514444, -4.117778, -1.940000, -9.590000, 0.590000, 234.125000, 7.062500, 22.312500
600, 1.840000, -17.170000, -9.550000, -0.650000, -1.855556, 1.286667, 1.470000, -3.850000, 8.890000, 232.000000, 8.625000, 23.437500, 2.950000, -1.250000, -14.420000, -0.813333, -2.838889, -2.708889, -1.130000, -9.720000, 0.510000, 231.687500, 9.125000, 23.750000
621, 3.010000, -26.920000, -6.750000, 0.045556, -1.094444, -0.855556, 1.680000, -3.880000, 8.652500, 232.000000, 9.875000, 23.687500, 5.890000, -5.240000, -18.889999, 0.347778, -1.572222, -1.856667, -0.950000, -9.740000, 0.560000, 232.000000, 9.875000, 23.687500
641, -1.920000, -23.309999, 0.920000, 1.271111, -2.333333, -3.520000, 2.163125, -3.610000, 8.652500, 234.625000, 13.000000, 22.187500, 5.800000, -5.260000, -20.379999, 2.142222, 0.292222, -1.516667, -0.510000, -9.720000, 1.130000, 236.687500, 15.500000, 20.875000
660, -3.650000, -20.990000, -3.920000, 1.904444, -3.371111, -5.702222, 3.080000, -3.050000, 8.790000, 239.312500, 18.312500, 19.125000, 3.150000, -3.680000, -16.360001, 3.094445, 2.551111, -2.250000, -0.140000, -9.650000, 1.730000, 242.562500, 21.062500, 16.750000
680, -6.070000, -15.930000, -11.170000, 3.020000, -2.694444, -7.985556, 3.930000, -2.100000, 8.720000, 246.375000, 23.625000, 13.562500, -0.390000, 0.210000, -13.060000, 4.237778, 4.242222, -2.867778, 0.040000, -9.570000, 2.110000, 246.375000, 23.625000, 13.562500
700, -8.940000, -6.230000, -17.010000, 3.975556, -0.483333, -9.414444, 4.370000, -0.750000, 8.740000, 255.312500, 26.437500, 4.937500, -6.320000, 9.000000, -6.750000, 5.396667, 5.588889, -3.038889, 0.380000, -9.120000, 3.570000, 259.875000, 26.187500, 0.062500
721, -10.140000, 18.490000, -23.610001, 3.622222, 2.773333, -8.493333, 4.070000, 0.620000, 8.900000, 264.062500, 24.500000, -4.000000, -11.230000, 26.040001, 0.680000, 5.631111, 6.213333, -2.342222, 0.360000, -8.910000, 4.070000, 267.437500, 21.687500, -6.875000
739, -13.130000, 29.770000, -18.110001, 1.288889, 5.304444, -4.982222, 3.110000, 1.360000, 9.190000, 269.812500, 18.437500, -8.375000, -12.790000, 36.630001, 14.490000, 3.346667, 6.144444, 0.076667, -0.450000, -8.530000, 4.800000, 271.000000, 15.312500, -8.375000
760, -14.880000, 37.349998, -7.340000, -2.708889, 5.493333, -0.072222, 2.090000, 1.140000, 9.510000, 271.000000, 12.312500, -6.812500, -14.110000, 11.620000, 15.430000, -2.745556, 3.241111, 3.464444, -1.220000, -8.770000, 4.200000, 270.187500, 9.562500, -4.437500
780, -13.670000, 26.860001, -5.700000, -4.430000, 4.771111, 2.832222, 1.200000, 0.300000, 9.720000, 268.750000, 7.062500, -1.750000, -10.400000, 9.920000, 14.460000, -4.546667, 0.264444, 2.870000, -1.470000, -8.910000, 3.810000, 268.750000, 7.062500, -1.750000
801, -12.340000, 20.799999, 7.770000, -2.974444, 1.598889, 5.126300, 0.750000, -0.400000, 9.760000, 264.062500, 4.375000, 2.312500, -10.680000, 4.290000, 15.520000, -4.657778, -1.473333, 2.752222, -2.040000, -9.190000, 2.720000, 260.625000, 3.687500, 3.937500
819, -8.672500, 15.360000, -2.610000, -2.097778, 1.007778, 7.354445, 0.480000, -0.900000, 9.750000, 256.687500, 2.812500, 5.250000, -10.220000, 4.910000, 12.290000, -3.694444, -4.220000, 2.837778, -2.180000, -9.230000, 2.480000, 256.687500, 2.812500, 5.250000
840, -7.740000, 5.230000, -8.500000, -1.726667, 2.382222, 8.560000, -0.050000, -1.260000, 9.720000, 247.812500, -0.250000, 7.375000, -7.190000, 6.270000, -2.550000, -3.554445, -7.301111, 3.551111, -2.700000, -9.200000, 2.030000, 243.250000, -2.562500, 8.437500
860, -2.250000, -33.240002, 0.900000, -2.195555, 3.368889, 6.987778, -0.850000, -1.600000, 9.630000, 239.500000, -5.000000, 9.437500, 4.420000, -19.840000, -20.540001, -3.400000, -7.167778, 5.162222, -3.340000, -9.010000, 1.900000, 237.437500, -7.062500, 9.875000
881, -0.770000, -37.410000, 13.140000, -0.033333, 2.166458, 1.202222, -1.430000, -1.650000, 9.550000, 236.875000, -8.375000, 9.812500, 7.970000, -30.090000, -28.139999, -0.896667, -3.657778, 3.337778, -3.560000, -8.920000, 1.940000, 236.875000, -8.375000, 9.812500
901, -2.240000, -33.470001, 18.020000, 0.757778, -0.704444, -2.170000, -1.380000, -1.580000, 9.570000, 238.500000, -8.125000, 9.375000, 4.760000, -18.700001, -24.830000, 0.834444, 0.091111, -1.102222, -3.360000, -8.960000, 2.120000, 240.437500, -6.875000, 9.000000
920, -1.800000, -31.490000, 12.570000, 1.377778, -2.338889, -4.780000, -0.890000, -1.450000, 9.650000, 243.000000, -5.187500, 8.500000, 1.790000, -19.690001, -19.690001, 1.188889, 2.810000, -2.808889, -3.180000, -9.020000, 2.130000, 243.000000, -5.187500, 8.500000
940, -4.060000, -22.650000, 6.790000, 2.857778, -3.225556, -6.402222, -0.190000, -1.070000, 9.740000, 249.375000, -1.125000, 6.250000, -3.190000, -10.460000, -10.960000, 2.732222, 4.057778, -4.207778, -2.370000, -9.170000, 2.530000, 253.062500, 1.125000, 4.187500
961, -6.120000, -9.670000, -2.150000, 4.190000, -3.685555, -6.983333, 0.570000, -0.300000, 9.780000, 256.750000, 3.312500, 1.750000, -6.040000, 0.300000, -7.330000, 4.414444, 4.135556, -4.676667, -1.800000, -9.090000, 3.180000, 260.437500, 5.000000, -0.812500
981, -8.540000, 10.310000, -16.309999, 4.292222, -1.936667, -6.670000, 1.020000, 0.590000, 9.730000, 264.000000, 5.937500, -3.500000, -12.950000, 21.780001, 1.220000, 5.360000, 4.343333, -3.896667, -1.610000, -8.980000, 3.570000, 264.000000, 5.937500, -3.500000
999, -11.270000, 37.730000, -14.530000, 1.882222, 0.326667, -2.955555, 0.970000, 1.170000, 9.680000, 268.312500, 5.687500, -6.937500, -16.500000, 26.590000, 28.510000, 3.256667, 4.693333, -1.284444, -1.590000, -8.740000, 4.140000, 268.625000, 5.375000, -6.937500
1020, -13.150000, 38.090000, -3.700000, -1.292222, 0.267778, 1.404444, 0.910000, 1.050000, 9.700000, 267.875000, 5.312500, -6.187500, -14.440000, 15.210000, 27.120001, -1.524444, 1.274444, 1.204444, -1.900000, -8.750000, 3.980000, 267.875000, 5.312500, -6.187500
1040, -11.020000, 31.360001, -2.300000, -2.058889, -0.304444, 4.350000, 1.000000, 0.610000, 9.730000, 264.000000, 5.875000, -3.625000, -9.310000, 8.240000, 19.639999, -2.333333, -1.711111, 1.433333, -2.090000, -8.910000, 3.500000, 261.125000, 6.312500, -2.375000
1061, -7.860000, 18.430000, -3.180000, -1.172222, -0.595556, 6.172222, 1.150000, 0.230000, 9.730000, 257.812500, 6.750000, -1.375000, -7.190000, 7.630000, 11.850000, -2.110000, -3.995556, 1.292222, -2.070000, -8.950000, 3.400000, 254.062500, 7.062500, -0.375000
1079, -6.900000, 14.420000, -6.250000, -1.235556, -0.405556, 7.618889, 1.240000, -0.130000, 9.720000, 249.937500, 7.250000, 0.812500, -5.480000, 9.220000, 1.330000, -2.434444, -5.637778, 1.486667, -1.970000, -9.050000, 3.210000, 249.937500, 7.250000, 0.812500
1100, -8.720000, 6.270000, -5.220000, -1.694444, -0.750000, 8.676945, 1.310000, -0.630000, 9.690000, 240.750000, 7.687500, 3.750000, -5.120000, 8.950000, -5.070000, -3.704444, -6.700000, 2.137778, -1.940000, -9.170000, 2.870000, 235.687500, 7.312500, 5.500000
1120, -8.540000, -2.080000, -10.480000, -2.137778, 0.647778, 9.608889, 1.090000, -1.240000, 9.660000, 230.562500, 6.375000, 7.312500, -1.490000, 2.400000, -12.980000, -4.907778, -7.143333, 3.220000, -2.100000, -9.290000, 2.320000, 230.562500, 6.375000, 7.312500
1141, -2.740000, -34.799999, -1.180000, -2.453333, 0.934444, 6.641111, 0.660000, -1.830000, 9.610000, 222.250000, 3.875000, 10.750000, 6.810000, -10.200000, -18.870001, -3.450000, -5.566667, 4.356667, -2.580000, -9.270000, 1.860000, 220.562500, 3.437500, 11.437500
1159, 1.650000, -32.919998, -8.280000, 0.006667, 0.306667, 0.514444, 0.550000, -1.950000, 9.590000, 220.312500, 3.187500, 11.437500, 7.340000, -15.220000, -32.080002, -0.760000, -3.007778, 2.797778, -3.060000, -9.130000, 1.820000, 220.812500, 2.625000, 11.562500
1180, 2.163125, -18.219999, -18.680000, -0.875556, 2.823333, -1.477778, 0.220000, -2.040000, 9.580000, 221.750000, 1.312500, 12.000000, 4.240000, 5.410000, -31.610001, 0.891111, 1.820000, -0.225556, -3.130000, -9.090000, 1.880000, 221.750000, 1.312500, 12.000000
1200, -0.060000, -18.940001, -26.379999, -1.743333, 7.657778, -2.722222, -0.800000, -2.330000, 9.490000, 225.125000, -4.687500, 13.812500, -1.160000, 9.230000, -20.389999, 1.546667, 6.803333, 1.294444, -3.450000, -8.990000, 1.800000, 227.750000, -9.687500, 15.187500
1221, -6.560000, -19.670000, -24.990000, -1.581111, 12.743333, -4.270000, -2.660000, -2.760000, 9.020000, 230.937500, -15.750000, 17.000000, -8.960000, 3.720000, -5.840000, 0.563333, 7.746666, 3.914444, -4.250000, -8.730000, 1.340000, 230.937500, -15.750000, 17.000000
1241, -20.100000, -6.260000, -11.570000, -0.754444, 15.008889, -4.668889, -4.760000, -3.240000, 7.930000, 238.375000, -29.062500, 22.250000, -9.930000, 3.220000, -0.750000, 0.092222, 6.841111, 4.612222, -5.120000, -8.320000, 0.710000, 242.375000, -34.625000, 25.937500
1260, -27.910000, 5.090000, 6.330000, -0.306667, 12.810000, -4.097778, -6.370000, -3.750000, 6.430000, 246.062500, -40.500000, 30.250000, -11.960000, -1.230000, 7.600000, -1.013333, 5.468889, 4.651111, -5.880000, -7.840000, 0.020000, 248.625000, -43.187500, 33.750000
1280, -31.660000, 18.000000, 33.040001, -0.738889, 0.783333, -1.771111, -6.680000, -4.120000, 5.860000, 249.562500, -42.937500, 35.125000, -14.180000, -16.100000, 16.040001, -2.724444, 4.860000, 3.835556, -6.440000, -7.330000, -0.890000, 249.562500, -42.937500, 35.125000
1301, -21.400000, 15.290000, 29.150000, -0.753333, -5.196667, 0.416667, -6.160000, -4.220000, 6.340000, 247.812500, -38.875000, 33.625000, -19.670000, -22.299999, 29.110001, -1.963333, 3.582222, -0.194444, -6.480000, -7.150000, -1.720000, 246.750000, -36.625000, 32.187500
1321, -13.370000, 8.170000, 18.250000, 0.466667, -6.154444, 0.791111, -5.480000, -4.120000, 7.000000, 245.562500, -34.000000, 30.437500, -12.350000, -1.680000, 18.219999, 1.173333, -1.024444, -4.056667, -6.000000, -7.550000, -1.710000, 245.562500, -34.000000, 30.437500
1339, -10.590000, 10.910000, 10.290000, 0.261111, -7.480000, 2.175555, -4.600000, -3.900000, 7.720000, 241.875000, -28.000000, 26.750000, -8.460000, 1.190000, 5.960000, 1.625556, -4.788889, -4.173333, -5.470000, -8.070000, -1.010000, 239.562500, -25.062500, 25.062500
1360, -4.850000, 2.650000, -3.850000, 0.407778, -6.742222, 3.111111, -3.740000, -3.610000, 8.310000, 237.187500, -22.437500, 23.500000, -4.020000, 2.440000, -3.500000, 0.763333, -5.821111, -3.611111, -4.960000, -8.450000, -0.290000, 234.750000, -20.062500, 22.187500
1380, -2.260000, -1.660000, -8.290000, -0.061111, -5.347778, 3.391111, -3.040000, -3.380000, 8.680000, 232.312500, -18.062500, 21.250000, -0.350000, 3.360000, -9.170000, 0.020000, -5.957778, -3.278889, -4.410000, -8.750000, 0.260000, 232.312500, -18.062500, 21.250000
1401, 3.510000, -21.490000, -11.710000, 0.021111, -3.721111, 1.854445, -2.500000, -3.270000, 8.890000, 228.937500, -14.750000, 20.125000, 5.160000, -2.400000, -18.860001, 0.025556, -5.058889, -2.157569, -3.930000, -8.950000, 0.670000, 228.437500, -13.375000, 19.687500
1419, 5.110000, -29.250000, -12.320000, 0.907778, -2.261111, -1.043333, -2.040000, -3.160000, 9.050000, 228.875000, -12.000000, 19.250000, 6.880000, -6.090000, -25.090000, 1.098889, -3.281111, -1.328889, -3.620000, -9.040000, 1.090000, 228.875000, -12.000000, 19.250000
1440, 1.150000, -35.009998, -7.390000, 1.833333, -2.120000, -4.542222, -1.470000, -3.010000, 9.210000, 232.562500, -8.625000, 18.062500, 7.630000, -7.890000, -29.920000, 2.292222, -0.388889, -1.808889, -3.310000, -9.100000, 1.500000, 235.937500, -6.437500, 17.187500
1460, -4.970000, -25.150000, -8.250000, 2.758889, -2.077778, -7.738889, -0.710000, -2.700000, 9.390000, 240.000000, -4.187500, 16.062500, 1.360000, -2.010000, -24.700001, 3.460000, 3.297778, -2.881111, -2.930000, -9.150000, 1.920000, 244.750000, -1.875000, 14.500000
1481, -9.480000, -15.950000, -10.260000, 3.625556, -1.698889, -9.592222, 0.040000, -2.140000, 9.560000, 249.875000, 0.187500, 12.625000, -4.720000, 4.410000, -15.890000, 4.360000, 6.365556, -3.424444, -2.580000, -9.160000, 2.340000, 249.875000, 0.187500, 12.625000
1501, -11.650000, -1.040000, -20.290001, 3.684444, 0.455556, -10.365556, 0.430000, -1.410000, 9.690000, 260.875000, 2.500000, 8.250000, -11.960000, 12.730000, -5.170000, 4.735556, 8.056666, -3.202222, -2.390000, -9.080000, 2.790000, 266.375000, 2.062500, 6.125000
1520, -13.940000, 18.290001, -20.790001, 3.003333, 3.706667, -8.659166, 0.090000, -0.740000, 9.770000, 271.312500, 0.500000, 4.375000, -16.650000, 26.700001, 3.910000, 4.688889, 8.460000, -2.610000, -2.390000, -8.940000, 3.230000, 271.312500, 0.500000, 4.375000
1540, -16.209999, 39.869999, -18.389999, 0.435556, 7.274445, -4.357778, -1.030000, -0.570000, 9.730000, 277.625000, -6.000000, 3.312500, -19.530001, 29.250000, 27.570000, 0.511111, 7.628889, 0.305556, -2.780000, -8.652500, 3.180000, 278.812500, -10.375000, 4.312500
1561, -17.540001, 40.020000, -9.850000, -3.297778, 8.081111, -0.033333, -2.500000, -1.020000, 9.420000, 278.812500, -14.750000, 6.187500, -16.850000, 16.150000, 26.639999, -4.787778, 3.288889, 2.892222, -3.430000, -8.890000, 2.280000, 277.875000, -18.750000, 8.437500
1581, -15.780000, 24.059999, 4.940000, -4.060000, 5.511111, 2.765556, -3.670000, -1.630000, 8.940000, 276.187500, -22.000000, 10.312500, -12.320000, 6.780000, 20.580000, -5.177778, -0.063333, 3.218889, -3.990000, -8.662500, 1.350000, 276.187500, -22.000000, 10.312500
1600, -12.650000, 27.740000, 7.300000, -2.666667, 2.020000, 6.268889, -4.310000, -1.710000, 8.630000, 270.062500, -26.062500, 11.187500, -9.200000, 2.400000, 9.880000, -4.360000, -2.164444, 3.111111, -4.490000, -8.680000, 0.730000, 265.187500, -27.625000, 10.437500
1620, -10.790000, 16.379999, -5.560000, -2.526667, 1.220000, 9.983334, -4.790000, -1.330000, 8.450000, 259.437500, -29.187500, 8.937500, -9.120000, 5.270000, 9.740000, -3.421111, -4.367778, 2.862222, -4.910000, -8.470000, 0.470000, 259.437500, -29.187500, 8.937500
1641, -7.170000, -4.690000, -9.850000, -2.266667, 2.786667, 9.868889, -5.340000, -0.720000, 8.190000, 247.687500, -33.000000, 5.000000, 5.880000, -6.140000, -21.850000, -3.095556, -7.495555, 4.242222, -5.430000, -8.130000, 0.640000, 244.062500, -34.625000, 2.812500
1661, 0.640000, -38.650002, 3.650000, 0.894444, 4.342222, 2.960000, -6.010000, -0.160000, 7.740000, 242.687500, -37.812500, 1.187500, 10.300000, -26.670000, -37.270000, -1.667778, -4.855556, 5.657778, -6.190000, -7.540000, 0.970000, 242.562500, -39.750000, 0.875000
1679, -1.900000, -34.270000, 12.610000, -0.486667, 3.071111, -1.811111, -6.490000, -0.260000, 7.340000, 243.500000, -41.437500, 2.062500, 3.210000, -13.760000, -26.580000, -0.450000, 0.785556, 1.952222, -6.580000, -7.200000, 0.940000, 243.500000, -41.437500, 2.062500
1700, -6.790000, -35.000000, 13.080000, 0.143333, 2.977778, -4.721111, -6.850000, -0.830000, 6.960000, 248.062500, -44.312500, 6.812500, -2.840000, -22.770000, -18.340000, -0.294444, 3.083333, 1.573333, -6.820000, -7.020000, 0.540000, 251.187500, -45.062500, 8.687500
1720, -12.540000, -24.700001, 26.000000, 3.192222, 0.158889, -4.917778, -6.900000, -1.160000, 6.860000, 254.562500, -44.687500, 9.625000, -7.710000, -25.500000, -3.590000, 2.301111, 3.347778, -0.067778, -6.920000, -6.930000, 0.290000, 254.562500, -44.687500, 9.625000
1741, -16.280001, -12.120000, 15.640000, 5.223333, -2.642222, -5.230000, -6.500000, -1.170000, 7.240000, 262.125000, -41.500000, 9.187500, -11.670000, -8.430000, -1.710000, 4.624444, 1.696667, -3.603333, -6.570000, -7.250000, 0.590000, 265.812500, -39.312500, 8.375000
1759, -19.389999, 13.680000, 7.530000, 4.711111, -4.003334, -4.118889, -5.880000, -1.000000, 7.770000, 268.812500, -36.875000, 7.312500, -15.370000, -0.160000, 5.190000, 4.184444, 1.742222, -5.882222, -5.820000, -7.820000, 1.030000, 270.750000, -34.062500, 6.000000
1780, -17.900000, 19.450001, 7.080000, 3.363333, -5.930000, -1.080000, -5.020000, -0.640000, 8.390000, 271.750000, -30.750000, 4.375000, -16.500000, 1.930000, 16.740000, 2.741111, 1.497778, -6.072222, -4.910000, -8.380000, 1.330000, 271.750000, -30.750000, 4.375000
1800, -12.850000, 14.580000, 2.970000, 3.587778, -7.456666, 1.578889, -3.840000, 0.010000, 9.020000, 271.500000, -23.062500, -0.062500, -14.420000, 4.070000, 16.879999, 3.556667, -0.663333, -4.980000, -4.040000, -8.730000, 1.850000, 270.437500, -18.687500, -2.562500
1821, -11.020000, 11.490000, 1.920000, 3.487778, -8.282222, 3.632222, -2.380000, 0.820000, 9.470000, 268.875000, -14.062500, -4.937500, -7.380000, 3.580000, 9.430000, 5.116667, -3.277778, -3.267778, -3.300000, -8.780000, 2.830000, 268.875000, -14.062500, -4.937500
1841, -9.370000, 2.190000, 1.580000, 3.082222, -9.382222, 3.952222, -0.650000, 1.510000, 9.660000, 265.375000, -3.812500, -8.875000, -2.940000, 3.060000, 1.880000, 4.860000, -4.792222, -2.685555, -2.560000, -8.610000, 3.920000, 263.937500, 2.187500, -10.562500
1860, -12.050000, -0.490000, 4.050000, 3.058889, -11.824445, 3.371111, 1.500000, 2.050000, 9.460000, 262.687500, 8.625000, -12.187500, -0.300000, 3.000000, -3.710000, 3.264444, -4.693333, -3.416667, -1.650000, -8.430000, 4.710000, 261.437500, 15.625000, -13.812500
1880, -8.100000, -1.470000, -15.680000, 2.816667, -10.973333, 3.118889, 3.650000, 2.400000, 8.770000, 260.250000, 21.812500, -15.312500, -0.650000, 1.500000, -5.100000, 1.868889, -3.962222, -4.287778, -0.600000, -8.320000, 5.140000, 260.250000, 21.812500, -15.312500
1901, -4.260000, -3.390000, -16.180000, 2.141111, -8.091111, 2.861111, 5.170000, 2.520000, 7.930000, 257.750000, 31.812500, -17.625000, 0.800000, 6.130000, -7.690000, 1.940000, -3.520000, -4.605556, 0.460000, -8.140000, 5.440000, 256.687500, 35.937500, -18.625000
1921, 0.030000, -13.640000, -18.370001, 1.623333, -6.184444, 1.411111, 6.220000, 2.570000, 7.120000, 256.125000, 39.375000, -19.812500, 5.170000, 11.630000, -12.960000, 2.348889, -2.715556, -3.757778, 1.400000, -7.820000, 5.730000, 256.125000, 39.375000, -19.812500
1940, 1.030000, -14.800000, -21.719999, 1.703333, -3.603333, -0.918889, 6.750000, 2.830000, 6.510000, 256.562500, 43.562500, -23.500000, 5.150000, 12.910000, -14.050000, 2.018889, -1.496667, -1.673333, 1.930000, -7.510000, 5.990000, 257.375000, 44.187500, -25.625000
1960, -0.180000, -3.510000, -26.680000, 0.756667, -0.288889, -2.281111, 6.780000, 3.230000, 6.290000, 258.500000, 43.812500, -27.125000, 2.160000, 21.610001, -12.970000, 1.098889, 0.756667, -0.234444, 1.990000, -7.340000, 6.170000, 259.312500, 42.375000, -27.625000
1980, -2.550000, 8.260000, -27.920000, -0.842222, 3.833333, -1.131111, 6.330000, 3.370000, 6.670000, 259.687500, 40.250000, -26.812500, -2.950000, 22.840000, -9.640000, 0.071111, 3.220000, 2.397778, 1.450000, -7.350000, 6.320000, 259.687500, 40.250000, -26.812500
2001, -7.650000, 11.070000, -31.540001, -2.508889, 8.551111, 0.603333, 5.360000, 3.080000, 7.600000, 258.750000, 33.125000, -22.000000, -9.950000, 16.379999, -0.310000, -2.198889, 4.124444, 4.797778, 0.340000, -7.600000, 6.170000, 257.500000, 27.687500, -18.500000
2019, -13.220000, 7.080000, -31.500000, -3.782222, 13.316667, 1.888889, 3.520000, 2.380000, 8.642500, 255.937500, 21.000000, -15.062500, -10.520000, 14.980000, 1.460000, -4.074444, 1.931111, 6.038889, -0.790000, -7.990000, 5.620000, 255.937500, 21.000000, -15.062500
2040, -22.430000, 3.720000, -15.250000, -3.645555, 14.798889, 2.812222, 1.030000, 1.620000, 9.610000, 252.000000, 6.062500, -9.562500, -11.700000, 7.250000, 1.190000, -5.435555, -0.723333, 7.245555, -1.870000, -8.320000, 4.830000, 249.500000, -1.312500, -7.250000
2060, -23.200001, -4.780000, 5.240000, -4.188889, 12.937778, 4.073333, -1.380000, 0.880000, 9.660000, 246.812500, -8.062500, -5.187500, -7.660000, -4.890000, -5.110000, -5.524445, -2.821111, 7.950000, -2.900000, -8.440000, 4.040000, 244.500000, -13.375000, -3.875000
2081, -20.260000, -21.270000, 29.190001, -1.833333, 5.344444, 2.338889, -2.740000, 0.530000, 9.390000, 243.000000, -16.187500, -3.250000, -4.910000, -19.889999, -7.660000, -3.856667, -2.261111, 8.438889, -4.060000, -8.190000, 3.520000, 243.000000, -16.187500, -3.250000
2099, -13.440000, -12.480000, 29.670000, -0.236667, -3.403333, 1.005556, -2.440000, 0.500000, 9.480000, 241.687500, -14.437500, -3.062500, -5.330000, -31.160000, -5.720000, -2.515556, -0.578889, 5.012222, -4.930000, -7.850000, 3.170000, 241.375000, -11.375000, -3.187500
2120, -10.460000, -16.590000, 28.840000, 0.682222, -6.567778, 0.194444, -1.340000, 0.600000, 9.690000, 241.375000, -7.812500, -3.562500, -5.210000, -30.910000, -4.500000, -0.547778, -0.048889, -0.252222, -5.090000, -7.810000, 3.010000, 241.375000, -7.812500, -3.562500
2140, -7.530000, -18.020000, 18.320000, 1.472222, -7.857778, -1.502222, 0.040000, 0.840000, 9.770000, 242.937500, 0.250000, -4.875000, -5.560000, -20.680000, -6.750000, 1.313333, -0.475556, -4.755556, -4.500000, -8.100000, 3.180000, 244.312500, 4.562500, -5.812500
2161, -8.270000, -13.660000, 10.640000, 1.678889, -8.325556, -2.662222, 1.520000, 1.170000, 9.610000, 245.937500, 8.875000, -6.937500, -6.380000, -12.150000, -8.970000, 2.498889, -0.556667, -7.522222, -3.370000, -8.480000, 3.580000, 247.812500, 13.187500, -8.312500
2181, -8.440000, -7.980000, -2.050000, 1.708889, -8.013333, -3.288889, 2.900000, 1.620000, 9.220000, 249.812500, 17.250000, -9.937500, -7.530000, -0.400000, -7.550000, 3.654444, 0.515556, -8.783334, -1.980000, -8.670000, 4.110000, 249.812500, 17.250000, -9.937500
2200, -5.990000, -6.690000, -12.480000, 2.044445, -6.034444, -3.984444, 3.890000, 2.190000, 8.720000, 254.250000, 23.375000, -14.062500, -5.330000, 12.490000, -5.750000, 5.163333, 1.310000, -8.382222, -0.670000, -8.480000, 4.870000, 254.250000, 23.375000, -14.062500
2220, -2.250000, -2.360000, -22.389999, 2.663333, -3.661111, -4.823333, 4.360000, 2.960000, 8.260000, 259.312500, 26.375000, -19.687500, -3.130000, 21.150000, -6.300000, 5.782222, 1.620000, -6.426667, 0.250000, -7.930000, 5.760000, 259.312500, 26.375000, -19.687500
2241, -0.510000, 5.860000, -30.080000, 2.224444, -0.475556, -4.948889, 4.240000, 3.760000, 7.990000, 264.437500, 25.625000, -25.187500, 1.140000, 36.299999, -6.850000, 4.558889, 2.683333, -3.587778, 0.610000, -7.310000, 6.500000, 264.437500, 25.625000, -25.187500
2261, 0.830000, 27.420000, -38.830002, -1.775556, 4.931111, -2.154444, 3.480000, 3.890000, 8.290000, 266.937500, 20.750000, -25.125000, -1.810000, 37.910000, -2.410000, 1.397778, 5.151111, 0.762222, 0.100000, -7.000000, 6.860000, 266.937500, 17.000000, -22.437500
2279, -3.910000, 22.879999, -33.990002, -5.951111, 9.361111, 0.237778, 2.080000, 3.080000, 9.070000, 266.312500, 12.250000, -18.750000, -8.610000, 16.410000, 0.570000, -4.248889, 5.330000, 4.745555, -1.140000, -7.300000, 6.430000, 266.312500, 12.250000, -18.750000
2300, -11.030000, 7.830000, -26.100000, -7.660000, 12.477777, 1.388889, 0.030000, 1.730000, 9.650000, 263.937500, 0.187500, -10.187500, -10.730000, 8.640000, 0.890000, -7.541111, 2.787778, 5.632222, -2.320000, -7.900000, 5.310000, 263.937500, 0.187500, -10.187500
2320, -19.549999, 1.940000, -10.230000, -7.098889, 13.595555, 2.344445, -2.400000, 0.450000, 9.490000, 260.375000, -14.125000, -2.750000, -13.640000, 2.180000, 3.470000, -8.345555, -0.102222, 6.444445, -3.340000, -8.290000, 4.020000, 260.375000, -14.125000, -2.750000
2341, -24.420000, -8.642500, 21.059999, -5.527778, 8.008889, 3.068889, -4.170000, -0.430000, 8.672500, 255.875000, -25.125000, 2.750000, -12.670000, -20.190001, 2.040000, -7.361111, -2.075556, 7.861111, -4.400000, -8.250000, 2.910000, 255.875000, -25.125000, 2.750000
2359, -21.370001, -1.180000, 30.290001, -1.066667, -3.362222, 2.594445, -4.070000, -0.550000, 8.900000, 252.687500, -24.500000, 3.562500, -10.020000, -28.709999, 3.550000, -4.760000, -1.735556, 6.175556, -5.390000, -7.870000, 2.240000, 252.687500, -24.500000, 3.562500
2380, -15.640000, 6.280000, 25.049999, -1.947778, -7.363333, 4.962222, -2.950000, -0.540000, 9.330000, 247.250000, -17.500000, 3.312500, -2.890000, -21.270000, -1.420000, -2.347778, -2.808889, 1.038889, -5.640000, -7.740000, 2.080000, 247.250000, -17.500000, 3.312500
2400, -9.460000, -25.910000, 14.630000, -0.245556, -8.633333, 2.625556, -1.470000, -0.540000, 9.680000, 243.062500, -8.625000, 3.187500, -2.510000, -20.690001, -5.110000, -0.860000, -2.872222, -2.540000, -5.250000, -7.970000, 2.163125, 243.062500, -8.625000, 3.187500
2421, -3.560000, -18.639999, -0.850000, 0.638889, -6.823333, -0.010000, -0.090000, -0.420000, 9.790000, 242.312500, -0.562500, 2.437500, -1.680000, -10.840000, -10.600000, 0.305556, -2.638889, -5.714445, -4.360000, -8.420000, 2.460000, 242.312500, -0.562500, 2.437500
2439, -0.810000, -10.470000, -8.270000, 0.082222, -4.651111, -1.055556, 0.860000, -0.370000, 9.760000, 243.125000, 5.062500, 2.125000, -0.040000, 0.140000, -13.060000, 1.606667, -2.004444, -7.886667, -3.020000, -8.880000, 2.840000, 243.125000, 5.062500, 2.125000
2460, 3.520000, -9.540000, -16.240000, 0.277778, -2.498889, -1.504444, 1.430000, -0.310000, 9.690000, 244.562500, 8.375000, 1.812500, 2.930000, 13.780000, -15.850000, 2.290000, -0.961111, -7.158889, -1.660000, -9.090000, 3.260000, 244.562500, 8.375000, 1.812500
2480, 10.880000, -10.010000, -27.870001, 1.187778, 0.322222, -2.597778, 1.540000, -0.060000, 9.680000, 247.000000, 9.000000, 0.375000, 6.420000, 22.459999, -15.160000, 3.003333, 1.388889, -3.673333, -0.890000, -9.010000, 3.740000, 247.000000, 9.000000, 0.375000
2501, 9.380000, -3.970000, -34.639999, 0.274444, 5.984445, -3.367778, 0.700000, 0.120000, 9.780000, 250.437500, 4.125000, -0.750000, 0.900000, 19.730000, -9.960000, 2.006667, 3.312222, 1.704444, -1.180000, -8.642500, 4.090000, 250.437500, 4.125000, -0.750000
2521, -4.860000, 0.960000, -21.620001, -1.294444, 9.952222, -3.747778, -1.000000, -0.050000, 9.750000, 254.312500, -5.812500, 0.312500, -11.500000, 11.370000, -0.180000, -0.330000, 4.244444, 4.891111, -2.163125, -8.670000, 4.000000, 254.312500, -5.812500, 0.312500
2540, -15.700000, 8.650000, -11.600000, -1.532222, 10.431111, -2.702222, -2.930000, -0.450000, 9.340000, 257.812500, -17.375000, 2.812500, -13.690000, 2.900000, 6.650000, -3.294445, 3.417778, 5.518889, -3.360000, -8.550000, 3.400000, 257.812500, -17.375000, 2.812500
2560, -26.030001, 18.610001, 29.930000, -1.403333, 0.365556, 1.351111, -3.540000, -0.670000, 9.120000, 257.375000, -21.125000, 4.187500, -11.750000, -23.260000, 16.700001, -4.873333, 2.702222, 5.115556, -4.380000, -8.420000, 2.430000, 257.375000, -21.125000, 4.187500
2581, -21.370001, 0.480000, 29.780001, -0.288889, -8.887777, 2.472222, -2.280000, -0.670000, 9.510000, 254.062500, -13.437500, 4.000000, -11.950000, -30.740000, 16.590000, -1.477778, 0.936667, 1.945556, -4.910000, -8.270000, 1.840000, 254.062500, -13.437500, 4.000000
2601, -7.810000, -24.270000, 1.710000, 3.776667, -8.264444, -0.811111, -0.670000, -0.120000, 9.780000, 254.062500, -3.937500, 0.687500, -3.940000, -16.790001, -7.700000, 2.637778, -2.943333, -3.996667, -4.440000, -8.420000, 2.340000, 254.062500, -3.937500, 0.687500
2619, -2.170000, -8.690000, -4.150000, 3.327778, -5.965556, -2.202222, 0.510000, 0.540000, 9.770000, 256.312500, 2.937500, -3.125000, 0.050000, -5.160000, -17.629999, 4.604445, -3.651111, -6.818889, -3.210000, -8.650000, 3.310000, 256.312500, 2.937500, -3.125000
2640, 0.230000, -7.190000, -7.270000, 2.766667, -4.574444, -2.640000, 1.370000, 1.110000, 9.640000, 259.125000, 8.000000, -6.562500, 3.790000, 6.070000, -13.530000, 4.451111, -0.905556, -6.816667, -1.940000, -8.670000, 4.140000, 259.125000, 8.000000, -6.562500
2660, 5.780000, -9.050000, -19.600000, 3.020000, -2.761111, -3.762222, 1.880000, 1.750000, 9.460000, 262.812500, 11.000000, -10.437500, 2.660000, 16.320000, -7.360000, 4.475555, 1.085556, -4.968889, -1.100000, -8.450000, 4.850000, 262.812500, 11.000000, -10.437500
2681, 5.660000, 2.370000, -25.200001, 2.895555, -0.288889, -4.503334, 1.880000, 2.450000, 9.300000, 267.437500, 11.000000, -14.750000, 0.780000, 27.850000, -6.210000, 4.357778, 2.110000, -2.422222, -0.800000, -8.060000, 5.510000, 267.437500, 11.000000, -14.750000
2699, 1.820000, 21.900000, -34.869999, -0.122222, 4.266667, -3.382222, 1.150000, 2.710000, 9.350000, 271.062500, 6.750000, -16.125000, -6.200000, 35.919998, 3.410000, 2.503333, 3.924444, 1.322222, -1.210000, -7.700000, 5.930000, 271.062500, 6.750000, -16.125000
2720, -6.400000, 25.010000, -26.879999, -3.546667, 8.798889, -0.656667, -0.300000, 2.230000, 9.540000, 271.500000, -1.750000, -13.125000, -13.790000, 15.090000, 8.770000, -3.553333, 3.772222, 6.121111, -2.390000, -7.740000, 5.520000, 271.500000, -1.750000, -13.125000
2740, -17.490000, 20.230000, -6.050000, -5.115556, 9.836667, 2.575556, -2.080000, 1.390000, 9.480000, 268.250000, -12.250000, -8.312500, -11.930000, -2.450000, 9.350000, -7.108889, 0.820000, 6.673333, -3.570000, -7.970000, 4.440000, 268.250000, -12.250000, -8.312500
2761, -22.080000, 9.920000, 29.650000, -4.094444, -0.508889, 5.923333, -2.400000, 0.830000, 9.470000, 262.000000, -14.125000, -5.062500, -3.180000, -12.110000, 7.080000, -5.768889, -1.504444, 5.691111, -4.370000, -8.010000, 3.570000, 262.000000, -14.125000, -5.062500
2781, -10.280000, -35.580002, 28.389999, -0.261111, -6.911111, 3.584445, -1.270000, 0.700000, 9.690000, 256.875000, -7.437500, -4.125000, -3.660000, -31.180000, -2.040000, -2.750000, -1.337778, 4.282222, -5.050000, -7.780000, 3.170000, 256.875000, -7.437500, -4.125000
2800, -1.010000, -36.389999, 2.410000, 2.682222, -5.155556, -2.081111, -0.220000, 1.130000, 9.730000, 258.187500, -1.312500, -6.625000, -1.840000, -31.250000, -8.910000, 2.560000, -3.385556, -4.073333, -4.590000, -7.860000, 3.630000, 258.187500, -1.312500, -6.625000
2820, -2.220000, -17.540001, 6.570000, 2.804445, -4.867778, -3.736667, 0.550000, 1.640000, 9.650000, 262.250000, 3.250000, -9.687500, 1.170000, -0.230000, -22.920000, 4.410000, -1.768889, -8.152223, -3.240000, -8.110000, 4.430000, 264.812500, 5.312500, -11.500000
2841, 1.520000, -13.950000, -10.860000, 3.008889, -3.782222, -4.996666, 1.150000, 2.270000, 9.460000, 267.625000, 6.750000, -13.500000, 2.390000, 17.990000, -15.970000, 5.154444, 2.013333, -6.850000, -2.220000, -8.030000, 5.160000, 267.625000, 6.750000, -13.500000
2861, 5.950000, 1.030000, -33.130001, 1.496667, 0.332222, -5.722222, 1.050000, 2.760000, 9.350000, 273.750000, 6.125000, -16.437500, 3.590000, 23.680000, -13.970000, 4.181111, 4.678889, -4.218889, -1.910000, -7.750000, 5.680000, 273.750000, 6.125000, -16.437500
2880, 3.200000, 8.510000, -39.759998, -1.086667, 6.125556, -5.070000, -0.090000, 2.720000, 9.410000, 278.750000, -0.500000, -16.125000, -2.650000, 35.580002, -6.460000, 1.983333, 7.008889, 0.070000, -2.460000, -7.500000, 5.800000, 278.750000, -0.500000, -16.125000
2900, -6.720000, 15.020000, -26.559999, -3.347778, 9.213333, -3.347778, -1.800000, 2.160000, 9.390000, 281.625000, -10.562500, -12.937500, -9.860000, 31.020000, 5.130000, -2.463333, 6.821111, 4.805555, -3.730000, -7.410000, 5.210000, 281.625000, -10.562500, -12.937500
2921, -15.660000, 15.690000, -21.590000, -4.344444, 11.872222, -1.307778, -3.810000, 1.330000, 8.930000, 281.812500, -22.812500, -8.437500, -19.549999, 10.170000, 10.430000, -5.522222, 3.696667, 7.055555, -5.070000, -7.290000, 4.140000, 280.625000, -29.812500, -6.437500
2941, -22.670000, 24.250000, -10.740000, -5.541111, 12.810000, 2.115556, -5.850000, 0.640000, 7.830000, 278.250000, -36.625000, -4.625000, -21.549999, 5.820000, 12.670000, -7.532222, -0.322222, 7.734445, -6.170000, -6.950000, 3.110000, 278.250000, -36.625000, -4.625000
2959, -29.959999, 17.549999, 18.540001, -6.544445, 7.147778, 5.701111, -7.070000, 0.330000, 6.780000, 270.125000, -46.125000, -2.812500, -21.430000, 3.600000, 10.290000, -7.898889, -3.490000, 7.317778, -6.960000, -6.440000, 2.460000, 270.125000, -46.125000, -2.812500
2980, -27.340000, 16.430000, 22.790001, -6.184444, 0.874444, 9.707778, -7.230000, 0.750000, 6.570000, 257.500000, -47.562500, -6.562500, -18.840000, -2.940000, 7.930000, -7.104445, -4.746666, 8.618889, -7.710000, -5.620000, 2.240000, 257.500000, -47.562500, -6.562500
3000, -23.459999, -14.970000, 31.520000, -1.941111, -2.421111, 8.930000, -6.820000, 1.610000, 6.850000, 245.812500, -44.062500, -13.250000, -17.760000, -32.049999, 10.720000, -4.510000, -4.478889, 7.690000, -8.320000, -4.580000, 2.420000, 245.812500, -44.062500, -13.250000
3021, -15.080000, -10.100000, 18.309999, 0.617778, -2.791111, 6.683333, -6.150000, 2.540000, 7.190000, 238.500000, -38.875000, -19.437500, -13.270000, -29.730000, 4.530000, -0.671111, -7.058889, 0.641111, -8.210000, -4.230000, 3.270000, 235.812500, -36.187500, -21.562500
3039, -12.910000, -8.370000, 20.530001, 0.255556, -4.383333, 4.787778, -5.340000, 3.180000, 7.570000, 233.687500, -33.000000, -22.750000, -7.380000, -11.990000, -8.490000, -0.267778, -8.051111, -4.935555, -7.270000, -4.820000, 4.460000, 233.687500, -33.000000, -22.750000
3060, -12.790000, -6.890000, 17.110001, -1.077778, -7.608889, 3.581111, -4.070000, 3.410000, 8.230000, 230.687500, -24.500000, -22.500000, -1.330000, 0.590000, -11.770000, -0.422222, -4.667778, -5.810000, -6.180000, -5.600000, 5.150000, 229.625000, -19.750000, -21.562500
3080, -8.580000, -9.470000, -0.670000, -1.830000, -7.978889, 2.514444, -2.580000, 3.310000, 8.672500, 228.875000, -15.250000, -20.500000, -2.910000, -0.840000, -7.520000, -1.370000, -2.143333, -5.024445, -5.330000, -6.280000, 5.300000, 228.875000, -15.250000, -20.500000
3101, -5.870000, -11.590000, -5.100000, -1.322222, -6.987778, 1.348889, -1.240000, 3.110000, 9.210000, 228.312500, -7.250000, -18.687500, -3.360000, -4.500000, -6.220000, -1.105556, -1.743333, -5.062222, -4.520000, -6.880000, 5.310000, 228.312500, -7.250000, -18.687500
3121, -3.140000, -15.140000, -7.120000, -0.930000, -5.784444, 0.085556, -0.120000, 2.950000, 9.340000, 228.812500, -0.750000, -17.500000, -2.160000, -4.150000, -8.560000, 0.150000, -1.678889, -5.447778, -3.630000, -7.310000, 5.420000, 229.750000, 1.625000, -17.000000
3140, -1.120000, -18.330000, -11.790000, -0.966667, -3.860000, -1.955556, 0.570000, 2.790000, 9.380000, 231.125000, 3.312500, -16.562500, 1.450000, -0.380000, -15.630000, 0.977778, -1.407778, -6.348889, -2.600000, -7.590000, 5.630000, 231.125000, 3.312500, -16.562500
3160, 1.320000, -19.680000, -11.280000, -0.767778, -2.423333, -3.860000, 0.870000, 2.680000, 9.390000, 235.250000, 5.062500, -15.937500, 3.980000, 1.720000, -20.160000, 1.211111, 0.094444, -6.066667, -1.650000, -7.710000, 5.810000, 238.125000, 5.312500, -16.062500
3181, 6.260000, -24.990000, -21.650000, 0.068889, -0.466667, -6.363333, 0.780000, 2.750000, 9.370000, 241.625000, 4.562500, -16.375000, 6.170000, 4.100000, -24.230000, 2.232222, 2.903333, -4.727778, -1.150000, -7.630000, 6.040000, 241.625000, 4.562500, -16.375000
3201, 6.400000, -22.760000, -29.299999, -0.087778, 4.241111, -8.636945, -0.190000, 2.810000, 9.390000, 250.125000, -1.125000, -16.625000, 6.490000, 9.350000, -24.350000, 2.550000, 5.563334, -2.840000, -1.250000, -7.400000, 6.300000, 254.937500, -5.937500, -16.250000
3220, -6.440000, -17.240000, -19.770000, 0.117778, 7.653333, -10.453333, -1.960000, 2.600000, 9.250000, 260.000000, -11.500000, -15.687500, 0.880000, 9.610000, -20.889999, 2.330000, 7.832222, -0.753333, -1.960000, -7.150000, 6.410000, 265.312500, -16.875000, -15.062500
3240, -17.389999, -4.650000, -1.240000, 2.135556, 5.662222, -9.953333, -3.550000, 2.320000, 8.642500, 270.562500, -21.250000, -14.687500, -13.180000, 15.680000, -6.290000, 1.877778, 8.074445, 1.281111, -3.040000, -6.870000, 6.290000, 270.562500, -21.250000, -14.687500
3260, -25.750000, 35.779999, 10.490000, 2.875556, 2.378889, -5.053333, -4.330000, 2.330000, 8.470000, 278.062500, -26.187500, -15.375000, -20.850000, 8.760000, 6.630000, -1.812222, 7.378889, 2.682222, -4.230000, -6.760000, 5.700000, 279.000000, -27.187500, -15.562500
3281, -22.100000, 35.680000, 13.280000, -0.597778, 0.017778, 0.380000, -4.470000, 2.310000, 8.410000, 278.687500, -27.125000, -15.375000, -23.650000, -13.880000, 32.110001, -4.146667, 7.160000, 1.780000, -4.990000, -7.100000, 4.550000, 278.687500, -27.125000, -15.375000
3299, -10.570000, 3.680000, 5.900000, -0.038889, -1.600000, 0.741111, -4.210000, 2.310000, 8.540000, 277.875000, -25.437500, -15.125000, -17.850000, -5.590000, 31.590000, 1.395555, 0.336667, -2.251111, -4.880000, -7.310000, 4.320000, 277.750000, -24.562500, -15.625000
3320, -5.050000, 7.220000, -0.030000, 1.153333, -1.322222, 1.018889, -3.950000, 2.540000, 8.600000, 277.437500, -23.750000, -16.437500, -7.070000, 3.660000, 9.070000, 3.337778, -2.676667, -0.555556, -4.550000, -7.120000, 4.960000, 276.750000, -22.750000, -17.250000
3340, -0.250000, 8.250000, -1.590000, 0.806667, -1.273333, 1.851111, -3.640000, 2.810000, 8.650000, 275.937500, -21.812500, -17.937500, 1.300000, 4.290000, -0.980000, 2.417778, -2.991111, -0.027778, -4.250000, -6.890000, 5.530000, 275.937500, -21.812500, -17.937500
3361, 1.590000, 1.960000, -2.750000, 0.558889, -0.617778, 1.550000, -3.420000, 3.020000, 8.670000, 274.375000, -20.437500, -19.187500, 3.310000, 2.220000, -3.940000, 0.961111, -2.005556, 0.504444, -4.040000, -6.720000, 5.880000, 273.750000, -19.937500, -19.625000
3379, 2.180000, -0.230000, -0.120000, 0.217778, -0.513333, 1.100000, -3.270000, 3.150000, 8.680000, 273.250000, -19.500000, -19.937500, 2.420000, -0.830000, -1.570000, 0.561111, -1.385556, 0.542726, -3.970000, -6.650000, 6.010000, 273.250000, -19.500000, -19.937500
3400, 1.940000, -0.870000, -0.230000, -0.015556, -0.401111, 0.743333, -3.150000, 3.200000, 8.710000, 272.437500, -18.687500, -20.187500, 1.870000, -1.390000, -2.040000, 0.005556, -0.717778, 0.106667, -3.900000, -6.630000, 6.080000, 272.125000, -18.375000, -20.250000
3420, 1.280000, -1.420000, 0.900000, -0.072222, -0.436667, 0.545556, -3.040000, 3.230000, 8.740000, 271.875000, -18.062500, -20.250000, 0.940000, -0.890000, -1.900000, -0.068889, -0.468889, -0.131111, -3.830000, -6.640000, 6.110000, 271.625000, -17.812500, -20.312500
3441, 1.350000, -1.660000, -0.520000, -0.031111, -0.232222, 0.470000, -2.960000, 3.250000, 8.760000, 271.375000, -17.562500, -20.312500, 0.440000, -0.590000, -1.710000, -0.110000, -0.342222, -0.130000, -3.770000, -6.660000, 6.120000, 271.375000, -17.562500, -20.312500
3461, 1.240000, -1.610000, -0.840000, -0.007778, 0.003333, 0.414444, -2.930000, 3.270000, 8.760000, 270.937500, -17.375000, -20.437500, 0.270000, -0.310000, -1.740000, 0.162222, -0.272222, 0.090000, -3.740000, -6.650000, 6.150000, 270.750000, -17.375000, -20.562500
3480, 1.020000, -2.610000, -0.970000, 0.192222, 0.163333, 0.154444, -2.930000, 3.300000, 8.750000, 270.687500, -17.375000, -20.687500, 0.550000, -0.070000, -1.930000, 0.162222, -0.272222, 0.090000, -3.730000, -6.620000, 6.190000, 270.687500, -17.375000, -20.687500
3500, 0.450000, -1.080000, -0.050000, 0.251111, 0.105556, -0.023333, -2.960000, 3.350000, 8.720000, 270.687500, -17.562500, -21.000000, 0.410000, -0.040000, -1.470000, 0.315556, -0.103333, 0.198889, -3.750000, -6.570000, 6.230000, 270.750000, -17.562500, -21.125000
3521, 0.060000, -0.040000, -0.140000, 0.180000, -0.046667, -0.075556, -2.960000, 3.380000, 8.710000, 270.812500, -17.562500, -21.187500, -0.150000, 0.330000, -0.630000, 0.163333, 0.130000, -0.031111, -3.760000, -6.550000, 6.250000, 270.875000, -17.562500, -21.250000
3541, 0.050000, 0.140000, -0.420000, 0.144444, -0.021111, -0.113333, -2.960000, 3.390000, 8.700000, 270.937500, -17.562500, -21.312500, -0.420000, 0.310000, 0.010000, 0.133333, 0.141111, -0.022222, -3.770000, -6.530000, 6.260000, 270.937500, -17.562500, -21.312500
3559, -0.090000, 0.890000, -0.010000, 0.291111, -0.107778, -0.084444, -2.950000, 3.430000, 8.690000, 271.125000, -17.500000, -21.562500, -0.770000, 0.580000, 0.870000, 0.246667, 0.065556, 0.017778, -3.790000, -6.500000, 6.280000, 271.187500, -17.500000, -21.687500
3580, -0.070000, 1.000000, -0.470000, 0.261111, -0.081111, -0.057778, -2.940000, 3.480000, 8.680000, 271.250000, -17.437500, -21.812500, -0.570000, 0.910000, 0.580000, 0.225556, 0.010000, 0.037778, -3.790000, -6.470000, 6.300000, 271.250000, -17.437500, -21.812500
3600, -0.020000, 1.550000, -0.350000, 0.091111, -0.041111, -0.002222, -2.930000, 3.500000, 8.670000, 271.312500, -17.375000, -21.937500, -0.300000, 0.740000, 0.310000, 0.064444, 0.022222, 0.072222, -3.810000, -6.460000, 6.300000, 271.312500, -17.375000, -22.000000
3621, 0.140000, 0.640000, -0.040000, 0.037778, -0.013333, 0.002222, -2.930000, 3.500000, 8.670000, 271.312500, -17.375000, -22.000000, -0.100000, -0.120000, 0.080000, 0.012222, 0.011111, 0.061111, -3.820000, -6.460000, 6.300000, 271.312500, -17.375000, -22.000000
3639, 0.350000, 0.540000, -0.030000, 0.083333, 0.015556, 0.016667, -2.930000, 3.520000, 8.660000, 271.312500, -17.375000, -22.062500, -0.170000, 0.000000, 0.190000, 0.033333, 0.008889, 0.046667, -3.820000, -6.450000, 6.310000, 271.312500, -17.375000, -22.062500
3660, 0.370000, 0.420000, -0.060000, 0.105556, 0.023333, 0.035556, -2.930000, 3.540000, 8.660000, 271.312500, -17.375000, -22.187500, -0.180000, 0.380000, 0.090000, 0.074444, -0.013333, 0.101111, -3.840000, -6.430000, 6.320000, 271.250000, -17.375000, -22.250000
3680, 0.310000, 0.750000, -0.230000, 0.033333, 0.031111, 0.066667, -2.900000, 3.630000, 8.630000, 271.125000, -17.187500, -22.812500, 0.000000, 0.430000, 0.050000, 0.033712, -0.045556, 0.121111, -3.840000, -6.420000, 6.320000, 271.125000, -17.187500, -22.812500
3701, 0.420000, 0.750000, -0.630000, -0.136667, 0.075556, 0.050000, -2.910000, 3.620000, 8.630000, 271.000000, -17.250000, -22.750000, 0.240000, 0.600000, -0.370000, -0.118889, 0.004444, 0.104444, -3.860000, -6.430000, 6.300000, 271.000000, -17.250000, -22.625000
3719, 0.560000, -0.240000, -0.090000, -0.178889, 0.100000, -0.015556, -2.920000, 3.590000, 8.640000, 270.937500, -17.312500, -22.562500, 0.110000, -0.420000, -0.200000, -0.162222, 0.083333, 0.144444, -3.890000, -6.440000, 6.280000, 271.000000, -17.375000, -22.500000
3740, 0.420000, -0.930000, 0.240000, 0.008889, 0.116667, -0.106667, -2.940000, 3.570000, 8.640000, 271.062500, -17.500000, -22.500000, -0.160000, -0.760000, -0.080000, 0.022222, 0.114444, 0.074444, -3.900000, -6.430000, 6.280000, 271.062500, -17.500000, -22.500000
3760, -0.110000, 0.320000, 1.030000, 0.066667, -0.012222, -0.054444, -2.950000, 3.580000, 8.630000, 271.125000, -17.500000, -22.500000, -0.410000, 0.010000, 0.320000, 0.085556, 0.086667, 0.040000, -3.920000, -6.410000, 6.280000, 271.187500, -17.500000, -22.562500
3781, -0.500000, 0.450000, 0.810000, 0.056667, -0.133333, -0.014444, -2.940000, 3.590000, 8.630000, 271.187500, -17.437500, -22.562500, -0.680000, 0.000000, 0.540000, 0.043333, 0.005556, -0.026667, -3.910000, -6.410000, 6.290000, 271.187500, -17.437500, -22.562500
3801, -0.320000, 0.790000, 0.120000, 0.048889, -0.126667, 0.025556, -2.920000, 3.600000, 8.630000, 271.375000, -17.312500, -22.625000, -0.710000, 0.340000, 0.420000, 0.002222, -0.032222, -0.075556, -3.900000, -6.420000, 6.290000, 271.375000, -17.250000, -22.625000
3820, -0.090000, 0.660000, 0.040000, 0.035556, -0.134848, 0.048889, -2.900000, 3.610000, 8.640000, 271.375000, -17.187500, -22.687500, -0.470000, 0.060000, -0.040000, 0.021111, -0.048889, -0.043333, -3.890000, -6.420000, 6.300000, 271.375000, -17.125000, -22.687500
3840, 0.090000, 0.080000, -0.340000, 0.033333, -0.005556, 0.053333, -2.890000, 3.620000, 8.640000, 271.312500, -17.125000, -22.687500, -0.320000, 0.310000, 0.140000, 0.052222, -0.042222, -0.047778, -3.890000, -6.420000, 6.300000, 271.312500, -17.125000, -22.687500
3861, 0.140000, 0.270000, -0.110000, 0.017778, 0.014444, 0.033712, -2.890000, 3.620000, 8.640000, 271.437500, -17.125000, -22.750000, -0.180000, 0.450000, -0.260000, 0.038889, -0.031111, 0.004444, -3.880000, -6.410000, 6.310000, 271.437500, -17.125000, -22.750000
3881, 0.280000, 0.350000, -0.200000, -0.042222, 0.070000, 0.047778, -2.890000, 3.620000, 8.630000, 271.375000, -17.187500, -22.750000, -0.040000, 0.000000, -0.180000, -0.026667, -0.028889, 0.033333, -3.880000, -6.410000, 6.310000, 271.375000, -17.187500, -22.750000
3899, 0.060000, -0.010000, 0.630000, 0.000000, 0.004444, 0.003333, -2.900000, 3.620000, 8.630000, 271.687500, -17.187500, -22.750000, -0.060000, -0.170000, -0.260000, -0.006667, 0.015556, 0.000000, -3.880000, -6.410000, 6.310000, 271.687500, -17.187500, -22.750000
3920, 0.080000, -0.130000, 0.590000, 0.013333, -0.058889, 0.001111, -2.890000, 3.620000, 8.630000, 271.687500, -17.187500, -22.750000, -0.210000, -0.070000, -0.290000, -0.010000, -0.007778, -0.054444, -3.870000, -6.420000, 6.310000, 271.687500, -17.125000, -22.750000
3940, 0.080000, 0.600000, 0.000000, 0.003333, -0.032222, -0.061111, -2.890000, 3.620000, 8.640000, 271.750000, -17.125000, -22.687500, -0.450000, 0.000000, 0.210000, -0.033333, 0.038889, -0.053333, -3.870000, -6.420000, 6.310000, 271.750000, -17.125000, -22.687500
3961, -0.060000, 0.230000, 0.240000, -0.091111, 0.004444, -0.015556, -2.890000, 3.600000, 8.640000, 271.937500, -17.125000, -22.625000, -0.410000, 0.190000, 0.100000, -0.063333, 0.000000, -0.068889, -3.860000, -6.440000, 6.290000, 271.937500, -17.125000, -22.562500
3979, -0.180000, 0.450000, 0.550000, -0.072222, -0.122222, 0.018889, -2.880000, 3.590000, 8.650000, 271.875000, -17.062500, -22.500000, -0.420000, -0.150000, 0.050000, -0.037778, -0.050000, -0.111111, -3.850000, -6.450000, 6.290000, 271.875000, -17.062500, -22.500000
4000, 0.140000, -0.200000, -0.120000, -0.041111, -0.108889, 0.038889, -2.850000, 3.580000, 8.660000, 272.000000, -16.937500, -22.437500, -0.290000, 0.250000, -0.090000, 0.014444, -0.055556, -0.103333, -3.840000, -6.450000, 6.300000, 272.000000, -16.875000, -22.437500
4020, 0.230000, -0.190000, -0.230000, 0.054444, -0.013333, -0.037778, -2.850000, 3.590000, 8.660000, 272.000000, -16.875000, -22.500000, -0.310000, 0.220000, 0.010000, 0.066667, -0.016667, -0.025556, -3.880000, -6.420000, 6.310000, 272.062500, -16.875000, -22.500000
4041, 0.030000, 0.170000, 0.080000, 0.140000, 0.002222, -0.058889, -2.850000, 3.600000, 8.650000, 272.125000, -16.875000, -22.562500, -0.230000, 0.050000, 0.070000, 0.122222, -0.033712, -0.011111, -3.880000, -6.410000, 6.320000, 272.125000, -16.875000, -22.562500
4061, 0.070000, 0.850000, 0.010000, 0.146667, -0.023333, -0.047778, -2.850000, 3.630000, 8.650000, 272.250000, -16.937500, -22.750000, 0.010000, 0.380000, 0.070000, 0.103333, -0.055556, -0.040000, -3.880000, -6.370000, 6.350000, 272.250000, -16.875000, -22.812500
4080, 0.240000, 0.520000, -0.010000, 0.047778, -0.037778, 0.017778, -2.850000, 3.640000, 8.640000, 272.250000, -16.875000, -22.812500, 0.050000, 0.330000, 0.090000, 0.047778, -0.060000, -0.056667, -3.870000, -6.370000, 6.360000, 272.250000, -16.875000, -22.812500
4100, 0.220000, 0.480000, 0.000000, 0.023333, -0.081111, 0.036667, -2.830000, 3.640000, 8.640000, 272.562500, -16.812500, -22.875000, -0.070000, 0.240000, 0.300000, 0.033712, -0.054444, -0.065556, -3.850000, -6.360000, 6.380000, 272.562500, -16.750000, -22.875000
4121, 0.390000, 0.260000, -0.340000, 0.022222, -0.093333, 0.036667, -2.810000, 3.650000, 8.650000, 272.562500, -16.687500, -22.875000, 0.160000, 0.590000, -0.280000, 0.017778, -0.052222, -0.072222, -3.840000, -6.360000, 6.390000, 272.562500, -16.625000, -22.875000
4141, 0.650000, 0.370000, -1.030000, 0.006667, -0.012222, 0.006667, -2.810000, 3.650000, 8.650000, 272.562500, -16.625000, -22.875000, 0.050000, 0.680000, 0.000000, -0.010000, 0.005556, 0.017778, -3.850000, -6.360000, 6.380000, 272.750000, -16.687500, -22.875000
4160, 0.430000, 0.220000, -0.380000, -0.011111, 0.124444, -0.001111, -2.820000, 3.650000, 8.640000, 272.750000, -16.750000, -22.875000, -0.100000, 0.000000, -0.120000, -0.012222, -0.008889, 0.111111, -3.860000, -6.350000, 6.390000, 272.687500, -16.812500, -22.875000
4180, 0.060000, 0.210000, 0.400000, 0.016667, 0.126667, 0.020000, -2.850000, 3.650000, 8.640000, 272.687500, -16.875000, -22.937500, -0.080000, -0.120000, 0.000000, 0.025556, -0.021111, 0.103333, -3.870000, -6.340000, 6.390000, 272.687500, -16.875000, -22.937500
4201, -0.050000, 0.390000, 0.370000, -0.010000, 0.050000, 0.031111, -2.850000, 3.660000, 8.630000, 272.812500, -16.937500, -22.937500, -0.070000, 0.030000, -0.090000, -0.016667, -0.020000, -0.008889, -3.870000, -6.350000, 6.390000, 272.812500, -16.937500, -22.937500
4221, -0.090000, 0.250000, 0.590000, -0.074444, -0.045556, 0.022222, -2.850000, 3.650000, 8.640000, 272.812500, -16.875000, -22.875000, -0.190000, -0.180000, -0.150000, -0.063333, 0.003333, -0.070000, -3.860000, -6.360000, 6.370000, 272.812500, -16.875000, -22.812500
4239, 0.250000, 0.180000, -0.240000, -0.044444, -0.042222, 0.004444, -2.840000, 3.640000, 8.640000, 272.812500, -16.812500, -22.812500, -0.240000, 0.340000, 0.280000, -0.032222, -0.012222, -0.064444, -3.860000, -6.360000, 6.370000, 272.812500, -16.812500, -22.812500
4260, 0.330000, 0.140000, -0.220000, 0.022222, 0.026667, 0.012222, -2.840000, 3.640000, 8.640000, 273.062500, -16.812500, -22.812500, -0.090000, 0.230000, -0.090000, 0.032222, -0.041111, 0.041111, -3.860000, -6.350000, 6.380000, 273.062500, -16.875000, -22.875000
4280, 0.320000, 0.430000, -0.430000, 0.053333, 0.097778, 0.035556, -2.850000, 3.650000, 8.630000, 273.000000, -16.937500, -22.875000, -0.070000, 0.320000, -0.060000, 0.055556, -0.052222, 0.075556, -3.860000, -6.350000, 6.390000, 273.000000, -16.937500, -22.875000
4301, 0.190000, 0.290000, -0.040000, 0.037778, 0.117778, 0.033712, -2.860000, 3.680000, 8.620000, 273.187500, -16.937500, -23.125000, -0.130000, 0.140000, 0.040000, 0.027778, -0.061111, 0.096667, -3.870000, -6.330000, 6.400000, 273.187500, -16.937500, -23.125000
4319, 0.060000, 0.490000, 0.110000, -0.011111, 0.064444, 0.072222, -2.870000, 3.680000, 8.620000, 273.062500, -17.000000, -23.125000, -0.060000, 0.120000, -0.170000, -0.032222, -0.088889, 0.068889, -3.870000, -6.330000, 6.400000, 273.000000, -17.000000, -23.125000
4340, -0.010000, -0.410000, 0.670000, -0.055556, -0.011111, 0.084444, -2.860000, 3.680000, 8.620000, 273.000000, -17.000000, -23.125000, -0.100000, -0.470000, -0.020000, 0.006667, -0.070000, 0.024444, -3.870000, -6.320000, 6.410000, 273.000000, -17.000000, -23.125000
4360, 0.170000, 0.060000, 0.050000, 0.016667, -0.101111, 0.047778, -2.840000, 3.680000, 8.620000, 273.125000, -16.875000, -23.125000, -0.080000, 0.170000, -0.100000, 0.044444, -0.071111, -0.068889, -3.850000, -6.320000, 6.420000, 273.062500, -16.812500, -23.125000
4381, 0.430000, 0.260000, -0.850000, 0.037778, -0.017778, 0.041111, -2.830000, 3.690000, 8.620000, 273.062500, -16.812500, -23.187500, -0.100000, 0.700000, -0.010000, 0.035556, -0.054444, 0.030000, -3.840000, -6.320000, 6.430000, 273.062500, -16.812500, -23.187500
4401, 0.350000, 0.310000, -0.670000, 0.048889, 0.092222, 0.046667, -2.840000, 3.700000, 8.620000, 273.250000, -16.875000, -23.250000, -0.120000, 0.350000, 0.080000, 0.057778, -0.056667, 0.122222, -3.850000, -6.310000, 6.440000, 273.187500, -16.875000, -23.312500
