0, 0.090000, 0.010000, -0.490000, -0.020000, 0.067778, -0.003333, 3.450000, -1.790000, 9.000000, 233.312500, 20.562500, 11.250000, -0.140000, 0.230000, -0.120000, -0.011111, 0.052222, 0.017778, -0.650000, -8.910000, 4.030000, 233.312500, 20.562500, 11.250000
17, 0.020000, -0.080000, -0.310000, -0.006667, 0.098889, -0.021111, 3.440000, -1.800000, 9.000000, 233.312500, 20.500000, 11.250000, -0.140000, 0.100000, -0.150000, -0.005556, 0.051111, 0.036667, -0.650000, -8.910000, 4.030000, 233.312500, 20.437500, 11.250000
37, 0.010000, -0.160000, -0.110000, 0.027778, 0.111111, -0.023333, 3.420000, -1.790000, 9.010000, 233.375000, 20.375000, 11.250000, -0.240000, -0.040000, 0.170000, 0.005556, 0.070000, 0.058889, -0.680000, -8.910000, 4.030000, 233.375000, 20.375000, 11.250000
56, -0.110000, 0.440000, 0.120000, 0.037778, 0.092222, -0.024444, 3.400000, -1.780000, 9.010000, 233.375000, 20.312500, 11.187500, -0.420000, -0.010000, 0.340000, 0.015556, 0.050000, 0.055556, -0.700000, -8.910000, 4.030000, 233.375000, 20.250000, 11.187500
76, -0.130000, 0.110000, 0.100000, 0.024444, 0.085556, -0.004444, 3.390000, -1.780000, 9.020000, 233.375000, 20.187500, 11.125000, -0.320000, 0.000000, 0.260000, 0.010000, 0.024444, 0.042222, -0.700000, -8.910000, 4.030000, 233.375000, 20.187500, 11.125000
97, 0.070000, 0.220000, 0.020000, 0.006667, 0.082222, 0.011111, 3.370000, -1.780000, 9.030000, 233.375000, 20.125000, 11.125000, -0.310000, 0.080000, 0.210000, 0.002222, 0.033333, 0.020000, -0.720000, -8.900000, 4.030000, 233.375000, 20.062500, 11.125000
117, -0.040000, 0.110000, 0.320000, -0.006667, 0.067778, 0.015556, 3.360000, -1.780000, 9.030000, 233.375000, 20.062500, 11.125000, -0.280000, -0.190000, 0.350000, -0.018889, 0.020000, 0.035556, -0.720000, -8.900000, 4.030000, 233.375000, 20.000000, 11.125000
135, 0.020000, 0.290000, 0.380000, -0.006667, 0.028889, 0.017778, 3.350000, -1.780000, 9.040000, 233.375000, 20.000000, 11.125000, -0.300000, -0.210000, 0.430000, -0.033333, 0.007778, 0.013333, -0.740000, -8.900000, 4.030000, 233.375000, 20.000000, 11.125000
156, 0.130000, -0.050000, -0.040000, -0.010000, 0.010000, 0.043333, 3.350000, -1.780000, 9.040000, 233.312500, 20.000000, 11.125000, -0.190000, -0.130000, 0.200000, -0.024444, -0.022222, -0.007778, -0.730000, -8.900000, 4.030000, 233.312500, 19.937500, 11.125000
176, 0.160000, 0.150000, 0.040000, 0.008889, 0.025556, 0.032222, 3.350000, -1.780000, 9.040000, 233.312500, 19.937500, 11.125000, -0.180000, -0.050000, 0.390000, -0.018889, -0.010000, -0.017778, -0.730000, -8.900000, 4.030000, 233.250000, 19.937500, 11.125000
197, 0.080000, 0.270000, 0.210000, 0.006667, 0.002222, 0.035556, 3.340000, -1.780000, 9.040000, 233.250000, 19.937500, 11.125000, -0.190000, 0.030000, 0.190000, -0.028889, -0.028889, -0.004444, -0.730000, -8.900000, 4.030000, 233.250000, 19.937500, 11.125000
215, -0.020000, 0.410000, 0.250000, -0.007778, -0.007778, 0.042222, 3.340000, -1.780000, 9.040000, 233.187500, 19.937500, 11.125000, -0.330000, -0.160000, 0.510000, -0.038889, -0.026667, 0.006667, -0.740000, -8.900000, 4.030000, 233.187500, 19.937500, 11.125000
236, 0.050000, 0.600000, 0.170000, -0.018889, -0.046667, 0.064444, 3.340000, -1.780000, 9.040000, 233.187500, 19.937500, 11.125000, -0.280000, 0.000000, 0.470000, -0.056667, -0.058889, -0.033333, -0.740000, -8.900000, 4.030000, 233.125000, 19.937500, 11.187500
256, -0.010000, 0.400000, 0.250000, -0.058889, -0.033712, 0.096667, 3.350000, -1.790000, 9.030000, 233.062500, 19.937500, 11.250000, -0.320000, 0.100000, 0.440000, -0.092222, -0.073333, -0.042222, -0.730000, -8.900000, 4.030000, 233.000000, 20.000000, 11.312500
277, -0.200000, 0.540000, 0.450000, -0.092222, -0.052222, 0.100000, 3.350000, -1.800000, 9.030000, 233.000000, 20.000000, 11.312500, -0.560000, 0.010000, 0.680000, -0.133333, -0.076667, -0.046667, -0.740000, -8.900000, 4.030000, 232.937500, 20.000000, 11.375000
295, -0.270000, 0.850000, 0.730000, -0.111111, -0.098889, 0.120000, 3.360000, -1.830000, 9.020000, 232.875000, 20.062500, 11.437500, -0.580000, -0.030000, 0.560000, -0.166667, -0.114444, -0.062222, -0.710000, -8.920000, 3.990000, 232.812500, 20.125000, 11.562500
316, -0.570000, 0.890000, 1.310000, -0.194444, -0.234444, 0.138889, 3.390000, -1.870000, 9.000000, 232.750000, 20.187500, 11.687500, -0.570000, -0.070000, 0.670000, -0.248889, -0.135556, -0.112222, -0.710000, -8.930000, 3.980000, 232.625000, 20.375000, 11.875000
336, -0.680000, 0.850000, 1.590000, -0.286667, -0.472222, 0.164444, 3.450000, -1.920000, 8.970000, 232.562500, 20.625000, 12.062500, -0.390000, -0.600000, 0.480000, -0.348889, -0.168889, -0.232222, -0.680000, -8.950000, 3.940000, 232.437500, 20.937500, 12.312500
357, 0.020000, -0.610000, -0.550000, -0.335556, -0.683333, 0.260000, 3.560000, -1.990000, 8.910000, 232.312500, 21.250000, 12.625000, 0.210000, -1.560000, -0.520000, -0.452222, -0.234444, -0.451111, -0.530000, -9.000000, 3.830000, 232.125000, 21.562500, 12.875000
377, 0.280000, -3.480000, -1.820000, -0.307778, -0.618889, 0.373333, 3.650000, -2.070000, 8.672500, 231.875000, 21.812500, 13.187500, 2.440000, -2.690000, -3.910000, -0.473333, -0.234444, -0.912222, -0.440000, -9.030000, 3.790000, 231.812500, 22.062500, 13.250000
396, 4.310000, -15.850000, -12.570000, 0.478889, 0.073333, -0.596667, 3.690000, -2.020000, 8.662500, 232.125000, 22.062500, 12.875000, 4.150000, -2.830000, -7.070000, 0.167778, -0.097778, -1.386667, -0.100000, -9.010000, 3.860000, 232.875000, 21.812500, 11.875000
416, 5.620000, -14.580000, -17.920000, 1.662222, 1.888889, -2.604445, 3.530000, -1.640000, 8.990000, 234.250000, 21.062500, 10.312500, 5.740000, 5.080000, -10.980000, 1.682222, 0.758889, -0.851111, -0.060000, -8.940000, 4.000000, 235.937500, 19.875000, 8.625000
437, -0.340000, -1.660000, -6.170000, 1.838889, 3.024444, -3.258889, 3.110000, -1.130000, 9.220000, 237.625000, 18.500000, 6.937500, 2.820000, 4.200000, -8.600000, 1.921111, 1.955556, 0.845556, -0.470000, -8.720000, 4.450000, 239.312500, 16.812500, 5.500000
457, -1.140000, 0.010000, -13.330000, 0.901111, 4.600000, -3.123333, 2.450000, -0.740000, 9.460000, 241.062500, 14.500000, 4.500000, -0.080000, 4.740000, -5.430000, 1.093333, 2.727778, 1.451111, -0.970000, -8.620000, 4.560000, 242.937500, 11.437500, 3.875000
475, -7.800000, 2.800000, -0.060000, -0.312222, 6.503334, -3.252222, 1.370000, -0.630000, 9.680000, 244.812500, 8.000000, 3.750000, -4.140000, 5.330000, -1.560000, 0.344444, 3.142222, 1.888889, -1.260000, -8.580000, 4.550000, 246.562500, 5.062500, 3.750000
496, -12.430000, 9.510000, 17.510000, -0.450000, 3.347778, -2.477778, 0.570000, -0.670000, 9.760000, 248.000000, 3.375000, 3.937500, -7.070000, 2.050000, 2.910000, -0.266667, 3.500000, 2.303333, -1.920000, -8.530000, 4.430000, 249.062500, 2.625000, 4.000000
516, -7.870000, 13.760000, 4.710000, -0.460000, 0.884444, -1.192222, 0.380000, -0.730000, 9.770000, 249.687500, 2.187500, 4.250000, -11.500000, -3.370000, 13.370000, -1.070000, 3.206667, 1.482222, -2.480000, -8.520000, 4.150000, 250.000000, 1.500000, 4.562500
537, -8.160000, 12.840000, 11.940000, -0.658889, 1.021111, 0.015556, 0.160000, -0.840000, 9.760000, 250.062500, 0.937500, 4.937500, -11.130000, -0.930000, 17.350000, -1.284444, 1.630000, -0.173333, -2.680000, -8.610000, 3.830000, 249.687500, 0.750000, 5.250000
555, -4.950000, 12.630000, 6.880000, -0.637778, -0.387778, 1.356667, 0.150000, -0.960000, 9.750000, 248.937500, 0.875000, 5.625000, -6.900000, 3.750000, 12.220000, -0.822222, -0.686667, -0.671111, -2.460000, -8.750000, 3.670000, 247.812500, 1.187500, 6.125000
576, -0.880000, 10.820000, -5.040000, -1.028889, -0.707778, 2.598889, 0.240000, -1.140000, 9.730000, 246.375000, 1.437500, 6.687500, -2.960000, 7.340000, 4.640000, -0.744444, -2.187778, -0.384444, -2.360000, -8.780000, 3.650000, 244.750000, 1.375000, 7.375000
596, 0.730000, 11.110000, -9.090000, -1.368889, 0.106667, 3.482222, 0.180000, -1.390000, 9.700000, 242.875000, 1.062500, 8.187500, -1.330000, 11.220000, 1.230000, -1.420000, -2.900000, 0.111111, -2.160000, -8.682500, 3.570000, 240.687500, 0.250000, 9.125000
617, 1.110000, 8.730000, -11.760000, -2.117778, 1.558889, 4.780000, -0.160000, -1.750000, 9.640000, 238.125000, -0.937500, 10.250000, -0.870000, 9.900000, -3.260000, -2.562222, -3.070000, 1.534444, -2.150000, -8.970000, 3.310000, 235.312500, -2.687500, 11.437500
637, -0.460000, 2.600000, -9.150000, -2.335556, 2.715556, 5.943333, -0.830000, -2.120000, 9.530000, 232.187500, -4.812500, 12.500000, -0.980000, 7.270000, -3.270000, -3.228889, -2.704444, 3.196667, -2.460000, -9.030000, 2.900000, 228.875000, -7.250000, 13.437500
656, 0.110000, -26.090000, -7.370000, -1.956667, 3.652222, 5.717778, -1.690000, -2.360000, 9.360000, 225.937500, -9.937500, 14.125000, 2.240000, -7.340000, -9.220000, -3.078889, -2.931111, 5.204444, -3.540000, -8.632500, 2.390000, 223.937500, -12.750000, 14.312500
676, -3.060000, -31.160000, 1.950000, 0.271111, 4.231111, 1.928889, -2.570000, -2.300000, 9.170000, 223.187500, -15.250000, 14.062500, 3.520000, -19.770000, -13.590000, -1.315556, -1.790000, 5.257778, -3.930000, -8.660000, 2.340000, 223.187500, -16.750000, 13.625000
697, -8.800000, -16.549999, 22.450001, 0.904444, 0.365556, -0.260000, -2.850000, -2.140000, 9.130000, 223.437500, -16.875000, 13.187500, 3.810000, -17.219999, -15.990000, 0.350000, -0.568889, 2.232222, -4.390000, -8.420000, 2.410000, 223.687500, -17.062500, 12.750000
717, -5.940000, -17.459999, 11.830000, 0.721111, -1.638889, -0.777778, -2.720000, -2.020000, 9.190000, 224.062500, -16.125000, 12.437500, -0.450000, -16.840000, -7.750000, 0.138889, 1.024444, -0.537778, -4.430000, -8.400000, 2.400000, 225.125000, -14.125000, 12.187500
736, -5.810000, -16.190001, 4.910000, 1.225556, -3.602222, -3.055556, -2.020000, -1.970000, 9.390000, 226.687500, -11.875000, 11.812500, -2.450000, -13.260000, -5.450000, 0.764444, 1.501111, -2.833333, -4.140000, -8.560000, 2.360000, 228.562500, -9.437500, 11.125000
756, -4.360000, -1.780000, -3.900000, 1.806667, -3.755556, -3.676667, -1.210000, -1.750000, 9.570000, 230.437500, -7.062500, 10.375000, -4.150000, -2.440000, -4.570000, 1.866667, 1.503333, -4.424443, -3.180000, -8.880000, 2.660000, 232.500000, -4.687500, 9.437500
777, -1.340000, 6.020000, -12.560000, 2.041111, -3.426667, -4.025556, -0.430000, -1.440000, 9.690000, 234.625000, -2.500000, 8.437500, -6.530000, 6.250000, -3.520000, 2.701111, 1.796667, -4.551111, -2.840000, -8.940000, 2.840000, 236.562500, -0.750000, 7.500000
797, 6.520000, 14.790000, -30.059999, 1.364444, 0.775556, -2.683333, -0.170000, -1.160000, 9.730000, 238.062500, -1.000000, 6.812500, -4.970000, 25.049999, -1.200000, 3.374444, 2.772222, -3.116667, -2.360000, -8.930000, 3.270000, 239.562500, -1.250000, 6.062500
815, 4.640000, 15.650000, -31.299999, 1.091111, 3.525556, -1.840000, -0.520000, -0.940000, 9.740000, 240.625000, -3.062500, 5.500000, -3.130000, 27.299999, 0.210000, 2.233333, 4.403333, 0.844444, -2.580000, -8.770000, 3.540000, 241.375000, -6.375000, 5.250000
836, -3.780000, 11.870000, -26.059999, 0.408889, 8.697778, -0.330000, -1.880000, -0.860000, 9.580000, 241.812500, -11.062500, 5.125000, -3.370000, 16.660000, 3.950000, -0.430000, 4.195556, 4.467778, -3.480000, -8.530000, 3.330000, 241.625000, -18.000000, 5.437500
856, -9.440000, 3.400000, -9.780000, -0.485556, 12.752601, 0.810000, -4.140000, -0.900000, 8.652500, 241.500000, -24.937500, 5.812500, -2.640000, 12.490000, 4.310000, -1.867778, 2.516667, 6.337778, -4.580000, -8.180000, 2.850000, 241.187500, -32.062500, 6.187500
877, -13.030000, -4.730000, 5.570000, -0.622222, 12.488889, 0.868889, -6.150000, -0.900000, 7.570000, 241.000000, -38.875000, 6.750000, -2.440000, -2.680000, -0.810000, -1.895555, 1.317778, 7.624444, -5.780000, -7.540000, 2.410000, 240.875000, -44.937500, 7.625000
895, -18.719999, -4.090000, 19.510000, -0.724444, 9.912222, -0.010000, -7.540000, -0.960000, 6.180000, 241.000000, -50.312500, 8.875000, -4.540000, -16.260000, -2.180000, -2.098889, 1.121111, 6.456666, -6.770000, -6.800000, 2.010000, 241.312500, -54.687500, 10.562500
916, -23.850000, -7.390000, 33.820000, -1.104445, 4.292222, -0.450000, -8.210000, -1.130000, 5.220000, 241.375000, -56.875000, 12.187500, -7.440000, -25.770000, 5.210000, -2.165555, 2.120000, 3.504444, -7.360000, -6.290000, 1.480000, 241.250000, -56.687500, 12.812500
936, -21.980000, -10.780000, 32.980000, -0.431111, -4.014444, -0.213333, -7.980000, -1.230000, 5.550000, 241.062500, -54.500000, 12.500000, -11.930000, -28.200001, 13.180000, -0.996667, 1.226667, -0.773333, -7.450000, -6.280000, 1.070000, 240.937500, -50.937500, 11.625000
957, -19.290001, -13.130000, 12.800000, 0.905556, -9.105556, -0.417778, -7.050000, -1.220000, 6.690000, 241.000000, -46.000000, 10.312500, -11.120000, -19.520000, 4.500000, 1.242222, -2.266667, -4.451111, -6.960000, -6.760000, 1.360000, 241.375000, -40.187500, 8.750000
977, -13.180000, -12.070000, -3.830000, 2.473333, -11.052222, -0.903333, -5.510000, -1.000000, 8.040000, 241.937500, -34.187500, 7.125000, -7.940000, -10.480000, -5.250000, 2.262222, -3.494444, -6.615556, -6.020000, -7.450000, 2.050000, 242.875000, -28.437500, 5.625000
996, -4.160000, 1.090000, -12.100000, 2.982222, -9.205556, -1.934444, -3.890000, -0.670000, 8.970000, 244.062500, -23.375000, 4.312500, -6.290000, -2.560000, -8.720000, 2.861111, -2.996667, -7.790000, -4.760000, -8.100000, 2.790000, 245.375000, -19.000000, 3.250000
1016, 1.080000, 7.250000, -14.540000, 2.043333, -6.472222, -2.062222, -2.610000, -0.400000, 9.440000, 246.562500, -15.437500, 2.437500, -5.920000, 9.600000, -4.800000, 2.904444, -1.293333, -7.717778, -3.410000, -8.530000, 3.390000, 247.625000, -12.437500, 1.750000
1037, 6.320000, 7.920000, -18.709999, 1.355556, -4.558889, -1.458889, -1.700000, -0.190000, 9.650000, 248.437500, -9.937500, 1.125000, -1.530000, 19.559999, -0.030000, 2.594445, -0.383333, -6.077778, -2.290000, -8.710000, 3.870000, 249.000000, -8.125000, 0.750000
1057, 9.480000, -5.730000, -17.559999, 0.558889, -1.982222, -0.566667, -1.200000, -0.080000, 9.730000, 249.312500, -7.062500, 0.500000, 3.080000, 16.600000, -2.020000, 1.511111, -0.384444, -2.624444, -1.680000, -8.700000, 4.180000, 249.625000, -6.750000, 0.312500
1076, 5.370000, -13.390000, -6.100000, 0.304444, 0.674444, -1.053333, -1.210000, -0.030000, 9.730000, 250.250000, -7.062500, 0.187500, 7.500000, -2.060000, -12.160000, 0.642222, -0.240000, 0.302222, -1.610000, -8.650000, 4.320000, 251.312500, -7.812500, 0.125000
1096, -0.980000, -18.590000, 3.890000, 0.738889, 0.808889, -3.025556, -1.400000, 0.000000, 9.700000, 252.937500, -8.250000, 0.000000, 7.280000, -6.860000, -15.040000, 0.908889, 1.374444, 0.403333, -1.760000, -8.570000, 4.420000, 255.312500, -8.312500, -0.500000
1116, -3.720000, -6.710000, 1.940000, 2.713333, -0.342222, -4.955555, -1.400000, 0.270000, 9.700000, 258.062500, -8.187500, -1.625000, -2.410000, -5.480000, -5.080000, 1.765556, 3.246667, -0.043333, -2.020000, -8.430000, 4.570000, 261.062500, -8.000000, -3.187500
1137, -7.830000, 9.450000, 7.180000, 3.995556, -0.574444, -4.731111, -1.340000, 0.850000, 9.670000, 263.812500, -7.812500, -5.000000, -6.470000, -3.640000, 4.120000, 1.798889, 3.414444, -0.592222, -2.250000, -8.280000, 4.730000, 266.062500, -7.750000, -6.750000
1155, -10.590000, 15.890000, 11.300000, 3.254444, -1.274444, -3.105556, -1.240000, 1.400000, 9.620000, 267.937500, -7.250000, -8.250000, -8.700000, 0.230000, 11.510000, 1.380000, 2.190000, -1.751111, -2.270000, -8.210000, 4.850000, 269.312500, -6.187500, -9.625000
1176, -9.380000, 22.670000, 8.040000, 1.906575, -3.450000, -1.140000, -0.760000, 1.790000, 9.610000, 270.187500, -4.437500, -10.562500, -9.250000, 7.940000, 17.200001, 0.866667, 1.107778, -3.081111, -1.960000, -8.220000, 4.950000, 270.375000, -2.062500, -11.000000
1196, -8.980000, 21.889999, 6.140000, 0.108889, -5.717778, 1.217778, 0.180000, 1.880000, 9.620000, 270.000000, 1.062500, -11.062500, -7.130000, 10.990000, 14.190000, 0.522222, -1.011111, -2.956667, -1.430000, -8.270000, 5.060000, 269.125000, 5.125000, -10.812500
1217, -7.440000, 10.430000, -4.690000, -0.773333, -8.357778, 3.428889, 1.690000, 1.720000, 9.500000, 267.687500, 9.937500, -10.250000, -4.490000, 5.760000, 8.490000, 0.104444, -2.564445, -1.807778, -0.880000, -8.300000, 5.140000, 265.875000, 15.000000, -9.437500
1235, -6.600000, 4.810000, -7.410000, -0.427778, -8.707778, 4.500000, 3.360000, 1.390000, 9.100000, 263.812500, 20.062500, -8.687500, -3.410000, 4.410000, 4.820000, -0.051111, -3.612222, -1.540000, -0.300000, -8.320000, 5.170000, 261.562500, 24.937500, -8.062500
1256, -4.710000, -1.600000, -8.200000, 0.735556, -7.897778, 4.718889, 4.840000, 1.110000, 8.450000, 259.187500, 29.562500, -7.437500, 0.260000, 6.930000, -2.600000, -0.180000, -4.463333, -1.737778, 0.370000, -8.330000, 5.150000, 256.687500, 34.000000, -6.625000
1276, 0.520000, -9.830000, -20.400000, 0.924444, -7.127778, 4.700000, 6.050000, 0.750000, 7.670000, 254.125000, 38.125000, -5.625000, 4.640000, 8.400000, -7.820000, 0.392222, -4.273334, -0.828889, 0.980000, -8.300000, 5.120000, 251.937500, 41.500000, -4.375000
1297, 2.640000, -11.810000, -23.049999, 0.390000, -3.782222, 3.045556, 6.770000, 0.390000, 7.080000, 250.250000, 43.625000, -3.187500, 7.090000, 7.150000, -15.400000, 1.035556, -2.936667, 1.325556, 1.190000, -8.220000, 5.210000, 249.125000, 44.687500, -2.375000
1317, 2.110000, -7.140000, -32.560001, 0.254444, 0.141111, 1.125556, 6.890000, 0.230000, 6.970000, 248.437500, 44.625000, -1.875000, 5.260000, 10.090000, -19.110001, -0.052222, -0.722222, 2.218889, 1.000000, -8.240000, 5.210000, 248.125000, 43.062500, -1.437500
1336, -0.500000, -5.850000, -36.619999, -0.708889, 5.528889, 0.015556, 6.310000, 0.130000, 7.500000, 248.250000, 40.062500, -1.000000, 3.590000, 10.910000, -22.490000, -0.748889, 2.444444, 3.333333, 0.370000, -8.330000, 5.140000, 248.687500, 35.500000, -0.375000
1356, -24.020000, -17.860001, -47.959999, -2.334445, 13.175555, -0.801111, 4.660000, -0.080000, 8.620000, 249.500000, 28.375000, 0.562500, -5.270000, 8.672500, -10.750000, -1.847778, 6.632222, 4.856667, -0.880000, -8.460000, 4.870000, 250.750000, 18.312500, 1.875000
1377, -39.869999, -20.700001, -45.270000, -3.075556, 23.091110, -2.090000, 1.000000, -0.550000, 9.730000, 252.312500, 5.812500, 3.187500, -6.500000, 8.280000, -10.210000, -2.288889, 6.742222, 6.516667, -2.460000, -8.460000, 4.290000, 254.312500, -8.312500, 4.187500
1397, -34.689999, -4.430000, 3.830000, -0.315556, 27.194445, -3.086667, -3.800000, -0.810000, 8.990000, 256.500000, -22.812500, 5.125000, -10.330000, 8.970000, -7.150000, -1.145555, 6.304444, 8.620000, -4.230000, -8.050000, 3.640000, 258.812500, -36.250000, 6.750000
1415, -32.060001, 6.190000, 28.110001, 0.064444, 20.641111, -2.777778, -7.190000, -1.090000, 6.570000, 261.000000, -47.125000, 9.437500, -11.990000, 9.240000, -4.360000, -0.951111, 5.072222, 9.675555, -5.950000, -7.180000, 3.000000, 262.812500, -54.562500, 13.375000
1436, -23.770000, 5.360000, 16.980000, -1.794444, 8.812222, -1.558889, -8.400000, -1.520000, 4.810000, 263.562500, -58.937500, 17.562500, -18.480000, -15.060000, 5.230000, -4.130000, 4.156667, 9.737778, -7.400000, -6.090000, 2.050000, 263.312500, -61.750000, 21.125000
1456, -23.559999, -3.750000, 21.299999, -2.634444, 4.385556, 0.393333, -8.810000, -1.740000, 3.910000, 262.500000, -64.000000, 24.000000, -19.410000, -32.669998, 26.510000, -4.096667, 4.070000, 6.474444, -8.320000, -5.080000, 0.960000, 261.687500, -65.875000, 26.125000
1477, -24.260000, 0.570000, 29.719999, -0.950000, 1.901111, 0.731111, -9.020000, -1.730000, 3.410000, 261.062500, -67.000000, 26.875000, -16.129999, -23.240000, 19.780001, -1.063333, 0.048889, 0.680000, -8.540000, -4.770000, 0.560000, 260.500000, -67.062500, 25.500000
1495, -20.459999, -0.120000, 21.620001, 0.342222, -2.561111, 1.368889, -8.960000, -1.510000, 3.660000, 259.687500, -66.062500, 22.437500, -10.580000, -10.090000, 5.000000, 0.897778, -3.397778, -2.844445, -8.290000, -5.110000, 1.070000, 258.750000, -64.125000, 18.750000
1516, -17.480000, -0.140000, 15.300000, 0.298889, -5.987778, 1.488889, -8.600000, -1.230000, 4.540000, 257.750000, -61.250000, 15.187500, -7.960000, -6.460000, 2.070000, 0.648889, -3.930000, -4.485556, -7.760000, -5.720000, 1.750000, 256.687500, -57.500000, 12.312500
1536, -17.840000, -0.310000, 13.440000, -0.104444, -8.910000, 1.270000, -7.820000, -1.030000, 5.820000, 255.625000, -52.875000, 10.000000, -7.170000, -6.240000, 4.720000, 0.310000, -3.365556, -5.433333, -7.020000, -6.440000, 2.280000, 254.625000, -47.437500, 8.187500
1557, -19.299999, -0.090000, 9.630000, 0.074444, -11.530000, 1.252222, -6.470000, -0.860000, 7.310000, 253.625000, -41.312500, 6.687500, -7.580000, -4.720000, 6.350000, 0.467778, -3.475556, -6.352222, -6.070000, -7.180000, 2.760000, 252.625000, -34.375000, 5.437500
1575, -19.410000, 0.100000, -0.670000, 0.539392, -14.302222, 1.330000, -4.400000, -0.660000, 8.730000, 251.687500, -26.687500, 4.312500, -8.080000, -1.690000, 3.750000, 0.816667, -4.288889, -7.157778, -4.830000, -7.860000, 3.290000, 250.750000, -18.625000, 3.312500
1596, -11.030000, -3.040000, -17.139999, 1.235556, -14.632222, 1.538889, -1.830000, -0.390000, 9.620000, 249.812500, -10.750000, 2.312500, -8.460000, 1.160000, -0.380000, 1.331111, -4.832222, -7.634444, -3.340000, -8.370000, 3.840000, 248.875000, -3.375000, 1.312500
1616, -4.170000, -3.940000, -18.410000, 1.903333, -12.243333, 1.531111, 0.550000, -0.040000, 9.790000, 248.000000, 3.250000, 0.250000, -5.330000, 7.500000, -6.800000, 2.232222, -4.986667, -7.448889, -1.730000, -8.580000, 4.400000, 247.125000, 9.125000, -0.625000
1637, 0.460000, -5.600000, -22.160000, 1.747778, -9.862223, 1.530000, 2.460000, 0.240000, 9.480000, 246.250000, 14.500000, -1.437500, 2.440000, 13.560000, -13.760000, 2.606667, -4.897778, -6.104445, -0.230000, -8.480000, 4.910000, 245.437500, 19.437500, -2.062500
1657, 6.570000, -4.380000, -27.480000, 1.296667, -7.361111, 1.342222, 3.900000, 0.400000, 8.980000, 244.625000, 23.437500, -2.562500, 6.800000, 14.650000, -16.580000, 2.555556, -3.778889, -3.182222, 0.790000, -8.210000, 5.300000, 243.937500, 26.375000, -2.812500
1676, 4.750000, -2.310000, -24.559999, 0.500000, -3.487778, 0.960000, 4.650000, 0.430000, 8.610000, 243.375000, 28.312500, -2.812500, 5.490000, 17.389999, -15.250000, 1.383333, -1.711111, -0.174444, 1.160000, -8.010000, 5.520000, 243.062500, 29.312500, -2.875000
1696, 2.730000, 7.080000, -28.780001, -0.102222, -0.097778, 0.346667, 4.810000, 0.400000, 8.530000, 242.875000, 29.375000, -2.687500, 0.010000, 16.250000, -10.680000, -0.547778, 1.232222, 1.931111, 0.890000, -8.040000, 5.530000, 242.812500, 28.250000, -2.125000
1717, -3.780000, 9.440000, -18.770000, -1.540000, 4.548889, 0.780000, 4.260000, 0.160000, 8.632500, 242.500000, 25.750000, -1.000000, -5.770000, 11.900000, -2.220000, -2.255556, 3.031111, 3.611111, 0.120000, -8.260000, 5.270000, 241.937500, 22.375000, 0.375000
1737, -8.400000, 0.350000, -13.090000, -2.303333, 7.478889, 2.037778, 3.080000, -0.330000, 9.300000, 241.125000, 18.312500, 2.000000, -7.130000, 5.140000, 1.620000, -4.072222, 2.335556, 4.775556, -0.850000, -8.580000, 4.660000, 240.187500, 13.500000, 3.812500
1755, -14.530000, -16.020000, 9.580000, -3.162222, 9.426666, 2.372222, 1.410000, -0.970000, 9.650000, 239.250000, 8.312500, 5.687500, -4.080000, -8.650000, -2.670000, -3.830000, 0.865555, 5.146667, -1.790000, -8.780000, 3.970000, 238.625000, 3.687500, 7.312500
1776, -14.250000, -16.950001, 29.320000, -1.393333, 4.133333, 0.864444, 0.240000, -1.380000, 9.700000, 238.312500, 1.375000, 8.062500, -4.900000, -29.620001, -1.570000, -2.566667, 0.626667, 4.213333, -2.600000, -8.790000, 3.460000, 238.125000, 1.687500, 7.937500
1796, -8.060000, -17.740000, 14.820000, 1.015556, -3.471111, -0.263333, 0.620000, -1.260000, 9.700000, 238.125000, 3.625000, 7.437500, -5.540000, -27.500000, 0.710000, -0.314444, 0.414444, -0.268889, -2.820000, -8.800000, 3.260000, 238.562500, 6.062500, 6.687500
1817, -5.360000, -12.190000, 4.050000, 1.571111, -4.642222, -2.121111, 1.480000, -0.970000, 9.640000, 239.500000, 8.687500, 5.750000, -4.570000, -9.190000, -7.400000, 1.807778, -1.061111, -4.562222, -2.150000, -8.880000, 3.530000, 240.875000, 11.250000, 4.437500
1835, -3.680000, -5.620000, -2.460000, 2.091111, -4.086667, -3.272222, 2.310000, -0.490000, 9.510000, 242.437500, 13.625000, 2.937500, -4.570000, -1.090000, -6.090000, 2.768889, -0.338889, -5.581111, -1.180000, -8.682500, 3.990000, 242.437500, 13.625000, 2.937500
1856, -0.580000, 10.010000, -10.720000, 2.156458, -3.224444, -3.607778, 2.940000, 0.070000, 9.350000, 246.000000, 17.437500, -0.437500, -5.190000, 17.760000, 2.560000, 2.926667, 0.218889, -5.254445, -0.300000, -8.710000, 4.480000, 247.625000, 18.875000, -2.062500
1876, 4.750000, 18.230000, -18.209999, 1.007778, -1.856667, -2.497778, 3.320000, 0.500000, 9.210000, 248.937500, 19.812500, -3.125000, -1.620000, 22.150000, 1.460000, 1.091111, -0.451111, -2.743333, 0.300000, -8.560000, 4.760000, 249.750000, 20.125000, -3.312500
1897, 4.710000, 9.890000, -18.330000, -1.684444, 0.715556, -0.513333, 3.310000, 0.400000, 9.220000, 250.187500, 19.687500, -2.500000, 2.720000, 9.150000, -4.750000, -1.528889, -0.251111, 0.253333, 0.400000, -8.640000, 4.610000, 250.312500, 18.437500, -0.875000
1917, -0.640000, -13.400000, -1.220000, -3.451111, 3.621111, 0.458889, 2.780000, -0.160000, 9.400000, 250.312500, 16.500000, 1.000000, 3.880000, -1.790000, -6.660000, -2.627778, 0.593333, 1.320000, 0.180000, -8.662500, 4.200000, 250.500000, 14.125000, 3.062500
1936, -6.030000, -19.450001, 21.910000, -3.046667, 3.447778, -0.540504, 2.090000, -0.770000, 9.540000, 251.062500, 12.250000, 4.625000, 2.460000, -11.780000, -6.570000, -1.727778, 1.443333, 1.752222, -0.190000, -9.010000, 3.850000, 252.000000, 11.937500, 5.250000
1956, -2.260000, -18.830000, 7.390000, -0.032222, -1.518889, -1.928889, 2.180000, -0.840000, 9.520000, 253.000000, 12.812500, 5.062500, -1.240000, -20.940001, -2.570000, -0.022222, 1.925556, 0.600000, -0.510000, -9.040000, 3.750000, 254.250000, 14.437500, 4.187500
1977, -0.910000, -10.700000, 2.340000, 1.995556, -2.876667, -3.202222, 2.720000, -0.430000, 9.410000, 255.750000, 16.062500, 2.625000, -0.620000, -12.210000, -4.820000, 2.007778, 1.223333, -2.352222, -0.330000, -8.940000, 4.000000, 257.562500, 17.562500, 0.750000
1997, -4.410000, 0.220000, 2.680000, 2.445555, -2.454444, -3.992222, 3.170000, 0.200000, 9.270000, 259.500000, 18.875000, -1.250000, -1.800000, 3.890000, -4.440000, 2.948889, 1.443333, -3.758889, 0.150000, -8.720000, 4.470000, 261.625000, 20.250000, -3.437500
2016, -4.050000, 10.400000, -5.750000, 2.527778, -3.285556, -4.291111, 3.650000, 0.910000, 9.050000, 263.750000, 21.875000, -5.750000, -5.740000, 13.560000, 1.210000, 2.728889, 2.586667, -3.478889, 0.530000, -8.440000, 4.950000, 265.812500, 23.437500, -8.125000
2036, -1.520000, 30.980000, -12.570000, 1.748889, -2.722222, -3.303333, 4.080000, 1.540000, 8.770000, 267.500000, 24.625000, -9.937500, -9.040000, 20.340000, 15.230000, 1.168889, 2.867778, -1.468889, 0.600000, -8.250000, 5.260000, 267.500000, 24.625000, -9.937500
2057, -4.600000, 31.410000, -7.180000, -0.615555, -0.387778, -0.060000, 4.220000, 1.610000, 8.690000, 268.687500, 25.500000, -10.500000, -10.220000, 7.790000, 17.540001, -1.165556, 1.193333, 1.001111, 0.350000, -8.320000, 5.170000, 267.812500, 25.437500, -9.375000
2077, -6.070000, 23.400000, -1.150000, -0.955556, 0.385556, 3.478889, 4.220000, 1.230000, 8.760000, 266.000000, 25.500000, -7.937500, -7.400000, 10.130000, 15.620000, -1.676667, -1.004444, 1.047778, 0.210000, -8.490000, 4.890000, 263.500000, 25.937500, -6.375000
2095, -5.920000, 13.930000, -3.030000, -0.820000, -0.426667, 5.893333, 4.370000, 0.660000, 8.750000, 260.375000, 26.500000, -4.312500, -3.720000, 9.190000, 5.570000, -1.716667, -3.132222, 1.411111, 0.240000, -8.640000, 4.610000, 256.937500, 27.000000, -2.125000
2116, -4.110000, 5.160000, -6.860000, -0.816667, -0.400000, 6.964445, 4.490000, -0.030000, 8.710000, 253.250000, 27.250000, 0.250000, -2.060000, 6.960000, -0.620000, -2.542222, -4.398889, 2.123333, 0.260000, -8.662500, 4.210000, 249.437500, 27.187500, 2.750000
2136, -2.560000, -0.410000, -10.210000, -0.786667, 0.134444, 7.371111, 4.430000, -0.790000, 8.710000, 245.562500, 26.875000, 5.187500, 1.270000, 6.630000, -7.920000, -2.751111, -4.638889, 3.105556, 0.140000, -9.070000, 3.720000, 241.687500, 26.062500, 7.625000
2157, 1.820000, -17.830000, -23.469999, -1.190000, 1.897778, 6.928889, 4.060000, -1.540000, 8.780000, 238.125000, 24.437500, 9.937500, 4.980000, 1.460000, -15.610000, -2.726667, -3.735556, 4.691111, -0.330000, -9.240000, 3.240000, 235.312500, 21.687500, 12.062500
2175, -0.470000, -17.780001, -27.030001, -1.467778, 5.992222, 4.144444, 3.030000, -2.160000, 9.060000, 233.500000, 18.000000, 13.437500, 2.790000, -5.310000, -17.540001, -1.497778, -0.076667, 5.457778, -1.200000, -9.280000, 2.930000, 232.812500, 13.250000, 13.812500
2196, -7.770000, -11.490000, -32.349998, -0.127778, 11.393333, 1.126667, 1.210000, -2.310000, 9.450000, 233.000000, 7.125000, 13.750000, -2.100000, -0.250000, -7.470000, -0.617778, 2.998889, 5.208889, -2.260000, -9.150000, 2.700000, 233.687500, -0.625000, 13.437500
2216, -28.459999, -4.590000, -11.600000, 0.688889, 17.415556, 0.242222, -1.680000, -2.220000, 9.400000, 234.625000, -9.875000, 13.250000, -5.320000, 2.330000, -4.800000, -0.674444, 2.375556, 5.992222, -3.370000, -8.682500, 2.460000, 235.750000, -19.875000, 13.500000
2237, -32.930000, -8.080000, 9.290000, 0.522222, 18.863333, 0.431111, -4.880000, -2.090000, 8.230000, 236.750000, -29.875000, 14.250000, -5.400000, -1.830000, -5.600000, -1.462222, 1.560000, 6.848889, -4.550000, -8.410000, 2.120000, 237.750000, -39.125000, 15.625000
2257, -32.099998, -6.220000, 32.669998, 0.558889, 14.590000, 0.080000, -7.140000, -2.000000, 6.400000, 238.812500, -46.750000, 17.375000, -6.530000, -25.290001, 2.180000, -1.512222, 2.077778, 4.792222, -5.480000, -7.940000, 1.700000, 239.562500, -51.062500, 18.750000
2276, -31.080000, -2.460000, 33.139999, 0.610000, -1.312222, 0.047778, -7.550000, -1.940000, 5.930000, 239.625000, -50.375000, 18.125000, -8.680000, -23.160000, 7.750000, -0.066667, 1.388889, 0.097778, -5.730000, -7.820000, 1.430000, 238.750000, -45.312500, 16.250000
2296, -19.219999, -14.930000, 5.900000, -0.763333, -13.022223, 0.482222, -6.120000, -1.950000, 7.400000, 237.500000, -38.562500, 14.750000, -8.800000, -19.660000, 6.300000, 1.661111, -0.648889, -3.935555, -5.270000, -8.100000, 1.650000, 236.562500, -31.250000, 13.437500
2317, -22.250000, -17.680000, 6.350000, 0.803333, -14.414444, -0.651111, -3.910000, -1.910000, 8.780000, 236.187500, -23.500000, 12.312500, -4.330000, -5.080000, -6.350000, 2.664444, -2.612222, -5.852222, -4.320000, -8.500000, 2.250000, 236.500000, -15.125000, 11.062500
2337, -11.050000, -7.380000, -21.680000, 2.615556, -15.801111, -2.710000, -1.090000, -1.630000, 9.600000, 237.312500, -6.375000, 9.625000, -4.000000, -3.480000, -8.190000, 2.665555, -2.023333, -6.575555, -3.140000, -8.652500, 2.840000, 238.500000, 1.625000, 8.000000
2356, -1.510000, -4.810000, -26.650000, 2.858889, -11.795555, -3.505556, 1.400000, -1.070000, 9.640000, 239.937500, 8.187500, 6.375000, -3.300000, 3.590000, -6.620000, 3.596667, -0.684444, -6.220000, -2.000000, -8.950000, 3.460000, 241.562500, 13.187500, 4.687500
2376, 1.580000, -5.680000, -21.170000, 2.285556, -6.257778, -3.705555, 2.820000, -0.490000, 9.370000, 243.312500, 16.687500, 3.000000, 1.620000, 14.980000, -8.170000, 4.923333, -0.141111, -4.736667, -1.100000, -8.760000, 4.240000, 245.187500, 19.187500, 1.062500
2396, 5.410000, 7.000000, -28.440001, 2.433333, -2.850000, -4.167778, 3.470000, 0.170000, 9.160000, 247.250000, 20.687500, -1.062500, 3.930000, 16.940001, -9.230000, 4.652222, 0.492222, -1.872222, -0.700000, -8.380000, 5.030000, 249.125000, 21.000000, -2.812500
2417, 3.390000, 4.110000, -31.920000, 0.470000, 2.223333, -3.521111, 3.300000, 0.600000, 9.210000, 251.000000, 19.687500, -3.750000, 5.810000, 16.040001, -14.900000, 2.182222, 2.142222, 0.080000, -0.820000, -8.100000, 5.450000, 252.875000, 16.687500, -3.937500
2435, -0.040000, 4.210000, -31.520000, -1.398889, 7.985556, -3.715556, 2.070000, 0.610000, 9.560000, 254.875000, 12.187500, -3.625000, 3.120000, 14.470000, -11.840000, -0.508889, 5.696667, 1.297778, -1.470000, -8.060000, 5.370000, 256.812500, 6.000000, -2.875000
2456, -18.680000, 4.610000, -23.790001, -1.991111, 14.831111, -3.702222, -0.360000, 0.310000, 9.790000, 258.687500, -2.062500, -1.812500, -9.950000, 9.870000, 7.230000, -2.658889, 6.433333, 2.894444, -2.470000, -8.180000, 4.800000, 260.437500, -11.562500, -0.875000
2476, -29.639999, 20.900000, 16.740000, -0.641111, 18.102222, -2.797778, -3.580000, 0.010000, 9.120000, 261.812500, -21.375000, -0.062500, -13.330000, -0.830000, 15.890000, -4.082222, 4.776667, 4.068889, -3.530000, -8.260000, 3.910000, 262.687500, -30.500000, 0.687500
2497, -29.100000, 16.629999, 31.350000, -1.840000, 13.737778, -0.365556, -6.030000, -0.260000, 7.720000, 262.687500, -37.937500, 1.937500, -12.660000, -4.400000, 20.080000, -3.718889, 1.500000, 2.581111, -4.180000, -8.300000, 3.120000, 261.687500, -42.250000, 3.375000
2515, -15.660000, 25.080000, 21.540001, -2.318889, -0.302222, 1.576667, -6.580000, -0.480000, 7.250000, 260.312500, -42.125000, 3.812500, -8.090000, -0.290000, 13.020000, -2.433333, -1.637778, 0.937778, -4.340000, -8.340000, 2.760000, 258.250000, -38.875000, 4.250000
2536, -14.990000, 12.160000, 10.800000, -4.916667, -8.637777, 3.880000, -5.540000, -0.720000, 8.050000, 255.062500, -34.375000, 5.062500, -5.840000, 0.790000, 9.390000, -2.471111, -4.295556, 0.285556, -4.210000, -8.430000, 2.680000, 251.312500, -29.062500, 6.000000
2556, -11.920000, -18.100000, 1.430000, -5.003334, -11.278889, 5.381111, -3.880000, -1.090000, 8.930000, 247.437500, -23.312500, 6.937500, -0.520000, -10.560000, -0.780000, -2.087778, -4.263333, 0.604444, -4.060000, -8.510000, 2.660000, 244.187500, -17.187500, 7.687500
2577, -2.640000, -18.090000, -16.020000, -1.372222, -11.493333, 3.263333, -1.910000, -1.300000, 9.520000, 241.875000, -11.250000, 7.750000, -1.080000, -12.890000, -3.550000, -0.838889, -3.586667, -0.607778, -3.850000, -8.580000, 2.750000, 240.437500, -6.250000, 7.187500
2597, 5.130000, -14.880000, -13.650000, 1.290000, -6.733333, 1.256667, -0.460000, -1.100000, 9.730000, 239.562500, -2.687500, 6.437500, 1.510000, -8.980000, -10.430000, 0.767778, -4.087778, -2.226667, -3.310000, -8.690000, 3.080000, 239.062500, -0.437500, 5.687500
2616, 4.650000, -19.480000, -8.520000, 1.045556, -2.612222, 0.360000, 0.150000, -0.880000, 9.760000, 238.750000, 0.875000, 5.125000, 6.910000, -5.570000, -20.129999, 1.856667, -3.155555, -2.007778, -2.730000, -8.710000, 3.560000, 238.875000, 1.750000, 4.687500
2636, 4.650000, -19.320000, -10.040000, 0.934444, -0.643333, -1.255556, 0.370000, -0.710000, 9.770000, 239.562500, 2.187500, 4.125000, 8.170000, -6.000000, -21.870001, 1.854445, -2.020000, -1.717778, -2.370000, -8.660000, 3.930000, 240.750000, 2.000000, 3.562500
2657, 1.280000, -15.250000, -8.110000, 1.082222, 1.255556, -3.034444, 0.250000, -0.500000, 9.790000, 242.375000, 1.437500, 2.937500, -1.190000, 7.520000, -10.740000, 2.443333, 2.201111, -1.250000, -2.270000, -8.540000, 4.240000, 244.500000, 0.562500, 2.062500
2677, -3.170000, 15.400000, -14.620000, 1.817778, 2.336667, -4.231111, -0.100000, -0.190000, 9.800000, 246.812500, -0.562500, 1.125000, -5.240000, 12.230000, -5.840000, 2.446667, 4.142222, -0.587778, -2.460000, -8.360000, 4.490000, 248.937500, -2.500000, 0.250000
2695, -6.460000, 27.469999, -10.570000, 0.776667, 5.198889, -2.608889, -0.910000, 0.000000, 9.760000, 250.375000, -5.312500, 0.000000, -10.710000, 18.990000, 8.910000, -1.008889, 4.546667, 0.500000, -2.870000, -8.340000, 4.260000, 251.062500, -8.625000, 0.375000
2716, -8.760000, 19.040001, 6.870000, -1.905556, 6.363333, -0.466667, -2.090000, -0.250000, 9.570000, 251.250000, -12.312500, 1.437500, -8.290000, 7.940000, 15.610000, -3.336667, 1.854445, 1.201111, -3.250000, -8.500000, 3.630000, 251.000000, -15.062500, 2.625000
2736, -7.330000, 15.480000, 16.059999, -2.131111, 3.187778, 1.256667, -2.840000, -0.590000, 9.360000, 250.187500, -16.875000, 3.625000, -7.560000, 5.560000, 15.010000, -3.297778, 0.660000, 1.418889, -3.520000, -8.590000, 3.120000, 248.750000, -17.312500, 4.125000
2757, -0.120000, -2.620000, 0.050000, -1.300000, -1.071111, 3.740000, -2.850000, -0.680000, 9.350000, 246.562500, -16.937500, 4.187500, -0.910000, -1.420000, 4.420000, -1.317778, -2.812222, 2.563150, -3.780000, -8.530000, 3.000000, 244.125000, -16.250000, 4.250000
2775, 2.330000, -23.650000, -2.390000, -0.920000, -1.342222, 3.470000, -2.640000, -0.690000, 9.410000, 242.125000, -15.625000, 4.187500, 5.080000, -15.980000, -12.490000, 0.084444, -3.516667, 2.906667, -4.040000, -8.330000, 3.220000, 241.062500, -15.437500, 3.875000
2796, 0.350000, -20.830000, 5.500000, 0.751111, 0.108889, 0.442222, -2.620000, -0.560000, 9.430000, 240.875000, -15.500000, 3.375000, 6.360000, -18.360001, -15.650000, 0.924444, -2.188889, 1.057778, -4.130000, -8.150000, 3.540000, 241.312500, -15.625000, 2.875000
2816, -1.820000, -20.309999, 9.650000, 1.546667, -0.062222, -1.578889, -2.630000, -0.380000, 9.430000, 242.312500, -15.562500, 2.250000, 5.560000, -16.080000, -15.860000, 1.466667, 0.120000, -1.215556, -3.990000, -8.110000, 3.780000, 243.812500, -15.125000, 1.500000
2837, -0.790000, -11.640000, 4.240000, 2.605556, -1.311111, -3.083333, -2.440000, -0.090000, 9.490000, 245.625000, -14.375000, 0.500000, 2.220000, -12.680000, -9.800000, 1.721111, 1.112222, -2.132222, -3.700000, -8.160000, 3.970000, 247.687500, -13.500000, -0.500000
2855, -2.540000, -0.920000, -5.170000, 2.917778, -1.858889, -3.696667, -2.130000, 0.270000, 9.560000, 249.875000, -12.562500, -1.625000, -1.730000, -1.480000, -4.690000, 2.734444, 1.824444, -4.040000, -3.250000, -8.210000, 4.250000, 252.250000, -11.625000, -2.875000
2876, -2.470000, 15.680000, -11.310000, 3.303333, -1.537778, -3.993333, -1.860000, 0.710000, 9.600000, 254.625000, -10.937500, -4.187500, -6.540000, 10.130000, -2.630000, 2.777778, 2.348889, -3.921111, -2.800000, -8.200000, 4.570000, 256.625000, -10.562500, -5.437500
2896, -1.780000, 29.160000, -11.340000, 1.560000, -0.021111, -2.154444, -1.810000, 1.020000, 9.580000, 257.875000, -10.687500, -6.062500, -9.430000, 27.219999, 12.570000, -0.004444, 3.121111, -1.083333, -2.760000, -8.230000, 4.550000, 258.312500, -11.125000, -5.937500
2917, -1.890000, 30.290001, -11.040000, -1.364444, 1.240000, 0.504444, -2.000000, 0.880000, 9.550000, 257.937500, -11.750000, -5.312500, -9.770000, 15.510000, 16.959999, -2.706667, 1.046667, 1.593333, -3.070000, -8.350000, 4.120000, 256.687500, -12.562500, -4.187500
2937, -3.690000, 22.010000, -8.610000, -3.250000, 1.967778, 3.342222, -2.290000, 0.470000, 9.520000, 254.625000, -13.500000, -2.812500, -7.610000, 13.100000, 13.810000, -3.120000, -0.346667, 2.152222, -3.390000, -8.430000, 3.660000, 251.812500, -14.687500, -1.562500
2956, -6.370000, 13.130000, -1.240000, -3.525556, 2.096667, 5.978889, -2.660000, 0.090000, 9.430000, 248.312500, -15.750000, -0.500000, -7.470000, 8.340000, 8.290000, -3.140000, -3.683333, 3.814445, -3.750000, -8.410000, 3.360000, 244.187500, -16.500000, 0.000000
2976, -6.210000, 0.530000, -8.560000, -2.778889, 1.187778, 7.994444, -2.890000, -0.030000, 9.360000, 239.625000, -17.187500, 0.187500, -8.380000, 6.570000, 2.600000, -2.832222, -5.881111, 5.291111, -4.190000, -8.220000, 3.310000, 234.687500, -18.000000, 0.062500
2997, -4.430000, -32.090000, -5.510000, -2.646667, 2.293333, 8.477777, -3.240000, 0.000000, 9.250000, 229.875000, -19.250000, 0.000000, -0.650000, -7.380000, -13.410000, -2.854445, -6.558889, 6.126300, -4.770000, -7.840000, 3.440000, 226.187500, -20.812500, -0.062500
3017, -5.580000, -38.820000, 6.730000, -0.514444, 3.428889, 2.885556, -3.780000, 0.070000, 9.040000, 224.500000, -22.687500, -0.437500, 4.840000, -29.559999, -25.700001, -0.595556, -3.021111, 5.252222, -5.380000, -7.330000, 3.650000, 224.812500, -24.625000, -0.812500
3035, -9.560000, -33.060001, 17.459999, 1.274444, 2.886667, -2.201111, -4.340000, 0.150000, 8.790000, 226.125000, -26.250000, -0.937500, 3.360000, -26.320000, -28.910000, 0.656667, -1.467778, 2.430000, -5.500000, -7.150000, 3.830000, 228.312500, -27.125000, -0.937500
3056, -9.590000, -31.549999, 14.670000, 2.415555, 0.351111, -4.854445, -4.510000, 0.130000, 8.700000, 231.250000, -27.375000, -0.875000, -2.490000, -24.780001, -17.370001, 1.660000, 3.936667, -2.303333, -5.480000, -7.230000, 3.700000, 234.937500, -27.062500, -0.750000
3076, -11.570000, -20.309999, 0.440000, 3.663333, -1.518889, -7.188889, -4.340000, 0.120000, 8.790000, 239.312500, -26.250000, -0.812500, -6.630000, -19.530001, -12.410000, 2.434444, 4.504445, -3.582222, -5.190000, -7.470000, 3.640000, 244.312500, -25.312500, -1.125000
3097, -12.360000, -3.760000, -6.520000, 5.370000, -1.765556, -8.645555, -4.060000, 0.290000, 8.910000, 249.687500, -24.437500, -1.875000, -10.790000, -1.550000, -10.400000, 4.108889, 4.424443, -5.935555, -4.620000, -7.730000, 3.860000, 255.062500, -23.875000, -2.937500
3115, -12.480000, 21.309999, -7.390000, 5.793334, -1.232222, -7.994444, -3.910000, 0.650000, 8.960000, 260.062500, -23.500000, -4.187500, -13.200000, 10.140000, -3.400000, 4.101111, 5.144444, -6.002222, -4.080000, -7.910000, 4.090000, 264.500000, -23.187500, -5.375000
3136, -13.910000, 35.799999, 2.640000, 4.392222, -1.201111, -5.321111, -3.810000, 1.030000, 8.970000, 267.875000, -22.875000, -6.500000, -15.130000, 20.360001, 12.720000, 2.913333, 5.133333, -5.398889, -3.870000, -8.000000, 4.120000, 270.000000, -21.937500, -7.437500
3156, -15.290000, 27.440001, 11.500000, 1.638889, -3.702222, -0.813333, -3.360000, 1.290000, 9.120000, 270.750000, -20.000000, -8.062500, -15.500000, 15.680000, 25.730000, -1.704444, 3.638889, -2.523333, -3.510000, -8.430000, 3.550000, 270.437500, -16.812500, -8.375000
3177, -13.860000, 23.030001, 3.870000, 0.163333, -7.915555, 2.428889, -2.100000, 1.440000, 9.460000, 269.437500, -12.375000, -8.687500, -14.970000, 4.100000, 29.879999, -1.195556, 1.777778, -2.063150, -3.230000, -8.580000, 3.450000, 267.812500, -7.187500, -8.875000
3197, -5.430000, 13.750000, -19.120001, 0.134848, -9.534445, 4.503334, -0.280000, 1.550000, 9.670000, 265.812500, -1.625000, -9.062500, -9.240000, 11.860000, 14.410000, 2.291111, -2.527778, -1.831111, -2.700000, -8.490000, 4.080000, 263.500000, 3.437500, -9.250000
3216, 0.480000, 11.950000, -26.309999, 0.124444, -6.907778, 5.245555, 1.300000, 1.530000, 9.590000, 260.937500, 7.625000, -9.062500, -4.090000, 14.580000, 0.900000, 1.964444, -6.634444, -0.841111, -2.020000, -8.320000, 4.760000, 258.062500, 10.687500, -8.625000
3236, 8.040000, 1.240000, -38.389999, -0.297778, -2.593333, 6.214445, 2.130000, 1.300000, 9.480000, 254.812500, 12.562500, -7.812500, 6.000000, 18.219999, -15.670000, 0.505556, -7.074444, -0.243333, -1.670000, -8.300000, 4.930000, 251.250000, 12.750000, -6.375000
3257, 8.662500, -23.980000, -44.330002, -1.944444, 4.093333, 5.723333, 1.840000, 0.770000, 9.600000, 248.187500, 10.812500, -4.625000, 10.290000, 16.920000, -20.660000, -1.605556, -3.710000, 4.660000, -1.590000, -8.340000, 4.890000, 246.062500, 6.625000, -3.062500
3277, -4.690000, -10.580000, -18.809999, -1.287778, 10.272223, 1.797778, 0.190000, 0.390000, 9.790000, 245.000000, 1.062500, -2.312500, 0.990000, -0.480000, -19.500000, -1.380000, -1.620000, 6.785555, -2.700000, -8.180000, 4.670000, 244.187500, -5.187500, -2.062500
3296, -10.430000, -9.870000, -18.290001, -0.110000, 13.280000, 1.131111, -2.100000, 0.360000, 9.570000, 243.437500, -12.375000, -2.125000, -6.640000, -5.090000, -7.270000, -1.406575, 1.783333, 8.078889, -4.070000, -7.750000, 4.400000, 242.812500, -20.187500, -2.375000
3316, -23.650000, -4.220000, 7.890000, -0.292222, 14.305555, 0.634444, -4.600000, 0.380000, 8.650000, 242.312500, -27.937500, -2.500000, -8.440000, -3.330000, 1.890000, -0.565556, 0.197778, 7.132222, -5.160000, -7.130000, 4.290000, 241.750000, -34.500000, -2.500000
3337, -28.860001, -4.230000, 28.980000, -1.036667, 11.935555, 0.517778, -6.520000, 0.310000, 7.310000, 241.187500, -41.687500, -2.437500, -7.000000, -15.030000, -0.600000, -1.623333, -0.570000, 6.521111, -5.580000, -6.870000, 4.220000, 240.562500, -45.875000, -1.937500
3357, -30.389999, -7.250000, 32.250000, -1.003333, -0.161111, -0.051111, -7.030000, 0.160000, 6.830000, 240.375000, -45.812500, -1.375000, -5.950000, -30.600000, 5.620000, -2.180000, 0.595556, 0.588889, -6.160000, -6.630000, 3.740000, 240.375000, -41.812500, -0.875000
3375, -17.799999, -15.810000, 7.920000, -0.355556, -10.690000, -0.155556, -5.760000, 0.070000, 7.920000, 240.437500, -36.000000, -0.500000, -9.210000, -25.629999, 6.910000, -1.260000, 0.534444, -2.151111, -5.740000, -7.060000, 3.630000, 240.812500, -29.687500, -0.687500
3396, -12.030000, -11.830000, -4.680000, 1.737778, -11.656667, -1.276667, -3.890000, 0.200000, 8.990000, 241.812500, -23.375000, -1.250000, -7.870000, -12.880000, -2.510000, 1.167778, -0.642222, -6.612222, -4.660000, -7.670000, 3.930000, 243.187500, -17.312500, -2.000000
3416, 0.770000, -1.240000, -20.020000, 2.157569, -9.985556, -2.316667, -2.030000, 0.470000, 9.580000, 244.750000, -12.000000, -2.812500, -5.730000, 4.080000, -9.510000, 2.987778, -0.238889, -8.882222, -3.310000, -8.110000, 4.380000, 246.187500, -7.437500, -3.500000
3437, 15.380000, -4.310000, -46.660000, 1.384444, -6.737778, -2.426667, -0.660000, 0.700000, 9.750000, 247.625000, -3.875000, -4.125000, -0.750000, 17.350000, -12.790000, 3.211111, -0.197778, -8.371111, -2.650000, -8.210000, 4.640000, 249.437500, -2.500000, -4.625000
3455, 11.090000, -2.870000, -49.099998, 0.266667, 3.810000, -3.713333, -0.810000, 0.790000, 9.740000, 251.375000, -4.750000, -4.625000, 7.340000, 32.619999, -15.760000, 1.987778, 1.718889, -1.844444, -1.680000, -8.130000, 5.200000, 253.250000, -10.687500, -4.062500
3476, -8.350000, 0.280000, -40.720001, 0.060000, 16.144444, -4.170000, -3.290000, 0.590000, 9.210000, 255.250000, -19.562500, -3.625000, 3.700000, 28.740000, -13.590000, 0.714444, 3.470000, 1.383333, -2.560000, -8.000000, 5.050000, 257.250000, -30.375000, -3.187500
3496, -29.969999, 11.660000, 18.280001, 0.055556, 19.730000, -3.672222, -6.450000, 0.270000, 7.370000, 259.000000, -41.125000, -2.125000, -9.020000, 10.190000, 1.400000, -1.012222, 6.221111, 6.445556, -4.140000, -7.660000, 4.490000, 260.500000, -50.250000, -0.687500
3517, -24.000000, 20.900000, 24.969999, -0.618889, 11.707778, -1.654444, -8.180000, -0.080000, 5.390000, 261.187500, -56.625000, 0.875000, -12.740000, -7.550000, 15.820000, -3.398889, 3.625556, 6.766667, -5.470000, -7.220000, 3.730000, 260.937500, -60.625000, 2.250000
3537, -23.209999, 5.750000, 25.629999, -2.585556, 4.824444, 0.524444, -8.750000, -0.260000, 4.400000, 259.812500, -63.250000, 3.375000, -11.250000, -18.490000, 22.870001, -4.376300, 2.327778, 5.306667, -5.910000, -7.080000, 3.310000, 258.250000, -64.562500, 4.000000
3556, -24.610001, 9.940000, 32.720001, -2.178889, -1.680000, 1.193333, -8.790000, -0.280000, 4.330000, 256.875000, -63.687500, 3.687500, -9.890000, -14.370000, 19.180000, -1.503333, -1.981111, -0.477778, -6.140000, -7.100000, 2.800000, 255.250000, -60.562500, 2.437500
3576, -18.370001, 13.240000, 14.950000, -1.996667, -8.553333, 2.847778, -8.130000, -0.070000, 5.480000, 253.062500, -56.000000, 0.812500, -7.970000, -4.380000, 12.590000, -0.617778, -3.042222, -1.601111, -5.950000, -7.210000, 2.940000, 250.312500, -50.375000, -0.625000
3597, -12.670000, 8.300000, -1.460000, -2.785556, -11.175555, 4.544445, -6.840000, 0.200000, 7.020000, 247.250000, -44.250000, -1.625000, -3.530000, 1.450000, 5.280000, -0.648889, -4.286667, -2.305556, -5.060000, -7.640000, 3.470000, 244.000000, -38.250000, -2.187500
3617, -2.110000, 1.730000, -15.540000, -2.940000, -10.172222, 5.041111, -5.280000, 0.340000, 8.250000, 240.875000, -32.562500, -2.375000, -2.010000, 2.030000, 2.110000, -0.914444, -4.470000, -2.124444, -4.440000, -7.890000, 3.740000, 237.875000, -27.812500, -2.312500
3636, 2.610000, -2.100000, -18.719999, -2.482222, -6.593333, 4.794445, -4.000000, 0.340000, 8.940000, 235.000000, -24.062500, -2.187500, -0.060000, 5.210000, -3.320000, -1.218889, -4.635556, -1.796667, -4.140000, -8.010000, 3.830000, 232.312500, -21.562500, -1.937500
3656, 4.260000, -16.940001, -11.370000, -2.288889, -2.760000, 4.036667, -3.350000, 0.240000, 9.210000, 229.875000, -20.000000, -1.500000, 3.330000, 1.140000, -11.390000, -1.147778, -4.436666, -1.196667, -3.440000, -8.240000, 4.040000, 228.062500, -19.000000, -1.000000
3676, 4.910000, -27.010000, -9.420000, -1.638889, -1.100000, 1.871111, -3.090000, 0.070000, 9.300000, 226.875000, -18.375000, -0.437500, 5.240000, -4.760000, -17.639999, -0.724444, -3.512222, -0.003333, -3.240000, -8.280000, 4.120000, 226.562500, -18.187500, 0.062500
3697, 3.710000, -29.980000, -8.340000, -0.660000, 0.586667, -1.143333, -3.120000, -0.100000, 9.290000, 227.125000, -18.500000, 0.625000, 6.660000, -9.660000, -25.100000, -0.482222, -1.783333, 0.142222, -3.230000, -8.280000, 4.110000, 228.562500, -19.312500, 1.250000
3715, -5.500000, -28.340000, 4.300000, 0.346667, 2.087778, -3.960000, -3.420000, -0.290000, 9.180000, 230.750000, -20.437500, 1.812500, 4.660000, -11.960000, -24.760000, 0.183333, 1.067778, 0.085556, -3.420000, -8.230000, 4.070000, 233.687500, -21.375000, 2.187500
3736, -12.930000, -14.020000, 13.900000, 2.551111, 0.862222, -5.963333, -3.630000, -0.340000, 9.100000, 237.187500, -21.687500, 2.125000, -4.930000, -8.770000, -9.300000, 1.653333, 5.138889, -0.714444, -3.560000, -8.190000, 4.020000, 240.937500, -21.250000, 1.437500
3756, -14.020000, 13.030000, 8.180000, 4.338889, -2.266667, -5.765555, -3.350000, -0.040000, 9.210000, 244.500000, -19.937500, 0.250000, -10.270000, -9.160000, 2.840000, 0.833333, 4.962222, -2.302222, -3.530000, -8.350000, 3.720000, 247.562500, -18.187500, -1.062500
3777, -12.450000, 20.010000, 5.860000, 3.091111, -3.624444, -3.705555, -2.750000, 0.340000, 9.400000, 249.875000, -16.250000, -2.062500, -15.660000, -5.150000, 15.360000, 0.164444, 3.641111, -5.160000, -3.250000, -8.510000, 3.620000, 251.375000, -14.187500, -2.750000
3795, -13.980000, 16.830000, 12.440000, 1.252222, -5.088889, -1.222222, -1.950000, 0.540000, 9.590000, 252.187500, -11.437500, -3.250000, -14.920000, 6.450000, 17.330000, 1.050000, 1.706667, -5.962222, -2.410000, -8.780000, 3.630000, 252.375000, -7.687500, -3.687500
3816, -12.450000, 15.690000, 3.060000, 0.658889, -8.786667, 0.926667, -0.500000, 0.700000, 9.760000, 252.062500, -2.875000, -4.062500, -11.570000, 10.620000, 17.459999, 2.202222, -0.640000, -4.008889, -1.290000, -8.770000, 4.170000, 251.312500, 2.500000, -4.312500
3836, -4.170000, 9.990000, -15.590000, 0.240000, -9.734445, 2.401111, 1.350000, 0.740000, 9.680000, 250.187500, 7.875000, -4.375000, -5.350000, 9.000000, 4.770000, 2.051111, -3.510000, -2.798889, -0.910000, -8.720000, 4.380000, 248.812500, 12.750000, -4.250000
3857, -3.390000, 5.090000, -13.450000, 0.145556, -7.672222, 3.113333, 2.880000, 0.640000, 9.350000, 247.250000, 17.062500, -3.937500, -1.460000, 10.090000, -2.830000, 1.248889, -4.296667, -2.355556, 0.190000, -8.570000, 4.740000, 245.562500, 20.937500, -3.562500
3877, 1.340000, -5.530000, -20.530001, 0.292222, -6.235556, 3.355556, 4.060000, 0.480000, 8.910000, 243.812500, 24.437500, -3.062500, 3.570000, 11.810000, -7.790000, 1.067778, -3.476667, -1.421111, 0.460000, -8.520000, 4.820000, 242.250000, 27.375000, -2.312500
3896, 3.590000, -13.710000, -26.410000, -0.124444, -3.803333, 2.048889, 4.820000, 0.250000, 8.530000, 241.187500, 29.437500, -1.687500, 6.050000, 12.820000, -11.940000, 1.015556, -2.415555, 0.168889, 0.760000, -8.420000, 4.960000, 240.687500, 30.562500, -1.500000
3916, 6.400000, -1.090000, -36.590000, 0.178889, 0.462222, 0.095556, 4.950000, 0.230000, 8.450000, 240.625000, 30.312500, -1.562500, 6.360000, 11.900000, -19.360001, 0.444444, -0.463333, 2.373333, 0.280000, -8.410000, 5.030000, 240.687500, 28.312500, -1.312500
3937, 2.050000, -5.730000, -39.279999, -1.262222, 6.903333, -0.404444, 4.080000, 0.110000, 8.910000, 241.062500, 24.562500, -0.687500, 4.130000, 13.570000, -18.790001, -1.018889, 2.522222, 3.552222, -0.110000, -8.460000, 4.950000, 241.750000, 18.750000, 0.125000
3957, -15.380000, -10.620000, -45.480000, -2.814445, 15.573334, -1.166667, 1.750000, -0.250000, 9.640000, 242.625000, 10.250000, 1.500000, -3.270000, 12.880000, -13.550000, -2.625556, 5.490000, 5.704444, -2.190000, -8.590000, 4.170000, 243.625000, -0.375000, 3.125000
3975, -37.200001, -5.580000, -7.720000, -2.636667, 21.746666, -1.587778, -2.050000, -0.790000, 9.550000, 244.812500, -12.062500, 4.750000, -10.490000, 6.120000, -4.150000, -3.030000, 5.607778, 8.030000, -3.050000, -8.510000, 3.780000, 246.000000, -23.812500, 6.187500
3996, -33.680000, 2.790000, 15.750000, -0.702222, 19.894444, -0.876667, -5.550000, -1.070000, 8.000000, 246.937500, -34.500000, 7.562500, -14.080000, -2.810000, 3.460000, -3.046667, 4.206666, 8.930000, -4.750000, -8.040000, 2.960000, 247.625000, -43.375000, 9.062500
4016, -27.660000, 3.630000, 28.250000, -1.023333, 12.862223, 0.213333, -7.540000, -1.170000, 6.140000, 247.750000, -50.312500, 10.750000, -13.250000, -16.620001, 12.080000, -3.117778, 2.705555, 6.658889, -6.370000, -7.200000, 1.900000, 247.250000, -55.250000, 12.500000
4037, -29.290001, -1.110000, 34.040001, -1.822222, 5.083333, 0.922222, -8.320000, -1.230000, 5.030000, 246.437500, -58.062500, 13.750000, -11.130000, -20.170000, 13.880000, -2.067778, 0.704444, 3.067778, -6.590000, -7.050000, 1.720000, 245.437500, -58.187500, 13.625000
4055, -27.740000, -2.950000, 33.669998, -1.382222, -5.201111, 1.227778, -8.090000, -1.180000, 5.400000, 244.125000, -55.625000, 12.375000, -9.200000, -22.860001, 11.950000, -0.746667, -1.086667, -0.603333, -6.420000, -7.190000, 1.780000, 242.625000, -50.812500, 10.812500
4076, -26.959999, -10.270000, 23.150000, -1.108889, -12.344444, 1.385556, -6.850000, -1.130000, 6.910000, 241.125000, -44.312500, 9.312500, -8.090000, -19.049999, 7.770000, 0.518889, -2.873333, -4.078889, -6.080000, -7.420000, 1.980000, 240.062500, -36.750000, 7.875000
4096, -19.500000, -8.290000, -5.280000, 1.325556, -15.452222, 0.403333, -4.670000, -0.950000, 8.560000, 239.562500, -28.437500, 6.375000, -6.670000, -10.900000, 0.000000, 1.245556, -3.815556, -6.621111, -5.030000, -8.020000, 2.530000, 239.500000, -20.000000, 4.750000
4117, -7.870000, -1.130000, -24.410000, 2.626667, -14.313334, -0.300000, -2.070000, -0.540000, 9.560000, 239.625000, -12.187500, 3.250000, -8.440000, 2.600000, -4.980000, 2.270000, -3.647778, -8.238889, -2.780000, -8.720000, 3.510000, 239.750000, -5.750000, 1.875000
4135, 9.120000, 11.460000, -40.380001, 2.031111, -9.184444, -0.050000, -0.130000, -0.130000, 9.800000, 239.750000, -0.750000, 0.750000, -5.540000, 20.400000, -9.910000, 3.475556, -3.246667, -7.497778, -2.050000, -8.770000, 3.870000, 239.437500, 2.375000, 0.125000
4156, 13.950000, 10.310000, -42.990002, -0.213333, -1.640000, 1.164444, 0.560000, -0.040000, 9.790000, 238.812500, 3.250000, 0.250000, 6.530000, 40.029999, -9.410000, 2.306667, -0.580000, -2.095556, -1.510000, -8.620000, 4.400000, 237.937500, 2.125000, 0.937500
4176, 2.450000, 1.220000, -16.620001, -1.458889, 4.886667, 1.941111, -0.090000, -0.300000, 9.800000, 236.937500, -0.500000, 1.750000, 1.680000, 24.740000, -4.810000, -1.415556, 1.013333, 5.527778, -2.000000, -8.590000, 4.270000, 235.812500, -3.812500, 2.312500
4197, -2.100000, 9.970000, -9.790000, -0.454444, 5.744444, 2.640000, -1.190000, -0.420000, 9.720000, 234.437500, -6.937500, 2.437500, -8.890000, -1.610000, 3.090000, -2.857778, 0.288889, 7.436666, -3.240000, -8.430000, 3.800000, 232.562500, -10.437500, 2.250000
4217, -11.370000, 7.800000, 1.420000, -0.130000, 7.023334, 4.660000, -2.430000, -0.300000, 9.490000, 230.062500, -14.375000, 1.812500, -9.870000, -1.010000, 5.800000, -2.422222, -2.153333, 6.364444, -4.560000, -7.950000, 3.460000, 227.062500, -18.125000, 1.062500
4236, -16.190001, -12.370000, 28.820000, -0.874444, 4.788889, 5.837778, -3.480000, -0.070000, 9.160000, 223.812500, -20.812500, 0.437500, -1.300000, -11.270000, -0.200000, -1.938889, -2.928889, 6.267778, -4.940000, -7.730000, 3.450000, 221.062500, -21.500000, 0.062500
4256, -10.790000, -29.799999, 22.740000, -0.815556, -1.800000, 2.843333, -3.440000, 0.000000, 9.180000, 219.437500, -20.562500, 0.000000, 0.610000, -31.650000, -12.020000, -2.005556, -2.227778, 2.537778, -5.190000, -7.580000, 3.410000, 219.125000, -18.562500, 0.000000
4277, -5.310000, -17.209999, 5.320000, -0.002222, -4.190000, -1.334444, -2.750000, -0.030000, 9.410000, 219.875000, -16.312500, 0.187500, -0.210000, -24.889999, -18.090000, -0.328889, -1.282222, -4.170000, -4.850000, -7.790000, 3.440000, 221.125000, -14.125000, 0.750000
4297, -3.780000, -21.559999, -0.590000, -0.703288, -3.560000, -3.060000, -2.070000, -0.250000, 9.580000, 222.750000, -12.187500, 1.500000, -1.650000, -10.930000, -15.770000, 0.566667, 1.318889, -6.678889, -3.920000, -8.290000, 3.440000, 224.812500, -10.375000, 2.125000
4315, 5.620000, -21.320000, -27.930000, 0.384444, -1.971111, -5.087778, -1.570000, -0.410000, 9.670000, 227.625000, -9.187500, 2.375000, -1.890000, -5.040000, -15.600000, 2.245556, 2.935555, -7.112222, -2.530000, -8.700000, 3.720000, 231.125000, -9.312500, 2.125000
4336, 8.652500, -5.350000, -41.680000, 3.023333, 4.590000, -7.127778, -1.990000, -0.200000, 9.590000, 235.187500, -11.750000, 1.187500, -1.600000, 12.270000, -13.780000, 3.814445, 5.124444, -5.955555, -2.220000, -8.700000, 3.920000, 239.437500, -16.500000, 0.250000
4356, -8.610000, 10.810000, -7.150000, 3.735556, 11.135555, -7.098889, -3.760000, 0.050000, 9.050000, 243.625000, -22.562500, -0.312500, -3.850000, 22.590000, -4.830000, 2.885556, 5.891111, -2.496667, -2.300000, -8.530000, 4.250000, 247.625000, -28.750000, -0.500000
4377, -18.410000, 24.790001, 7.070000, 2.771111, 9.903334, -5.763333, -5.500000, 0.020000, 8.110000, 251.187500, -34.125000, -0.125000, -9.810000, 22.860001, 5.780000, -0.471111, 5.708889, 1.688889, -2.660000, -8.500000, 4.070000, 253.812500, -38.437500, 0.437500
4395, -27.840000, 30.879999, 31.670000, 0.153333, 4.600000, -1.852222, -6.420000, -0.160000, 7.400000, 254.875000, -40.937500, 1.250000, -17.370001, -0.470000, 19.639999, -6.072222, 5.246666, 2.915555, -3.530000, -8.640000, 2.970000, 254.375000, -39.937500, 1.937500
4416, -27.510000, 18.510000, 31.080000, -2.665555, -8.565556, 1.597778, -5.670000, -0.360000, 7.980000, 252.937500, -34.562500, 2.562500, -16.820000, -16.730000, 32.200001, -2.610000, 1.236667, -0.505556, -3.550000, -8.682500, 2.150000, 250.812500, -28.250000, 3.000000
4436, -22.290001, -3.760000, 7.530000, -2.647778, -15.215555, 3.685555, -3.380000, -0.540000, 9.180000, 248.312500, -20.125000, 3.375000, -7.930000, -2.770000, 16.040001, 1.778889, -3.613333, -1.538889, -3.350000, -8.890000, 2.420000, 245.937500, -11.750000, 3.437500
4457, -10.240000, -11.870000, -16.389999, 0.212222, -15.068889, 2.714444, -0.620000, -0.520000, 9.770000, 244.250000, -3.625000, 3.062500, -5.090000, -8.682500, 4.110000, 2.624444, -5.257778, -1.601111, -2.420000, -8.652500, 3.470000, 243.250000, 3.125000, 2.250000
4477, 4.040000, 1.130000, -21.049999, 1.966667, -9.144444, 0.716667, 1.380000, -0.210000, 9.700000, 242.750000, 8.062500, 1.250000, 1.560000, -3.370000, -13.790000, 2.454444, -5.686666, -4.282222, -1.860000, -8.652500, 3.800000, 242.250000, 11.437500, 0.437500
4496, 5.550000, -3.410000, -16.700001, 1.201111, -4.494444, 0.985556, 2.350000, 0.010000, 9.510000, 241.625000, 13.875000, -0.062500, 4.750000, 10.430000, -14.750000, 2.718889, -3.138889, -4.192222, -0.810000, -8.740000, 4.360000, 241.187500, 15.750000, -0.437500
4516, 12.210000, -3.880000, -35.599998, 0.713333, -1.656575, 0.257778, 2.810000, 0.130000, 9.390000, 241.000000, 16.625000, -0.812500, 9.150000, 19.020000, -15.810000, 2.482222, -1.168889, -0.562222, -0.410000, -8.530000, 4.800000, 241.000000, 15.937500, -0.937500
4537, 9.800000, -4.020000, -43.380001, -0.780000, 5.552222, -0.385556, 2.190000, 0.090000, 9.550000, 241.250000, 12.875000, -0.500000, 7.660000, 17.830000, -21.209999, 1.056667, 2.043333, 2.793333, -0.840000, -8.370000, 5.030000, 241.812500, 7.750000, 0.000000
4557, -6.150000, -0.930000, -39.599998, -1.667778, 13.184444, -1.133333, 0.100000, -0.150000, 9.800000, 242.500000, 0.562500, 0.875000, -0.950000, 15.360000, -12.410000, -1.931111, 4.970000, 4.918889, -1.950000, -8.360000, 4.720000, 243.062500, -8.250000, 2.125000
4578, -24.950001, -2.330000, -12.410000, -2.348889, 18.116667, -0.847778, -3.040000, -0.590000, 9.300000, 243.625000, -18.062500, 3.625000, -9.240000, 11.400000, -2.430000, -3.438889, 4.946667, 6.892222, -3.390000, -8.300000, 3.950000, 244.125000, -28.000000, 5.125000
4596, -27.799999, 8.040000, 7.040000, -1.155556, 17.102222, -0.152222, -5.930000, -0.870000, 7.750000, 244.500000, -37.187500, 6.437500, -14.170000, 2.360000, 2.680000, -4.343333, 3.037778, 8.644722, -4.930000, -7.900000, 3.040000, 244.250000, -45.312500, 7.437500
4617, -25.440001, 6.140000, 23.639999, -1.418889, 12.207778, 2.091111, -7.730000, -0.830000, 5.960000, 243.125000, -52.062500, 7.937500, -15.290000, -18.299999, 15.460000, -3.767778, 2.006667, 7.917778, -6.260000, -7.210000, 2.220000, 241.187500, -57.125000, 7.687500
4637, -28.180000, -7.110000, 34.240002, -1.976667, 5.200000, 3.180000, -8.500000, -0.550000, 4.840000, 238.937500, -60.125000, 6.500000, -10.780000, -21.469999, 17.309999, -1.066667, -0.940000, 4.522222, -6.960000, -6.600000, 2.010000, 237.000000, -60.312500, 4.500000
4655, -24.639999, -11.190000, 32.410000, -1.136667, -4.613333, 2.430000, -8.310000, -0.240000, 5.200000, 235.250000, -57.875000, 2.625000, -7.580000, -26.969999, 6.730000, -0.033333, -3.240000, 0.394444, -7.040000, -6.400000, 2.360000, 234.000000, -53.750000, 1.500000
4676, -22.879999, -12.130000, 21.690001, -0.623333, -10.053333, 0.940000, -7.320000, -0.120000, 6.510000, 233.250000, -48.312500, 1.062500, -6.850000, -20.639999, -0.110000, 0.298889, -4.402222, -4.376300, -6.420000, -6.800000, 2.920000, 233.062500, -41.875000, 1.062500
4696, -22.340000, -10.900000, 8.682500, 0.217778, -13.292222, -0.691111, -5.570000, -0.160000, 8.060000, 233.437500, -34.625000, 1.125000, -7.770000, -10.310000, -2.480000, 0.706667, -4.547778, -6.738889, -5.280000, -7.470000, 3.520000, 234.187500, -26.687500, 0.937500
4717, -18.570000, -6.780000, -6.250000, 1.444444, -15.132222, -1.506667, -3.110000, -0.080000, 9.290000, 235.125000, -18.500000, 0.500000, -8.000000, -5.570000, -5.060000, 0.976667, -4.080000, -7.691111, -3.870000, -8.060000, 4.020000, 236.062500, -10.562500, -0.250000
4737, -7.960000, -5.700000, -17.840000, 2.073333, -13.066667, -1.582222, -0.600000, 0.220000, 9.780000, 237.062500, -3.500000, -1.250000, -7.460000, -0.630000, -7.730000, 1.967778, -2.848889, -8.091111, -2.350000, -8.390000, 4.480000, 238.000000, 2.562500, -2.500000
4756, -2.090000, -5.790000, -21.469999, 2.231111, -9.462222, -1.548889, 1.300000, 0.640000, 9.690000, 238.937500, 7.625000, -3.812500, -3.780000, 8.140000, -9.810000, 3.372222, -1.588889, -7.163333, -0.980000, -8.360000, 5.010000, 239.875000, 11.750000, -5.187500
4776, 0.550000, -8.450000, -21.719999, 2.301111, -6.276667, -2.021111, 2.540000, 1.120000, 9.400000, 241.000000, 15.000000, -6.750000, -0.910000, 12.210000, -11.080000, 4.328889, -0.822222, -5.011111, -0.010000, -7.990000, 5.670000, 242.437500, 17.625000, -8.687500
4797, 3.020000, -1.100000, -28.440001, 2.168681, -3.808889, -3.138889, 3.260000, 1.700000, 9.090000, 244.125000, 19.375000, -10.562500, 3.280000, 19.760000, -15.880000, 3.536667, -0.073333, -2.906667, 0.520000, -7.530000, 6.240000, 245.937500, 19.937500, -12.125000
4817, 2.660000, 10.770000, -29.180000, 0.635556, 0.698889, -3.385556, 3.220000, 2.100000, 9.020000, 247.687500, 19.125000, -13.062500, 2.930000, 25.230000, -15.580000, 1.288889, 2.411111, -0.057778, 0.440000, -7.280000, 6.550000, 249.062500, 17.187500, -13.125000
4838, -0.540000, 8.380000, -23.620001, -1.873333, 4.952222, -2.031111, 2.420000, 2.010000, 9.280000, 250.000000, 14.312500, -12.187500, -2.000000, 19.280001, -11.330000, -1.604445, 4.940000, 2.508889, -0.370000, -7.400000, 6.410000, 250.687500, 10.500000, -10.812500
4856, -4.110000, 2.090000, -33.650002, -3.283333, 9.453333, -1.392222, 0.910000, 1.520000, 9.640000, 251.125000, 5.312500, -9.000000, -7.020000, 9.770000, -5.730000, -3.421111, 6.198889, 4.798889, -1.690000, -7.670000, 5.860000, 251.312500, -1.312500, -6.937500
4877, -15.490000, -15.840000, -16.030001, -4.006667, 14.287778, -0.723333, -1.550000, 0.810000, 9.640000, 251.187500, -9.062500, -4.812500, -7.070000, 3.310000, -1.650000, -3.517778, 5.761111, 6.320000, -3.180000, -7.770000, 5.050000, 251.125000, -17.312500, -3.000000
4897, -17.209999, -15.830000, -5.300000, -1.514444, 15.356667, -1.537778, -4.250000, 0.300000, 8.632500, 251.625000, -25.687500, -1.937500, -6.810000, -7.780000, 0.440000, -1.195556, 4.025556, 6.831111, -4.580000, -7.430000, 4.450000, 252.625000, -33.875000, -1.375000
4916, -20.600000, -10.970000, 14.160000, 0.256667, 13.804444, -2.270000, -6.480000, 0.080000, 7.350000, 253.875000, -41.375000, -0.625000, -3.120000, -8.450000, -2.720000, 0.154444, 2.478889, 5.774445, -5.630000, -6.840000, 4.180000, 255.312500, -47.937500, 0.375000
4938, -27.059999, -8.940000, 33.189999, 0.607778, 9.415556, -2.908889, -7.830000, -0.220000, 5.890000, 257.125000, -53.000000, 2.125000, -2.540000, -21.799999, -2.650000, -0.823333, 2.974444, 3.867778, -6.400000, -6.370000, 3.800000, 259.125000, -55.437500, 4.250000
4956, -31.309999, -2.300000, 33.340000, 1.288889, -2.537778, -3.113333, -7.920000, -0.580000, 5.740000, 261.125000, -53.937500, 5.812500, -6.640000, -32.709999, 7.230000, -1.573333, 4.283333, -0.578889, -6.750000, -6.380000, 3.120000, 262.875000, -48.812500, 6.250000
4977, -26.790001, 0.440000, 18.670000, 1.838889, -12.528889, -2.324445, -6.550000, -0.730000, 7.250000, 265.437500, -34.687500, 4.875000, -18.190001, -26.379999, 18.059999, 0.388889, 2.480000, -6.745555, -6.250000, -7.060000, 2.670000, 265.437500, -34.687500, 4.875000
4995, -16.510000, 5.790000, -6.820000, 2.665555, -12.585556, -1.797778, -4.570000, -0.560000, 8.650000, 266.562500, -27.750000, 3.750000, -20.490000, -1.040000, 11.900000, 3.285556, -0.467778, -9.411111, -4.970000, -7.880000, 3.030000, 267.562500, -21.437500, 2.375000
5016, -8.610000, 21.090000, -13.050000, 2.188889, -10.418889, -0.766667, -2.670000, -0.210000, 9.430000, 268.125000, -15.812500, 1.250000, -10.710000, 20.760000, 10.050000, 3.058889, -1.058889, -6.492222, -3.750000, -8.290000, 3.630000, 268.000000, -10.750000, 0.750000
5038, -1.700000, 14.120000, -13.510000, -0.092222, -8.372222, 1.016667, -1.060000, -0.120000, 9.740000, 267.375000, -6.187500, 0.750000, -3.160000, 12.780000, 4.170000, 0.863333, -2.377778, -3.375556, -2.960000, -8.450000, 3.980000, 266.562500, -2.187500, 0.750000
5057, 2.770000, 14.320000, -18.760000, 0.020000, -5.752222, 1.904444, 0.150000, -0.130000, 9.800000, 265.500000, 0.875000, 0.750000, -2.010000, 11.550000, 6.750000, 0.073333, -2.080000, -1.688889, -2.460000, -8.540000, 4.120000, 264.187500, 3.000000, 0.687500
5077, 3.270000, 6.100000, -12.280000, 0.346667, -2.761111, 2.777778, 0.770000, -0.110000, 9.770000, 262.625000, 4.500000, 0.625000, 1.080000, 8.880000, 2.730000, 0.144444, -2.856667, -0.400000, -2.130000, -8.570000, 4.250000, 261.000000, 5.437500, 0.625000
5096, 3.220000, -3.310000, -11.490000, 0.381111, -0.937778, 2.645555, 1.020000, -0.090000, 9.750000, 259.562500, 5.937500, 0.562500, 2.740000, 4.740000, -3.660000, 0.404444, -2.945555, 0.533333, -1.940000, -8.520000, 4.430000, 258.375000, 6.062500, 0.375000
5116, 2.990000, -3.510000, -7.990000, 0.352222, 0.466667, 1.945556, 0.990000, -0.050000, 9.750000, 257.312500, 5.812500, 0.312500, 4.490000, 2.390000, -9.600000, -0.033333, -2.315556, 0.796667, -1.850000, -8.490000, 4.540000, 256.375000, 5.250000, 0.375000
5137, 1.130000, -6.610000, -2.190000, -0.373333, 1.100000, 1.308889, 0.800000, -0.110000, 9.770000, 255.687500, 4.687500, 0.687500, 3.940000, -0.920000, -10.370000, -0.696667, -0.976667, 0.930000, -1.880000, -8.500000, 4.490000, 255.187500, 4.187500, 1.000000
5157, -0.940000, -6.570000, 3.320000, -0.582222, 0.352222, 0.741111, 0.680000, -0.230000, 9.770000, 254.812500, 4.000000, 1.375000, -0.130000, -6.310000, -4.250000, -0.757778, 0.061111, 0.400000, -1.970000, -8.550000, 4.370000, 254.437500, 4.000000, 1.625000
5178, -0.200000, -7.770000, 0.720000, -0.293333, -0.210000, 0.390000, 0.700000, -0.310000, 9.770000, 254.187500, 4.250000, 1.812500, -0.620000, -4.140000, -2.660000, -0.100000, -0.120000, -0.292222, -1.940000, -8.580000, 4.320000, 254.187500, 4.250000, 1.812500
5196, 0.200000, -4.830000, -0.080000, 0.288889, -0.225556, -0.057778, 0.750000, -0.280000, 9.770000, 254.187500, 4.375000, 1.687500, -0.320000, -1.880000, -3.160000, 0.458889, -0.154444, -0.487778, -1.850000, -8.570000, 4.390000, 254.250000, 4.437500, 1.437500
5217, 0.040000, -1.340000, -0.150000, 0.471111, -0.077778, -0.255556, 0.770000, -0.200000, 9.770000, 254.437500, 4.500000, 1.125000, 0.050000, 1.140000, -1.840000, 0.475556, 0.076667, -0.428889, -1.780000, -8.540000, 4.470000, 254.562500, 4.562500, 0.875000
5237, 0.040000, 0.800000, -0.430000, 0.293333, -0.206667, -0.330000, 0.800000, -0.120000, 9.770000, 254.750000, 4.687500, 0.750000, -0.470000, 0.700000, -0.770000, 0.313333, 0.285556, -0.233333, -1.750000, -8.520000, 4.520000, 254.937500, 4.812500, 0.625000
5255, -0.070000, 1.950000, -0.480000, 0.153333, -0.148889, -0.304444, 0.840000, -0.090000, 9.770000, 255.062500, 4.875000, 0.500000, -1.410000, 1.460000, 1.850000, 0.250000, 0.260000, -0.276667, -1.730000, -8.500000, 4.550000, 255.187500, 4.937500, 0.437500
5276, 0.040000, 2.990000, 0.060000, 0.142222, -0.085556, -0.098889, 0.850000, -0.060000, 9.760000, 255.250000, 5.000000, 0.375000, -1.160000, 1.230000, 2.120000, 0.238889, -0.022222, -0.080000, -1.720000, -8.490000, 4.580000, 255.187500, 5.062500, 0.312500
5296, 0.370000, 1.260000, -0.410000, 0.162222, -0.151111, 0.154444, 0.880000, -0.040000, 9.760000, 255.125000, 5.125000, 0.187500, -0.660000, 0.870000, 0.980000, 0.250000, -0.234444, -0.023333, -1.690000, -8.470000, 4.630000, 255.000000, 5.187500, 0.125000
5317, 0.480000, 0.680000, -0.560000, 0.184444, -0.040000, 0.211111, 0.890000, 0.000000, 9.760000, 254.875000, 5.187500, 0.000000, 0.290000, 0.830000, -0.330000, 0.166667, -0.242222, 0.058889, -1.680000, -8.450000, 4.670000, 254.812500, 5.250000, 0.000000
5337, 0.540000, 1.030000, -0.200000, 0.027778, -0.008889, 0.102222, 0.890000, 0.000000, 9.760000, 254.750000, 5.250000, 0.000000, 0.320000, 0.720000, -0.640000, -0.056667, -0.083333, 0.062222, -1.680000, -8.450000, 4.680000, 254.687500, 5.250000, 0.000000
5356, 0.740000, 0.530000, -0.410000, -0.162222, -0.022222, 0.153333, 0.900000, -0.010000, 9.760000, 254.625000, 5.250000, 0.062500, -0.170000, -0.400000, 0.130000, -0.134444, 0.005556, 0.111111, -1.690000, -8.460000, 4.650000, 254.500000, 5.250000, 0.187500
5376, 0.700000, -0.370000, -0.280000, -0.087778, 0.038889, 0.130000, 0.890000, -0.040000, 9.760000, 254.437500, 5.250000, 0.250000, -0.200000, -0.430000, 0.130000, -0.013333, -0.062222, 0.088889, -1.700000, -8.460000, 4.650000, 254.375000, 5.187500, 0.250000
5397, 0.490000, -0.710000, -0.160000, -0.002222, 0.113333, 0.152222, 0.880000, -0.050000, 9.760000, 254.312500, 5.125000, 0.250000, -0.040000, -0.210000, -0.530000, 0.060000, -0.111111, 0.084444, -1.710000, -8.450000, 4.660000, 254.250000, 5.062500, 0.250000
5415, 0.460000, -0.930000, -0.080000, 0.022222, 0.057778, 0.094444, 0.860000, -0.040000, 9.760000, 254.187500, 5.000000, 0.250000, 0.000000, -0.450000, -0.740000, 0.040000, -0.071111, 0.053333, -1.710000, -8.440000, 4.670000, 254.125000, 5.000000, 0.250000
5436, 0.720000, -0.800000, -0.630000, 0.057778, 0.115556, 0.022222, 0.840000, -0.030000, 9.760000, 254.125000, 4.937500, 0.187500, 0.170000, 0.030000, -0.790000, 0.022222, -0.023333, 0.014444, -1.710000, -8.440000, 4.680000, 254.125000, 4.875000, 0.187500
5456, 0.630000, -0.850000, -0.460000, 0.113333, 0.107778, -0.051111, 0.820000, -0.020000, 9.770000, 254.187500, 4.812500, 0.125000, -0.180000, -0.200000, -0.430000, 0.062222, 0.041111, 0.060000, -1.720000, -8.430000, 4.680000, 254.187500, 4.750000, 0.000000
5477, 0.610000, -0.690000, -0.700000, 0.200000, 0.242222, -0.113333, 0.790000, 0.010000, 9.770000, 254.250000, 4.562500, -0.062500, 0.000000, 0.230000, -0.490000, 0.135556, 0.033712, 0.090000, -1.740000, -8.420000, 4.700000, 254.312500, 4.437500, -0.187500
5497, 0.540000, -0.030000, -0.320000, 0.266667, 0.274444, -0.146667, 0.730000, 0.060000, 9.770000, 254.437500, 4.250000, -0.312500, 0.000000, 0.300000, -0.550000, 0.205556, 0.090000, 0.196667, -1.770000, -8.400000, 4.730000, 254.437500, 4.125000, -0.500000
5516, 0.420000, 0.130000, -0.280000, 0.242222, 0.248889, -0.072222, 0.680000, 0.100000, 9.780000, 254.500000, 4.000000, -0.625000, -0.250000, 0.740000, -0.090000, 0.205556, 0.165556, 0.306667, -1.830000, -8.370000, 4.760000, 254.500000, 3.875000, -0.750000
5536, 0.160000, 0.600000, -0.100000, 0.191111, 0.224444, -0.045556, 0.640000, 0.150000, 9.780000, 254.562500, 3.750000, -0.875000, -0.320000, -0.080000, 0.130000, 0.154444, 0.140000, 0.298889, -1.890000, -8.340000, 4.780000, 254.562500, 3.625000, -0.875000
5557, -0.170000, 0.530000, 0.760000, -0.007778, 0.203333, 0.033712, 0.600000, 0.150000, 9.780000, 254.562500, 3.500000, -0.875000, -0.430000, -0.110000, 0.130000, 0.020000, 0.111111, 0.126667, -1.930000, -8.330000, 4.780000, 254.500000, 3.437500, -0.875000
5577, 0.040000, -0.240000, 0.500000, -0.056667, 0.058889, 0.041111, 0.580000, 0.140000, 9.780000, 254.500000, 3.437500, -0.812500, -0.510000, -0.240000, 0.280000, 0.020000, 0.063333, 0.033333, -1.950000, -8.330000, 4.780000, 254.500000, 3.375000, -0.812500
5595, 0.370000, 0.050000, -0.090000, 0.033712, 0.016667, 0.050000, 0.580000, 0.140000, 9.780000, 254.562500, 3.375000, -0.875000, -0.590000, 0.020000, 0.200000, 0.080000, 0.041111, 0.048889, -1.960000, -8.320000, 4.790000, 254.500000, 3.375000, -0.875000
5616, 0.490000, -0.050000, -0.300000, 0.051111, 0.066667, 0.045556, 0.570000, 0.160000, 9.780000, 254.500000, 3.312500, -0.937500, -0.010000, -0.030000, -0.520000, 0.040000, 0.007778, 0.117778, -1.970000, -8.310000, 4.800000, 254.500000, 3.312500, -0.937500
5636, 0.220000, -0.070000, 0.590000, 0.014444, 0.093333, -0.021111, 0.550000, 0.160000, 9.780000, 254.500000, 3.250000, -0.937500, -0.140000, -0.040000, -0.390000, -0.023333, 0.112222, 0.100000, -2.000000, -8.310000, 4.790000, 254.500000, 3.250000, -0.937500
5657, 0.110000, 0.170000, 1.020000, 0.003333, -0.102222, -0.012222, 0.560000, 0.160000, 9.780000, 254.500000, 3.312500, -0.937500, -0.440000, -0.880000, 0.180000, 0.007778, 0.051111, 0.066667, -2.020000, -8.310000, 4.790000, 254.500000, 3.375000, -0.937500
5675, 0.410000, 0.080000, 0.090000, 0.037778, -0.152222, 0.002222, 0.590000, 0.160000, 9.780000, 254.500000, 3.437500, -0.937500, -0.290000, -0.170000, 0.110000, 0.073333, -0.025556, -0.024444, -2.020000, -8.300000, 4.800000, 254.500000, 3.500000, -0.937500
5696, 0.440000, 0.260000, 0.040000, -0.051111, -0.063333, 0.057778, 0.610000, 0.160000, 9.780000, 254.687500, 3.562500, -0.937500, -0.160000, -0.210000, -0.180000, 0.017778, -0.023333, -0.060000, -2.010000, -8.300000, 4.810000, 254.625000, 3.562500, -0.875000
5716, 0.590000, -0.100000, -0.590000, -0.070000, -0.031111, 0.021111, 0.620000, 0.150000, 9.780000, 254.625000, 3.625000, -0.875000, -0.350000, 0.160000, 0.140000, -0.022222, 0.012222, -0.074444, -2.000000, -8.300000, 4.800000, 254.625000, 3.562500, -0.812500
5737, 0.570000, -0.100000, -0.600000, -0.080000, 0.096667, 0.003333, 0.600000, 0.130000, 9.780000, 254.625000, 3.500000, -0.750000, -0.160000, 0.350000, -0.170000, -0.028889, 0.021111, -0.017778, -1.990000, -8.310000, 4.800000, 254.625000, 3.437500, -0.750000
5757, 0.310000, 0.130000, 0.170000, -0.083333, 0.142222, -0.016667, 0.580000, 0.120000, 9.780000, 254.625000, 3.375000, -0.687500, -0.170000, 0.090000, 0.040000, -0.033712, 0.063333, 0.052222, -2.000000, -8.310000, 4.790000, 254.625000, 3.312500, -0.625000
5776, 0.240000, 0.470000, 0.210000, -0.071111, -0.021111, 0.031111, 0.570000, 0.100000, 9.780000, 254.625000, 3.375000, -0.625000, -0.470000, 0.020000, 0.180000, -0.032222, 0.021111, 0.026667, -2.010000, -8.310000, 4.790000, 254.562500, 3.375000, -0.562500
5796, 0.410000, -0.150000, -0.310000, -0.066667, -0.041111, 0.112222, 0.580000, 0.090000, 9.780000, 254.625000, 3.375000, -0.500000, -0.440000, 0.320000, 0.230000, -0.023333, -0.013333, 0.020000, -2.010000, -8.310000, 4.780000, 254.562500, 3.375000, -0.500000
5817, 0.510000, -0.220000, -0.560000, -0.002222, 0.040000, 0.096667, 0.580000, 0.080000, 9.780000, 254.500000, 3.375000, -0.500000, -0.120000, -0.050000, -0.160000, 0.026667, -0.023333, 0.077778, -2.050000, -8.300000, 4.790000, 254.437500, 3.312500, -0.500000
5837, 0.180000, -0.330000, 0.530000, 0.017778, 0.070000, 0.036667, 0.560000, 0.090000, 9.780000, 254.437500, 3.312500, -0.500000, -0.060000, 0.010000, -0.160000, 0.038889, -0.023333, 0.058889, -2.060000, -8.290000, 4.790000, 254.625000, 3.312500, -0.500000
5856, 0.260000, -0.130000, 0.340000, 0.001111, -0.028889, -0.032222, 0.570000, 0.090000, 9.780000, 254.625000, 3.312500, -0.500000, -0.200000, -0.120000, -0.070000, -0.036667, 0.023333, -0.020000, -2.060000, -8.300000, 4.790000, 254.687500, 3.375000, -0.500000
5876, 0.340000, -0.020000, 0.140000, 0.000000, -0.113333, -0.072222, 0.580000, 0.090000, 9.780000, 254.750000, 3.437500, -0.500000, -0.320000, -0.290000, 0.180000, -0.040000, 0.012222, -0.053333, -2.060000, -8.300000, 4.780000, 254.750000, 3.437500, -0.500000
5897, 0.430000, 0.490000, -0.010000, 0.001111, -0.077778, -0.046667, 0.600000, 0.090000, 9.780000, 254.750000, 3.500000, -0.500000, -0.310000, 0.150000, 0.160000, -0.018889, 0.004444, -0.061111, -2.060000, -8.300000, 4.780000, 254.750000, 3.562500, -0.500000
5917, 0.500000, 0.510000, -0.270000, -0.057778, -0.046667, 0.044444, 0.610000, 0.080000, 9.780000, 254.750000, 3.562500, -0.500000, -0.190000, 0.040000, -0.020000, -0.033333, -0.025556, -0.001111, -2.050000, -8.310000, 4.770000, 254.687500, 3.562500, -0.437500
5935, 0.480000, 0.050000, -0.120000, -0.023333, 0.011111, 0.055556, 0.610000, 0.070000, 9.780000, 254.687500, 3.562500, -0.437500, -0.210000, 0.130000, 0.040000, -0.001111, -0.016667, 0.023333, -2.050000, -8.310000, 4.770000, 254.625000, 3.562500, -0.437500
5956, 0.370000, -0.300000, 0.190000, -0.015556, 0.003333, 0.044444, 0.610000, 0.070000, 9.780000, 254.625000, 3.562500, -0.437500, -0.100000, -0.280000, -0.370000, -0.011111, -0.032222, 0.005556, -2.050000, -8.310000, 4.770000, 254.625000, 3.562500, -0.375000
5976, 0.340000, -0.090000, 0.170000, -0.048889, 0.011111, 0.020000, 0.610000, 0.060000, 9.780000, 254.625000, 3.562500, -0.375000, -0.180000, 0.090000, 0.000000, -0.035556, -0.001111, -0.045556, -2.050000, -8.310000, 4.770000, 254.625000, 3.562500, -0.312500
5997, 0.240000, -0.140000, 0.450000, -0.060000, -0.067778, 0.018889, 0.610000, 0.050000, 9.780000, 254.625000, 3.562500, -0.312500, -0.200000, -0.180000, -0.050000, -0.046667, -0.007778, -0.037778, -2.040000, -8.320000, 4.760000, 254.625000, 3.625000, -0.312500
6015, 0.440000, 0.070000, -0.370000, 0.026667, -0.088889, 0.007778, 0.630000, 0.050000, 9.780000, 254.625000, 3.687500, -0.312500, -0.290000, 0.290000, 0.060000, -0.001111, -0.053333, -0.031111, -2.040000, -8.320000, 4.760000, 254.562500, 3.750000, -0.312500
6036, 0.520000, -0.010000, -0.470000, 0.084444, -0.051111, 0.036667, 0.640000, 0.070000, 9.780000, 254.562500, 3.750000, -0.375000, -0.150000, 0.550000, 0.020000, 0.022222, -0.075556, 0.008889, -2.040000, -8.310000, 4.770000, 254.625000, 3.750000, -0.437500
6056, 0.580000, 0.290000, -0.810000, 0.106667, 0.021111, 0.020000, 0.640000, 0.080000, 9.780000, 254.625000, 3.750000, -0.500000, -0.320000, 0.440000, -0.130000, 0.044444, -0.047778, 0.126667, -2.050000, -8.310000, 4.780000, 254.625000, 3.750000, -0.562500
6077, 0.440000, 0.090000, -0.440000, 0.077778, 0.118889, 0.081111, 0.630000, 0.100000, 9.780000, 254.562500, 3.687500, -0.562500, -0.250000, 0.400000, 0.260000, 0.054444, -0.037778, 0.183333, -2.070000, -8.290000, 4.790000, 254.500000, 3.562500, -0.625000
6097, -0.010000, 0.050000, 0.900000, 0.046667, 0.144444, 0.067778, 0.600000, 0.110000, 9.780000, 254.500000, 3.500000, -0.625000, -0.220000, 0.090000, -0.040000, 0.031111, -0.051111, 0.194444, -2.100000, -8.280000, 4.790000, 254.500000, 3.500000, -0.625000
6116, 0.080000, -0.070000, 0.550000, 0.003333, -0.066667, 0.086667, 0.600000, 0.110000, 9.780000, 254.437500, 3.500000, -0.625000, -0.290000, -0.570000, 0.250000, -0.033712, -0.060000, 0.013333, -2.110000, -8.280000, 4.790000, 254.375000, 3.562500, -0.625000
6136, 0.300000, -0.350000, 0.440000, -0.037778, -0.134444, 0.054444, 0.620000, 0.100000, 9.780000, 254.375000, 3.625000, -0.625000, -0.040000, -0.360000, -0.350000, -0.044444, -0.086667, -0.053333, -2.090000, -8.290000, 4.790000, 254.375000, 3.750000, -0.562500
6157, 0.520000, -0.140000, 0.030000, -0.036667, -0.162222, 0.044444, 0.650000, 0.100000, 9.780000, 254.375000, 3.812500, -0.562500, -0.110000, -0.170000, -0.330000, -0.016667, -0.044444, -0.094444, -2.070000, -8.290000, 4.790000, 254.312500, 3.937500, -0.562500
6177, 0.660000, -0.540000, -0.460000, -0.051111, -0.118889, 0.050000, 0.680000, 0.090000, 9.780000, 254.312500, 4.000000, -0.500000, -0.030000, 0.140000, -0.380000, -0.002222, -0.035556, -0.077778, -2.060000, -8.300000, 4.790000, 254.312500, 4.000000, -0.500000
