0, 0.050000, -0.090000, -0.550000, 0.031111, -0.026667, -0.044444, 3.790000, 0.340000, 9.030000, 241.750000, 22.750000, -2.187500, -0.080000, 0.440000, -0.400000, 0.033712, 0.014444, -0.047778, -0.960000, -8.590000, 4.620000, 241.750000, 22.750000, -2.187500
16, 0.020000, -0.340000, -0.620000, 0.006667, 0.017778, -0.033333, 3.790000, 0.350000, 9.030000, 241.750000, 22.687500, -2.187500, -0.110000, 0.220000, -0.550000, 0.037778, 0.018889, 0.004444, -0.960000, -8.590000, 4.620000, 241.750000, 22.687500, -2.187500
34, -0.100000, -0.710000, -0.090000, 0.038889, 0.020000, -0.045556, 3.780000, 0.350000, 9.030000, 241.812500, 22.687500, -2.250000, -0.030000, -0.200000, -0.620000, 0.058889, 0.025556, 0.002222, -0.960000, -8.590000, 4.620000, 241.812500, 22.687500, -2.250000
51, -0.040000, -0.650000, -0.370000, 0.057778, -0.004444, -0.075556, 3.780000, 0.360000, 9.030000, 241.812500, 22.687500, -2.312500, -0.050000, -0.230000, -0.720000, 0.100000, 0.052222, -0.047778, -0.960000, -8.580000, 4.640000, 241.875000, 22.687500, -2.312500
65, -0.010000, -0.960000, -0.410000, 0.060000, 0.007778, -0.113333, 3.780000, 0.380000, 9.030000, 241.937500, 22.687500, -2.375000, 0.000000, 0.120000, -0.820000, 0.158889, 0.093333, -0.017778, -0.960000, -8.570000, 4.660000, 242.000000, 22.687500, -2.500000
83, 0.030000, -0.680000, -0.520000, 0.097778, 0.073333, -0.161111, 3.770000, 0.400000, 9.040000, 242.062500, 22.625000, -2.562500, -0.130000, 0.230000, -0.590000, 0.166667, 0.095556, -0.005556, -0.970000, -8.560000, 4.660000, 242.062500, 22.625000, -2.562500
104, 0.090000, -0.580000, -0.480000, 0.111111, 0.104444, -0.177778, 3.750000, 0.420000, 9.040000, 242.250000, 22.500000, -2.625000, 0.030000, 0.060000, -0.500000, 0.156667, 0.148889, 0.031111, -0.990000, -8.560000, 4.670000, 242.250000, 22.500000, -2.625000
122, 0.090000, -0.290000, -0.350000, 0.030000, 0.204444, -0.228889, 3.720000, 0.440000, 9.060000, 242.437500, 22.312500, -2.750000, -0.010000, 0.230000, -0.210000, 0.134444, 0.215556, 0.033712, -1.010000, -8.550000, 4.680000, 242.562500, 22.187500, -2.812500
143, 0.250000, 0.350000, -0.320000, -0.022222, 0.257778, -0.213333, 3.680000, 0.450000, 9.070000, 242.687500, 22.000000, -2.875000, -0.260000, 0.190000, 0.620000, 0.103333, 0.235556, 0.052222, -1.040000, -8.540000, 4.700000, 242.687500, 22.000000, -2.875000
163, 0.320000, 0.730000, -0.040000, -0.006667, 0.326667, -0.165556, 3.620000, 0.470000, 9.090000, 242.875000, 21.687500, -2.937500, -0.140000, 0.290000, 0.710000, 0.066667, 0.194444, 0.076667, -1.070000, -8.530000, 4.710000, 242.937500, 21.500000, -2.937500
184, 0.590000, 1.110000, -0.130000, -0.054444, 0.396667, -0.138889, 3.550000, 0.470000, 9.120000, 243.062500, 21.250000, -2.937500, -0.090000, 0.360000, 1.170000, -0.026667, 0.200000, 0.113333, -1.100000, -8.530000, 4.700000, 243.062500, 21.250000, -2.937500
202, 0.750000, 1.900000, 0.000000, -0.186667, 0.564444, -0.077778, 3.460000, 0.450000, 9.160000, 243.187500, 20.687500, -2.812500, -0.240000, 0.210000, 1.950000, -0.146667, 0.207778, 0.176667, -1.150000, -8.530000, 4.680000, 243.187500, 20.687500, -2.812500
223, 0.290000, 2.340000, 2.170000, -0.241111, 0.358889, 0.040000, 3.390000, 0.410000, 9.190000, 243.187500, 20.187500, -2.562500, -0.600000, -0.440000, 2.830000, -0.278889, 0.147778, 0.164444, -1.190000, -8.550000, 4.630000, 243.125000, 20.062500, -2.375000
243, 0.310000, 3.120000, 2.080000, -0.327778, 0.180000, 0.186667, 3.350000, 0.350000, 9.200000, 243.062500, 20.000000, -2.125000, -0.850000, -0.340000, 3.270000, -0.420000, -0.013333, 0.018889, -1.200000, -8.580000, 4.570000, 243.062500, 20.000000, -2.125000
264, 0.160000, 3.330000, 2.530000, -0.446667, -0.065556, 0.401111, 3.350000, 0.250000, 9.210000, 242.812500, 20.000000, -1.562500, -0.820000, -0.320000, 2.850000, -0.591111, -0.167778, -0.112222, -1.180000, -8.630000, 4.480000, 242.562500, 20.062500, -1.187500
284, 0.100000, 2.670000, 2.320000, -0.562222, -0.297778, 0.545556, 3.400000, 0.120000, 9.190000, 242.312500, 20.250000, -0.750000, -0.860000, -0.790000, 2.600000, -0.746667, -0.314444, -0.231111, -1.120000, -8.700000, 4.370000, 242.312500, 20.250000, -0.750000
303, -1.010000, 2.310000, 4.420000, -0.585556, -0.914444, 0.674444, 3.520000, -0.010000, 9.140000, 241.750000, 21.062500, 0.062500, -0.830000, -1.030000, 1.950000, -0.892222, -0.480000, -0.478889, -1.020000, -8.780000, 4.240000, 241.750000, 21.062500, 0.062500
323, -1.000000, 1.400000, 2.540000, -0.572222, -1.581111, 0.828889, 3.770000, -0.170000, 9.040000, 241.000000, 22.625000, 1.062500, -0.990000, -0.450000, 1.040000, -0.936667, -0.646667, -0.810000, -0.850000, -8.672500, 4.090000, 240.562500, 23.562500, 1.562500
344, -1.220000, 0.170000, 0.590000, -0.493333, -1.821111, 0.937778, 4.080000, -0.320000, 8.900000, 239.750000, 24.625000, 2.062500, -0.850000, -0.440000, -0.370000, -0.907778, -0.858889, -1.010000, -0.620000, -8.950000, 3.950000, 239.750000, 24.625000, 2.062500
364, -0.750000, -1.840000, -2.510000, -0.197778, -1.817778, 1.246667, 4.390000, -0.460000, 8.750000, 238.437500, 26.562500, 3.000000, 0.770000, 1.300000, -3.500000, -0.562222, -1.060000, -1.096667, -0.360000, -9.010000, 3.850000, 237.812500, 27.437500, 3.437500
382, 0.570000, -6.670000, -6.570000, -0.102222, -1.408889, 0.960000, 4.630000, -0.570000, 8.620000, 237.250000, 28.187500, 3.812500, 3.220000, 4.090000, -8.900000, -0.158889, -0.860000, -0.696667, -0.150000, -9.030000, 3.810000, 237.250000, 28.187500, 3.812500
403, 0.600000, -6.490000, -8.920000, -0.293333, -0.834444, 0.346667, 4.790000, -0.650000, 8.530000, 236.250000, 29.187500, 4.375000, 3.820000, 4.820000, -10.790000, -0.200000, -0.050000, 0.122222, -0.110000, -9.040000, 3.780000, 236.250000, 29.187500, 4.375000
423, 2.600000, -8.720000, -18.840000, -0.965556, 1.044444, -0.441111, 4.720000, -0.760000, 8.550000, 236.687500, 28.812500, 5.062500, 3.650000, 5.080000, -14.940000, -0.607778, 1.312222, 0.804444, -0.290000, -9.070000, 3.690000, 237.562500, 27.312500, 5.375000
444, 1.140000, -10.430000, -20.840000, -1.677778, 5.025556, -1.866667, 4.100000, -0.880000, 8.672500, 238.875000, 24.687500, 5.687500, 3.420000, 3.600000, -17.930000, -0.468889, 4.811111, 1.183333, -0.740000, -9.100000, 3.560000, 238.875000, 24.687500, 5.687500
462, -2.370000, -17.530001, -33.240002, -3.070000, 11.445556, -3.900000, 2.460000, -1.160000, 9.410000, 243.562500, 14.562500, 7.000000, -0.890000, 7.410000, -9.500000, -1.066667, 6.562222, 1.546667, -1.400000, -9.130000, 3.280000, 246.875000, 7.250000, 8.000000
483, -12.760000, -15.300000, -23.799999, -2.686667, 15.637777, -5.090000, -0.110000, -1.570000, 9.670000, 250.312500, -0.687500, 9.187500, -3.100000, 7.180000, -6.290000, -1.528889, 6.168889, 3.355556, -2.260000, -9.110000, 2.800000, 250.312500, -0.687500, 9.187500
503, -20.650000, -8.080000, 0.030000, -1.388889, 14.470000, -4.716667, -2.670000, -2.010000, 9.210000, 256.937500, -15.812500, 12.312500, -6.130000, 3.600000, -2.150000, -1.185556, 4.733333, 5.176667, -3.330000, -8.920000, 2.320000, 256.937500, -15.812500, 12.312500
524, -19.240000, 1.140000, 8.040000, -0.861111, 10.667778, -3.778889, -4.450000, -2.440000, 8.380000, 262.687500, -27.000000, 16.187500, -8.210000, -1.190000, 1.380000, -1.586667, 3.567778, 5.204444, -4.370000, -8.580000, 1.800000, 264.937500, -30.937500, 18.437500
542, -20.980000, 7.270000, 23.400000, -1.062222, 5.774445, -2.632222, -5.400000, -2.870000, 7.660000, 266.687500, -33.437500, 20.562500, -10.730000, -8.470000, 10.650000, -2.194444, 2.887778, 3.596667, -5.110000, -8.280000, 1.190000, 266.687500, -33.437500, 20.562500
563, -19.469999, 13.400000, 30.889999, -1.170000, -1.460000, -0.830000, -5.370000, -3.170000, 7.560000, 267.812500, -33.187500, 22.750000, -12.330000, -13.400000, 18.370001, -2.248889, 1.994444, 1.234444, -5.430000, -8.130000, 0.610000, 267.250000, -31.375000, 22.937500
583, -15.570000, 11.260000, 18.910000, -1.110000, -4.791111, 0.686667, -4.770000, -3.310000, 7.890000, 266.187500, -29.125000, 22.750000, -12.910000, -9.750000, 20.490000, -1.377778, 0.312222, -1.374444, -5.330000, -8.220000, 0.270000, 266.187500, -29.125000, 22.750000
604, -11.940000, 11.830000, 13.870000, -0.960000, -6.183333, 1.847778, -3.970000, -3.330000, 8.310000, 263.062500, -23.937500, 21.812500, -8.740000, 0.620000, 12.900000, -0.722222, -2.151111, -2.491111, -4.940000, -8.460000, 0.290000, 263.062500, -23.937500, 21.812500
624, -10.190000, 10.600000, 9.030000, -0.944444, -7.398889, 3.056667, -2.990000, -3.300000, 8.730000, 258.500000, -17.750000, 20.750000, -6.220000, 1.320000, 8.490000, -1.112222, -3.436667, -2.121111, -4.560000, -8.660000, 0.420000, 255.750000, -14.437500, 20.250000
643, -7.160000, 4.200000, 2.590000, -0.810000, -8.023334, 3.881111, -1.880000, -3.280000, 9.040000, 252.812500, -11.062500, 19.937500, -2.590000, -1.830000, 2.900000, -1.515556, -4.005556, -1.885556, -4.200000, -8.652500, 0.500000, 252.812500, -11.062500, 19.937500
663, -5.200000, -4.190000, -0.210000, -0.463333, -7.683333, 3.716667, -0.770000, -3.280000, 9.200000, 247.062500, -4.500000, 19.625000, -0.880000, -5.500000, -1.630000, -1.235556, -4.041111, -2.266667, -3.800000, -9.010000, 0.580000, 247.062500, -4.500000, 19.625000
684, -0.590000, -11.070000, -10.090000, 0.441111, -6.060000, 2.391111, 0.210000, -3.230000, 9.250000, 242.875000, 1.250000, 19.187500, -1.020000, -4.490000, -7.330000, -0.412222, -3.844445, -3.522222, -3.200000, -9.230000, 0.730000, 242.875000, 1.250000, 19.187500
704, 0.310000, -10.170000, -10.740000, 0.408889, -3.598889, 1.294444, 0.850000, -3.160000, 9.240000, 240.437500, 4.937500, 18.875000, 1.710000, 3.420000, -13.650000, 0.018889, -3.472222, -4.100000, -2.420000, -9.450000, 0.920000, 240.437500, 4.937500, 18.875000
722, 0.640000, -10.590000, -8.510000, -0.511111, -2.170903, 0.766667, 1.230000, -3.220000, 9.170000, 239.000000, 7.187500, 19.312500, 3.960000, 2.650000, -16.250000, -0.371111, -2.324445, -3.042222, -1.760000, -9.590000, 0.980000, 238.687500, 8.437500, 19.875000
743, -0.230000, -16.990000, -1.320000, -0.905556, -2.974444, -0.444444, 1.700000, -3.360000, 9.040000, 238.625000, 10.000000, 20.375000, 4.570000, -3.290000, -17.160000, 0.053333, -0.305556, -1.835556, -1.360000, -9.660000, 0.980000, 238.625000, 10.000000, 20.375000
763, 0.650000, -22.150000, -7.750000, -0.183333, -3.207778, -2.556667, 2.390000, -3.360000, 8.890000, 240.250000, 14.062500, 20.687500, 3.340000, -3.750000, -16.270000, 1.247778, 1.453333, -1.493333, -1.100000, -9.670000, 1.130000, 241.875000, 16.250000, 20.250000
784, -0.730000, -21.440001, -8.110000, 0.565556, -2.647778, -4.638889, 3.110000, -3.080000, 8.770000, 244.125000, 18.500000, 19.312500, 2.630000, -1.650000, -14.620000, 2.356667, 2.775556, -1.641111, -0.870000, -9.650000, 1.470000, 244.125000, 18.500000, 19.312500
802, -3.340000, -13.660000, -9.980000, 1.235556, -1.337778, -6.371111, 3.710000, -2.500000, 8.720000, 250.125000, 22.250000, 16.000000, 0.990000, 0.000000, -12.010000, 3.098889, 3.942222, -1.767778, -0.670000, -9.580000, 1.950000, 250.125000, 22.250000, 16.000000
823, -4.840000, -3.770000, -10.390000, 0.743333, 0.314444, -6.787778, 4.000000, -1.860000, 8.750000, 257.250000, 24.062500, 11.937500, -3.760000, 6.050000, -4.760000, 3.641111, 4.814445, -1.997778, -0.520000, -9.450000, 2.530000, 257.250000, 24.062500, 11.937500
843, -8.682500, 0.090000, -6.590000, 0.748889, 0.671111, -7.106667, 4.080000, -1.150000, 8.652500, 265.062500, 24.562500, 7.375000, -7.940000, 12.970000, 1.980000, 3.393333, 4.881111, -1.781111, -0.450000, -9.280000, 3.120000, 265.062500, 24.562500, 7.375000
864, -11.280000, 19.450001, -7.030000, 1.412222, 1.772222, -6.721111, 3.920000, -0.380000, 8.970000, 272.500000, 23.562500, 2.437500, -11.570000, 16.469999, 8.810000, 2.223333, 4.702222, -0.908889, -0.550000, -9.130000, 3.520000, 275.250000, 22.250000, 0.625000
884, -10.770000, 29.549999, -8.120000, 0.260000, 3.446667, -3.442222, 3.410000, 0.030000, 9.190000, 277.062500, 20.375000, -0.187500, -11.980000, 19.510000, 19.110001, 0.758889, 4.072222, 0.405556, -0.850000, -9.050000, 3.660000, 277.062500, 20.375000, -0.187500
903, -9.800000, 26.870001, -9.240000, -1.660000, 5.297778, -0.043333, 2.550000, -0.120000, 9.460000, 278.187500, 15.062500, 0.750000, -10.180000, 16.110001, 17.629999, -1.510000, 1.483333, 2.002222, -1.280000, -9.080000, 3.450000, 278.187500, 15.062500, 0.750000
923, -9.140000, 24.170000, -7.740000, -2.871111, 6.360000, 2.365556, 1.420000, -0.660000, 9.680000, 276.625000, 8.312500, 3.875000, -6.630000, 10.460000, 11.410000, -2.967778, -0.502222, 2.970000, -1.760000, -9.160000, 3.000000, 276.625000, 8.312500, 3.875000
944, -10.480000, 18.469999, 4.180000, -2.991111, 6.083333, 3.341111, 0.330000, -1.250000, 9.720000, 272.875000, 1.875000, 7.312500, -6.630000, 7.250000, 9.680000, -3.695555, -2.178889, 3.416667, -2.250000, -9.220000, 2.450000, 272.875000, 1.875000, 7.312500
964, -10.960000, 17.510000, 7.880000, -2.372222, 1.627778, 6.976666, -0.290000, -1.700000, 9.650000, 266.250000, -1.687500, 10.000000, -8.050000, 6.270000, 5.960000, -4.118889, -4.314445, 3.842222, -2.750000, -9.210000, 1.920000, 266.250000, -1.687500, 10.000000
983, -8.190000, 0.300000, -2.560000, -2.347778, 0.890000, 8.721111, -0.760000, -2.050000, 9.550000, 257.062500, -4.437500, 12.062500, -2.970000, -4.840000, -3.650000, -4.057778, -5.926667, 5.000000, -3.370000, -9.070000, 1.530000, 257.062500, -4.437500, 12.062500
1003, -3.840000, -21.459999, 0.330000, -1.200000, 1.756667, 6.644444, -1.340000, -2.200000, 9.460000, 249.062500, -7.875000, 13.062500, 0.110000, -24.639999, -11.660000, -2.733333, -5.157778, 5.082222, -4.120000, -8.780000, 1.380000, 249.062500, -7.875000, 13.062500
1024, -1.820000, -27.969999, 11.290000, 1.332222, 0.824444, 2.132222, -1.680000, -1.950000, 9.450000, 245.812500, -9.875000, 11.687500, 3.430000, -20.620001, -21.950001, 0.162222, -3.996667, 0.735556, -4.330000, -8.640000, 1.630000, 245.812500, -9.875000, 11.687500
1044, -1.370000, -27.600000, 12.020000, 1.347778, -0.153333, 0.840000, -1.590000, -1.720000, 9.520000, 245.750000, -9.312500, 10.250000, 4.820000, -14.080000, -25.400000, 1.042222, -1.823333, -2.366667, -3.950000, -8.740000, 1.990000, 245.750000, -9.312500, 10.250000
1062, -0.220000, -30.020000, 9.150000, 1.300000, -1.885556, -3.195555, -1.210000, -1.570000, 9.600000, 248.437500, -7.125000, 9.312500, 1.380000, -15.900000, -18.930000, 1.342222, 1.438889, -3.095556, -3.480000, -8.910000, 2.150000, 248.437500, -7.125000, 9.312500
1083, -0.800000, -27.129999, 6.650000, 2.598889, -2.893333, -5.153333, -0.600000, -1.250000, 9.700000, 253.500000, -3.500000, 7.312500, -1.780000, -10.380000, -12.920000, 3.088889, 3.071111, -3.697778, -2.990000, -9.010000, 2.420000, 253.500000, -3.500000, 7.312500
1103, -2.450000, -15.130000, -2.910000, 4.106667, -3.028889, -6.271111, 0.070000, -0.580000, 9.780000, 259.937500, 0.437500, 3.375000, -3.020000, 0.640000, -7.070000, 4.515555, 3.475556, -3.667778, -2.530000, -8.990000, 2.960000, 259.937500, 0.437500, 3.375000
1124, -6.610000, 0.440000, -9.180000, 4.255556, -2.257778, -6.796667, 0.550000, 0.250000, 9.780000, 267.125000, 3.250000, -1.437500, -4.770000, 8.710000, -4.120000, 5.008889, 3.780000, -3.290000, -2.180000, -8.642500, 3.640000, 267.125000, 3.250000, -1.437500
1142, -10.280000, 23.420000, -11.520000, 3.242222, -0.627778, -5.244444, 0.690000, 1.000000, 9.730000, 273.500000, 4.000000, -5.875000, -12.730000, 20.750000, 12.810000, 3.581111, 4.431111, -2.594445, -2.030000, -8.640000, 4.160000, 273.500000, 4.000000, -5.875000
1163, -13.230000, 38.070000, 0.720000, 0.841111, -0.744444, -0.948889, 0.730000, 1.290000, 9.690000, 275.687500, 4.312500, -7.562500, -14.560000, 18.910000, 27.790001, 0.042222, 3.230000, -1.034444, -2.090000, -8.620000, 4.160000, 275.687500, 4.312500, -7.562500
1183, -10.610000, 33.310001, -3.820000, -0.970000, -1.381111, 2.715556, 1.020000, 1.140000, 9.680000, 273.750000, 6.000000, -6.750000, -12.660000, 11.420000, 25.280001, -1.756667, -0.422222, 0.597778, -2.170000, -8.720000, 3.890000, 273.750000, 6.000000, -6.750000
1204, -8.080000, 21.400000, -3.540000, -0.790000, -1.525556, 4.915555, 1.380000, 0.870000, 9.660000, 269.062500, 8.125000, -5.125000, -10.960000, 9.410000, 21.770000, -1.427778, -3.575556, 1.058889, -2.130000, -8.800000, 3.760000, 269.062500, 8.125000, -5.125000
1224, -7.280000, 16.090000, -4.390000, -0.107778, -1.128889, 6.587778, 1.690000, 0.640000, 9.630000, 262.375000, 9.937500, -3.750000, -6.130000, 8.540000, 6.260000, -1.656575, -5.686666, 1.240000, -1.960000, -8.672500, 3.700000, 262.375000, 9.937500, -3.750000
1243, -6.400000, 8.632500, -7.550000, -0.062222, -1.104445, 7.875556, 1.980000, 0.370000, 9.590000, 254.187500, 11.625000, -2.250000, -5.220000, 10.090000, -0.470000, -2.528889, -6.945556, 1.776667, -1.770000, -8.960000, 3.550000, 254.187500, 11.625000, -2.250000
1263, -6.310000, 2.880000, -9.810000, -1.164444, 0.018889, 8.654445, 2.060000, -0.100000, 9.580000, 245.000000, 12.125000, 0.625000, -0.690000, 7.360000, -11.430000, -3.995556, -7.026667, 2.958889, -1.770000, -9.100000, 3.170000, 245.000000, 12.125000, 0.625000
1284, -3.370000, -19.200001, -5.680000, -2.642222, 1.028889, 7.502222, 1.840000, -0.820000, 9.590000, 236.625000, 10.812500, 4.875000, 8.500000, -8.600000, -20.879999, -3.568889, -4.963333, 3.656667, -2.070000, -9.190000, 2.690000, 236.625000, 10.812500, 4.875000
1304, 1.250000, -37.150002, -4.080000, -1.486667, 0.727778, 2.704444, 1.600000, -1.310000, 9.580000, 232.437500, 9.375000, 7.812500, 8.690000, -13.040000, -21.950001, -1.650000, -1.757778, 2.310000, -2.440000, -9.180000, 2.410000, 232.437500, 9.375000, 7.812500
1323, 2.860000, -19.610001, -13.050000, -0.452222, 1.588889, -0.396667, 1.380000, -1.420000, 9.600000, 232.437500, 8.125000, 8.375000, 3.780000, 1.130000, -21.709999, 0.104444, 0.955556, 0.638889, -2.610000, -9.150000, 2.350000, 232.437500, 8.125000, 8.375000
1343, 3.250000, -16.580000, -20.129999, -1.631111, 5.123333, -1.700000, 0.670000, -1.630000, 9.640000, 234.375000, 3.937500, 9.562500, 3.570000, 4.910000, -20.570000, 0.434444, 3.678889, 1.941111, -3.000000, -9.050000, 2.280000, 234.375000, 3.937500, 9.562500
1363, -1.370000, -20.910000, -30.879999, -2.496667, 11.336667, -3.462222, -0.990000, -2.070000, 9.530000, 238.562500, -5.812500, 12.250000, -2.860000, 3.430000, -15.210000, 0.233333, 6.395555, 3.837778, -3.810000, -8.632500, 1.950000, 238.562500, -5.812500, 12.250000
1384, -11.980000, -17.379999, -23.440001, -1.668889, 15.562222, -4.640000, -3.380000, -2.600000, 8.632500, 245.125000, -20.125000, 16.375000, -10.550000, 6.050000, -3.520000, 0.383333, 6.815556, 4.884444, -4.800000, -8.420000, 1.440000, 245.125000, -20.125000, 16.375000
1402, -28.059999, 0.100000, -4.130000, -0.754444, 16.001112, -4.457778, -5.620000, -3.130000, 7.390000, 252.750000, -35.000000, 22.937500, -11.870000, 5.600000, 0.170000, -1.226667, 5.952222, 5.527778, -5.760000, -7.890000, 0.710000, 252.750000, -35.000000, 22.937500
1423, -32.730000, 11.650000, 32.480000, -0.426667, 6.656667, -2.882222, -6.720000, -3.600000, 6.160000, 258.312500, -43.250000, 30.312500, -13.060000, -12.800000, 12.340000, -3.291111, 4.945556, 4.247778, -6.480000, -7.340000, -0.310000, 258.312500, -43.250000, 30.312500
1443, -27.580000, 21.809999, 32.849998, -1.784444, -6.062222, 1.082222, -6.270000, -3.760000, 6.530000, 256.687500, -39.750000, 29.937500, -16.459999, -26.709999, 21.690001, -2.295556, 2.981111, -0.410000, -6.560000, -7.190000, -1.150000, 256.687500, -39.750000, 29.937500
1464, -11.340000, 1.750000, 3.950000, 0.376667, -5.936666, 1.460000, -5.550000, -3.620000, 7.220000, 253.375000, -34.437500, 26.625000, -17.820000, -12.850000, 25.910000, 1.337778, -1.785556, -4.208889, -6.070000, -7.620000, -1.030000, 253.375000, -34.437500, 26.625000
1482, -9.930000, 7.420000, 8.910000, 0.765556, -5.757778, 2.304445, -4.880000, -3.310000, 7.820000, 250.187500, -29.875000, 22.937500, -12.440000, 1.790000, 12.600000, 2.043333, -5.088889, -3.795556, -5.510000, -8.100000, -0.220000, 250.187500, -29.875000, 22.937500
1503, -5.430000, 3.100000, -0.240000, 0.545556, -6.350000, 3.365556, -4.090000, -2.950000, 8.400000, 245.750000, -24.687500, 19.375000, -4.630000, 3.180000, -1.680000, 0.630000, -5.796667, -2.583333, -5.050000, -8.380000, 0.500000, 245.750000, -24.687500, 19.375000
1523, -2.120000, -8.340000, -4.060000, 0.121111, -5.688889, 2.961111, -3.310000, -2.690000, 8.632500, 241.312500, -19.687500, 16.937500, 1.410000, -1.700000, -9.820000, 0.124444, -4.901111, -2.333333, -4.600000, -8.590000, 1.000000, 241.312500, -19.687500, 16.937500
1544, 2.130000, -17.660000, -9.180000, 0.172222, -4.343333, 1.270000, -2.580000, -2.570000, 9.100000, 238.750000, -15.250000, 15.750000, 3.410000, -4.740000, -15.180000, 0.061111, -4.374444, -2.522222, -4.070000, -8.810000, 1.360000, 238.750000, -15.250000, 15.750000
1564, 3.390000, -25.549999, -8.070000, 0.932222, -3.188889, -1.104445, -1.960000, -2.460000, 9.280000, 238.875000, -11.562500, 14.875000, 4.130000, -5.290000, -20.420000, 1.368889, -1.534444, -2.882222, -3.530000, -8.990000, 1.680000, 238.875000, -11.562500, 14.875000
1583, 0.010000, -24.639999, -3.340000, 1.714444, -3.456667, -3.417778, -1.250000, -2.270000, 9.450000, 241.687500, -7.312500, 13.500000, 4.480000, -3.600000, -21.900000, 2.451111, 0.647778, -2.560000, -3.070000, -9.070000, 2.060000, 241.687500, -7.312500, 13.500000
1603, -2.050000, -26.910000, -6.210000, 2.475556, -3.727778, -6.036667, -0.350000, -1.940000, 9.600000, 247.125000, -2.062500, 11.437500, 3.760000, -5.070000, -21.070000, 3.387778, 3.001111, -2.754444, -2.720000, -9.080000, 2.470000, 247.125000, -2.062500, 11.437500
1624, -6.120000, -16.719999, -12.100000, 3.243333, -2.605556, -8.341111, 0.420000, -1.360000, 9.700000, 255.437500, 2.500000, 8.000000, 0.550000, -2.050000, -18.320000, 4.358889, 4.927778, -3.403333, -2.390000, -9.030000, 2.960000, 255.437500, 2.500000, 8.000000
1644, -8.672500, -8.662500, -13.890000, 3.398889, -0.936667, -9.514444, 0.860000, -0.620000, 9.740000, 265.312500, 5.062500, 3.625000, -4.180000, 5.950000, -10.160000, 4.765555, 5.586667, -3.516667, -2.150000, -8.880000, 3.540000, 265.312500, 5.062500, 3.625000
1662, -11.130000, 7.430000, -19.660000, 3.391111, 1.757778, -9.408889, 0.720000, 0.140000, 9.770000, 275.500000, 4.187500, -0.875000, -8.600000, 12.670000, -3.960000, 4.660000, 6.380000, -3.124444, -2.070000, -8.660000, 4.090000, 275.500000, 4.187500, -0.875000
1683, -13.360000, 22.459999, -20.510000, 2.840000, 4.640000, -7.071111, -0.070000, 0.780000, 9.770000, 283.875000, -0.437500, -4.562500, -13.760000, 28.959999, 7.990000, 2.471111, 6.367778, -1.278889, -2.270000, -8.480000, 4.360000, 283.875000, -0.437500, -4.562500
1703, -13.930000, 38.400002, -18.280001, -1.362222, 7.460000, -2.201111, -1.390000, 0.720000, 9.670000, 287.312500, -8.125000, -4.250000, -14.920000, 27.450001, 24.910000, -0.026667, 5.814445, 0.618889, -2.890000, -8.500000, 3.930000, 287.312500, -8.125000, -4.250000
1724, -14.670000, 26.549999, -5.000000, -4.513333, 7.020000, 0.946667, -2.720000, 0.010000, 9.420000, 286.312500, -16.125000, -0.062500, -11.900000, 17.530001, 20.879999, -4.682222, 0.382222, 3.548889, -3.520000, -8.580000, 3.160000, 284.812500, -19.500000, 2.250000
1742, -11.850000, 22.650000, -3.040000, -4.992222, 5.452222, 3.276667, -3.770000, -0.690000, 9.020000, 282.625000, -22.562500, 4.375000, -9.990000, 7.680000, 16.440001, -4.691111, -0.565556, 3.877778, -4.100000, -8.550000, 2.480000, 282.625000, -22.562500, 4.375000
1763, -11.430000, 20.280001, 4.060000, -4.231111, 2.601111, 6.270000, -4.430000, -1.000000, 8.680000, 275.750000, -26.875000, 6.562500, -9.940000, 5.850000, 14.870000, -4.373333, -4.606667, 3.813150, -4.550000, -8.420000, 2.080000, 275.750000, -26.875000, 6.562500
1783, -10.180000, 13.020000, -4.080000, -3.554445, 1.405556, 9.650000, -4.840000, -0.830000, 8.480000, 265.187500, -29.562500, 5.562500, -11.750000, 7.840000, 4.000000, -4.650000, -7.686666, 5.284444, -5.040000, -8.160000, 2.000000, 265.187500, -29.562500, 5.562500
1804, -7.560000, -12.050000, -10.010000, -2.246667, 3.188889, 10.904445, -5.350000, -0.180000, 8.210000, 252.750000, -33.125000, 1.250000, -9.810000, 2.680000, -6.970000, -4.704444, -8.594444, 6.341111, -5.750000, -7.620000, 2.163125, 252.750000, -33.125000, 1.250000
1822, -3.730000, -39.340000, 0.590000, 0.528889, 4.837778, 5.386667, -6.040000, 0.530000, 7.700000, 244.625000, -38.000000, -3.937500, 6.530000, -27.400000, -35.070000, -1.570000, -5.292222, 6.162222, -6.430000, -6.900000, 2.650000, 244.187500, -40.187500, -5.437500
1843, -4.570000, -39.200001, 17.370001, 1.088889, 2.820000, -2.021111, -6.540000, 0.660000, 7.270000, 245.437500, -41.812500, -5.187500, 4.880000, -18.780001, -39.830002, -0.418889, -1.735556, 2.922222, -6.650000, -6.710000, 2.600000, 245.437500, -41.812500, -5.187500
1863, -6.810000, -34.070000, 15.160000, -0.094444, 1.360000, -5.808889, -6.790000, 0.020000, 7.060000, 250.937500, -43.875000, -0.187500, -3.440000, -13.620000, -25.120001, 0.112222, 6.240000, -0.412222, -6.830000, -6.770000, 1.870000, 254.562500, -44.187500, 2.687500
1884, -10.770000, -21.559999, 16.830000, 2.294445, 0.082222, -6.251111, -6.820000, -0.580000, 7.020000, 258.437500, -44.062500, 4.750000, -11.760000, -24.170000, -3.460000, 2.287778, 5.992222, -2.085556, -6.830000, -6.910000, 1.280000, 262.625000, -43.250000, 5.812500
1904, -13.580000, -12.620000, 11.760000, 4.968889, -1.662222, -6.238889, -6.560000, -0.780000, 7.240000, 267.062500, -42.000000, 6.125000, -12.200000, -11.730000, 0.290000, 3.268889, 4.742222, -3.727778, -6.350000, -7.360000, 1.210000, 267.062500, -42.000000, 6.125000
1923, -16.260000, 13.310000, -0.020000, 4.723333, -1.685556, -5.160000, -6.230000, -0.760000, 7.520000, 275.125000, -39.500000, 5.750000, -14.130000, 2.410000, 5.650000, 2.977778, 3.928889, -5.167778, -5.690000, -7.880000, 1.230000, 277.687500, -38.312500, 5.250000
1943, -16.170000, 25.299999, 4.480000, 2.752222, -2.785556, -1.697778, -5.860000, -0.600000, 7.830000, 279.125000, -36.750000, 4.375000, -16.670000, 2.770000, 17.450001, 2.377778, 3.630000, -4.816667, -5.050000, -8.300000, 1.250000, 279.125000, -36.750000, 4.375000
1964, -15.340000, 20.860001, 11.060000, 2.402222, -6.113333, 1.850000, -5.050000, -0.130000, 8.400000, 278.687500, -31.000000, 0.875000, -15.790000, 1.610000, 25.190001, 3.028889, -0.740000, -3.453333, -4.460000, -8.570000, 1.660000, 277.250000, -27.187500, -1.250000
1984, -11.400000, 11.470000, 5.970000, 1.991111, -7.626300, 4.148889, -3.820000, 0.520000, 9.010000, 275.312500, -22.937500, -3.312500, -8.710000, 2.880000, 15.770000, 4.065556, -4.076667, -2.220000, -3.910000, -8.610000, 2.560000, 273.250000, -18.125000, -5.187500
2002, -11.090000, 3.590000, 6.320000, 2.197778, -9.434444, 4.328889, -2.170000, 1.140000, 9.490000, 271.312500, -12.812500, -6.875000, -4.380000, -0.460000, 5.520000, 3.774444, -4.975555, -2.093333, -3.240000, -8.570000, 3.470000, 271.312500, -12.812500, -6.875000
2023, -10.020000, -1.990000, 3.340000, 2.326667, -10.917778, 3.685555, -0.150000, 1.650000, 9.660000, 268.125000, -0.875000, -9.687500, -0.320000, -0.790000, -3.550000, 1.676667, -4.745555, -3.780000, -2.310000, -8.620000, 4.050000, 266.812500, 5.625000, -11.062500
2043, -9.380000, -2.280000, -3.330000, 2.563150, -11.205556, 3.325556, 2.030000, 2.050000, 9.370000, 265.500000, 11.937500, -12.375000, -0.470000, 0.100000, -3.990000, 1.333333, -4.144444, -4.120000, -1.320000, -8.660000, 4.400000, 265.500000, 11.937500, -12.375000
2064, -1.580000, -5.230000, -16.160000, 2.343333, -7.894444, 3.066667, 3.690000, 2.290000, 8.780000, 262.750000, 22.125000, -14.625000, -1.630000, -0.620000, -3.760000, 1.523333, -3.155555, -4.313334, -0.340000, -8.600000, 4.690000, 261.437500, 25.812500, -15.687500
2082, -2.260000, -8.080000, -9.720000, 2.361111, -5.546667, 2.490000, 4.770000, 2.460000, 8.200000, 260.125000, 29.125000, -16.687500, -0.780000, 0.130000, -6.630000, 1.937778, -3.188889, -4.812222, 0.700000, -8.420000, 4.960000, 260.125000, 29.125000, -16.687500
2103, -0.680000, -16.570000, -9.190000, 1.907778, -5.540000, 1.196667, 5.670000, 2.600000, 7.560000, 258.562500, 34.562500, -19.000000, 4.940000, 8.680000, -14.280000, 2.484444, -2.873333, -4.640000, 1.210000, -8.260000, 5.130000, 258.562500, 34.562500, -19.000000
2123, 1.330000, -15.990000, -19.639999, 1.560000, -4.354445, -1.108889, 6.300000, 2.890000, 6.920000, 259.312500, 40.000000, -22.687500, 7.000000, 14.660000, -17.670000, 2.225556, -0.513333, -1.928889, 2.100000, -7.720000, 5.650000, 260.562500, 41.000000, -24.875000
2144, -0.230000, -3.800000, -26.799999, 0.905556, -1.112222, -2.812222, 6.410000, 3.340000, 6.610000, 262.000000, 40.875000, -26.812500, 1.850000, 19.280001, -14.290000, 1.898889, 0.795556, -0.742222, 2.110000, -7.600000, 5.810000, 262.000000, 40.875000, -26.812500
2164, -1.540000, 9.640000, -32.270000, -0.778889, 3.896667, -1.751111, 5.930000, 3.550000, 6.940000, 263.875000, 37.250000, -27.125000, -4.780000, 23.690001, -5.050000, 0.288889, 3.712222, 3.146667, 1.190000, -7.510000, 6.180000, 263.937500, 34.000000, -25.312500
2183, -7.810000, 12.370000, -33.880001, -2.872222, 8.891111, 0.130000, 4.840000, 3.260000, 7.870000, 263.375000, 29.625000, -22.500000, -7.280000, 22.750000, -1.460000, -1.062222, 3.772222, 4.261111, 0.080000, -7.770000, 5.970000, 263.375000, 29.625000, -22.500000
2203, -14.120000, 6.840000, -29.879999, -4.146667, 13.032222, 1.194444, 2.940000, 2.560000, 8.990000, 261.125000, 17.437500, -15.875000, -10.530000, 15.360000, 0.830000, -3.577778, 2.725556, 6.116667, -0.510000, -7.960000, 5.690000, 261.125000, 17.437500, -15.875000
2224, -22.510000, 5.600000, -12.800000, -4.596667, 13.800000, 2.273333, 0.550000, 1.700000, 9.640000, 257.750000, 3.187500, -10.000000, -12.120000, 10.350000, 1.660000, -5.271111, 0.678889, 7.253334, -2.310000, -8.420000, 4.460000, 255.437500, -3.125000, -7.375000
2244, -24.219999, 5.880000, 6.620000, -4.700000, 9.531111, 4.498889, -1.360000, 0.860000, 9.670000, 252.625000, -8.000000, -5.125000, -12.750000, 1.550000, -0.480000, -6.068889, -1.878889, 8.148889, -2.890000, -8.460000, 4.020000, 252.625000, -8.000000, -5.125000
2263, -18.590000, -16.240000, 29.459999, -2.278889, 2.442222, 4.562222, -2.060000, 0.470000, 9.570000, 246.937500, -12.125000, -2.812500, -11.890000, -18.219999, -0.250000, -4.676667, -2.025556, 9.208889, -4.730000, -7.990000, 3.120000, 244.937500, -12.062500, -2.750000
2283, -10.620000, -21.480000, 27.280001, 0.373333, -1.547778, 2.445555, -1.890000, 0.540000, 9.600000, 243.625000, -11.125000, -3.250000, -10.060000, -31.170000, -1.100000, -2.507778, -1.668889, 5.070000, -5.130000, -7.760000, 3.090000, 243.000000, -9.437500, -4.000000
2304, -10.280000, -20.129999, 29.420000, 1.553333, -4.585556, 0.493333, -1.190000, 0.820000, 9.690000, 242.875000, -6.937500, -4.875000, -4.900000, -23.129999, -10.780000, 0.858889, -2.861111, -1.002222, -4.970000, -7.780000, 3.290000, 242.875000, -6.937500, -4.875000
2324, -10.310000, -19.440001, 20.780001, 1.943333, -7.822222, -1.270000, 0.090000, 1.150000, 9.730000, 244.250000, 0.562500, -6.750000, -4.310000, -18.059999, -12.370000, 1.642222, -1.997778, -4.511111, -3.760000, -8.160000, 3.900000, 245.625000, 5.187500, -7.937500
2342, -10.700000, -15.800000, 11.560000, 1.945556, -9.474444, -2.544445, 1.720000, 1.560000, 9.520000, 247.312500, 10.062500, -9.312500, -5.480000, -14.700000, -10.300000, 1.907778, -0.527778, -6.762222, -3.210000, -8.310000, 4.070000, 247.312500, 10.062500, -9.312500
2363, -10.560000, -13.200000, -1.420000, 2.075556, -9.673333, -3.688889, 3.320000, 2.080000, 8.980000, 251.687500, 19.750000, -13.062500, -7.270000, -9.160000, -9.200000, 3.178889, 0.670000, -8.712222, -1.220000, -8.440000, 4.820000, 254.375000, 23.812500, -15.625000
2383, -6.740000, -12.010000, -15.850000, 2.440000, -7.446667, -4.944445, 4.440000, 2.810000, 8.270000, 257.375000, 26.875000, -18.750000, -6.920000, 6.000000, -9.680000, 5.452222, 1.213333, -9.305555, 0.050000, -7.940000, 5.740000, 260.562500, 28.812500, -22.437500
2404, -3.720000, -7.020000, -26.559999, 3.385556, -4.413333, -6.461111, 4.840000, 3.820000, 7.620000, 264.062500, 29.562500, -26.625000, -4.620000, 16.870001, -10.150000, 6.744444, 1.790000, -7.856667, 0.520000, -7.540000, 6.240000, 264.062500, 29.562500, -26.625000
2422, -0.830000, 9.810000, -39.330002, 2.294445, 0.106667, -6.370000, 4.470000, 4.830000, 7.260000, 270.812500, 27.125000, -33.562500, 1.550000, 38.230000, -13.060000, 5.808889, 3.433333, -5.055555, 0.810000, -6.320000, 7.450000, 272.625000, 23.937500, -33.750000
2443, -1.810000, 30.510000, -43.139999, -3.342222, 7.330000, -2.335556, 3.340000, 4.820000, 7.850000, 273.187500, 19.875000, -31.500000, -4.170000, 41.650002, -0.730000, 1.796667, 6.120000, 0.581111, 0.340000, -6.190000, 7.590000, 273.187500, 19.875000, -31.500000
2463, -8.550000, 14.690000, -34.799999, -7.604445, 11.822222, -0.251111, 1.550000, 3.760000, 8.910000, 272.000000, 9.125000, -22.875000, -9.760000, 20.379999, 0.360000, -4.857778, 6.070000, 5.852222, -1.890000, -6.970000, 6.620000, 270.812500, 2.312500, -18.125000
2484, -18.070000, 3.060000, -21.730000, -7.856667, 14.554444, 0.624444, -0.880000, 2.350000, 9.470000, 269.312500, -5.125000, -13.937500, -13.810000, 3.950000, 3.150000, -7.751111, 3.701111, 6.542222, -3.140000, -7.560000, 5.380000, 267.500000, -12.937500, -10.437500
2504, -22.120001, 4.780000, -7.970000, -6.806667, 13.800000, 1.975556, -3.380000, 1.180000, 9.120000, 265.312500, -20.125000, -7.375000, -14.920000, 1.680000, 8.470000, -8.096666, 0.896667, 6.284444, -3.640000, -7.750000, 4.760000, 265.312500, -20.125000, -7.375000
2523, -28.790001, -3.710000, 30.250000, -5.054444, 3.713333, 3.537778, -4.510000, 0.460000, 8.690000, 260.062500, -27.375000, -3.062500, -12.900000, -14.220000, 6.760000, -7.274445, -1.487778, 6.781111, -4.980000, -7.760000, 3.330000, 257.750000, -25.125000, -2.437500
2543, -27.080000, -2.820000, 30.200001, -2.043333, -8.956667, 4.591111, -3.380000, 0.370000, 9.190000, 255.125000, -20.187500, -2.250000, -10.370000, -26.600000, 7.870000, -4.670000, -1.917778, 5.067778, -5.290000, -7.650000, 3.080000, 255.125000, -20.187500, -2.250000
2564, -16.480000, -12.200000, 13.650000, -0.990000, -10.616667, 4.541111, -1.420000, 0.320000, 9.690000, 249.812500, -8.312500, -1.875000, -5.120000, -22.650000, -0.040000, -2.414444, -3.307778, 0.046667, -5.050000, -7.840000, 3.020000, 248.312500, -3.125000, -2.062500
2584, -3.150000, -16.590000, -2.530000, 0.355556, -7.794445, 1.452222, 0.180000, 0.390000, 9.790000, 247.562500, 1.062500, -2.312500, -3.620000, -14.520000, -5.110000, -1.183333, -3.196667, -4.035555, -4.140000, -8.300000, 3.150000, 247.312500, 4.500000, -2.312500
2603, -1.440000, -7.440000, -5.210000, -0.176667, -5.017778, 0.432222, 1.240000, 0.380000, 9.720000, 247.125000, 7.250000, -2.250000, -2.490000, -4.980000, -9.040000, 0.262222, -2.715556, -6.431111, -3.550000, -8.530000, 3.270000, 247.125000, 7.250000, -2.250000
2623, 2.880000, -7.760000, -15.980000, -0.673333, -2.258889, 0.510000, 1.790000, 0.260000, 9.630000, 246.687500, 10.500000, -1.562500, 0.960000, 4.000000, -10.910000, 0.864444, -1.995556, -6.892222, -1.660000, -8.940000, 3.660000, 246.562500, 11.000000, -1.187500
2643, 9.220000, -15.070000, -19.740000, -0.136667, 0.082222, -0.387778, 1.860000, 0.190000, 9.620000, 246.750000, 10.937500, -1.125000, 4.760000, 11.990000, -13.660000, 1.695556, -1.567778, -5.118889, -1.170000, -8.950000, 3.820000, 246.750000, 10.937500, -1.125000
2664, 12.280000, -13.140000, -33.230000, 0.262222, 4.500000, -2.123333, 1.280000, 0.290000, 9.710000, 248.562500, 7.500000, -1.750000, 8.662500, 18.379999, -19.430000, 2.248889, 0.077778, -0.753333, -1.020000, -8.730000, 4.320000, 250.062500, 3.375000, -1.875000
2682, 1.690000, -10.550000, -26.400000, -0.091111, 9.754444, -3.768889, -0.330000, 0.320000, 9.790000, 252.062500, -1.937500, -1.875000, 0.440000, 10.440000, -13.730000, 0.782222, 3.094445, 4.016667, -2.050000, -8.560000, 4.300000, 254.437500, -7.812500, -1.625000
2703, -24.270000, 5.520000, 11.060000, 0.242222, 8.377778, -4.413333, -2.120000, 0.230000, 9.570000, 256.812500, -12.437500, -1.375000, -11.940000, 4.460000, 0.710000, -0.787778, 4.121111, 4.968889, -2.620000, -8.480000, 4.150000, 256.812500, -12.437500, -1.375000
2723, -32.290001, 24.180000, 29.540001, -0.122222, -5.420000, 0.103333, -1.820000, 0.210000, 9.630000, 258.312500, -10.687500, -1.250000, -12.630000, -21.309999, 15.740000, -4.324444, 4.485556, 3.652222, -3.910000, -8.560000, 2.730000, 257.125000, -4.875000, -0.687500
2744, -18.020000, -3.870000, 15.540000, -0.816667, -11.163333, 2.400000, 0.200000, 0.040000, 9.800000, 255.812500, 1.187500, -0.250000, -17.330000, -30.389999, 19.889999, -4.065556, 3.576667, 0.178889, -4.010000, -8.650000, 2.260000, 255.812500, 1.187500, -0.250000
2762, -1.880000, -27.830000, -15.730000, 2.280000, -5.405556, -1.822222, 1.480000, 0.340000, 9.680000, 256.562500, 8.687500, -2.062500, -8.460000, -13.110000, -0.980000, 3.286667, -1.463333, -5.884444, -2.530000, -8.960000, 3.060000, 258.000000, 11.062500, -4.125000
2783, -3.210000, -13.740000, -0.150000, 3.972222, -4.941111, -3.341111, 2.300000, 1.120000, 9.460000, 259.750000, 13.562500, -6.750000, -1.160000, -1.230000, -16.770000, 6.505556, -3.905555, -7.800000, -0.980000, -8.760000, 4.290000, 261.625000, 15.625000, -9.812500
2803, 2.700000, -12.640000, -19.000000, 4.647778, -2.997778, -4.297778, 2.830000, 2.130000, 9.140000, 263.750000, 16.750000, -13.125000, 6.110000, 12.620000, -19.750000, 6.338889, -2.065556, -7.005556, -0.310000, -8.520000, 4.830000, 263.750000, 16.750000, -13.125000
2824, 8.350000, 2.870000, -31.230000, 3.147778, -0.230000, -4.743333, 2.770000, 3.010000, 8.900000, 268.437500, 16.437500, -18.687500, 7.560000, 26.469999, -17.860001, 5.492222, 0.720000, -5.033333, 0.670000, -7.620000, 6.120000, 270.625000, 14.500000, -20.062500
2844, 4.740000, 19.389999, -41.830002, -0.810000, 5.124444, -3.963333, 1.890000, 3.270000, 9.040000, 272.312500, 11.125000, -19.812500, 3.190000, 46.790001, -9.000000, 3.931111, 3.702222, -0.082222, 0.450000, -7.390000, 6.420000, 272.312500, 11.125000, -19.812500
2863, -4.630000, 18.790001, -33.770000, -4.758889, 9.818889, -2.354445, 0.190000, 2.630000, 9.440000, 274.125000, 1.125000, -15.562500, -9.230000, 30.309999, 1.130000, -2.508889, 6.051111, 6.243333, -1.770000, -7.690000, 5.810000, 273.875000, -5.062500, -12.437500
2883, -22.570000, 20.860001, -2.090000, -5.954444, 10.971111, 0.593333, -1.840000, 1.580000, 9.490000, 272.750000, -10.812500, -9.437500, -18.020000, 1.160000, 10.050000, -8.011111, 3.910000, 7.241111, -2.520000, -7.950000, 5.140000, 270.687500, -13.875000, -7.250000
2904, -27.020000, 24.250000, 29.629999, -4.024445, -0.373333, 5.904444, -2.260000, 0.970000, 9.490000, 267.250000, -13.312500, -5.812500, -12.170000, -9.230000, 13.760000, -8.554444, 0.485556, 5.845556, -3.600000, -8.320000, 3.730000, 267.250000, -13.312500, -5.812500
2924, -13.450000, -26.180000, 27.980000, -3.135556, -6.470000, 7.411111, -1.160000, 0.570000, 9.720000, 258.562500, -6.812500, -3.312500, -10.980000, -30.059999, 13.330000, -4.688889, -1.535556, 6.092222, -4.460000, -8.240000, 2.870000, 256.812500, -2.812500, -3.562500
2942, -4.500000, -39.759998, 12.630000, 2.873333, -6.636667, -0.918889, 0.120000, 0.870000, 9.760000, 257.437500, 0.687500, -5.125000, -2.300000, -31.070000, -13.710000, 0.894444, -3.603333, 1.307778, -4.800000, -7.970000, 3.090000, 257.437500, 0.687500, -5.125000
2963, -6.900000, -16.930000, 16.520000, 3.042222, -7.043334, -3.701111, 1.300000, 1.510000, 9.600000, 261.500000, 7.562500, -8.937500, 0.550000, -24.709999, -31.480000, 3.555556, -5.148889, -7.351111, -3.610000, -8.180000, 4.010000, 264.000000, 11.000000, -11.000000
2983, -3.310000, -21.040001, -3.130000, 3.225556, -6.268889, -5.112222, 2.330000, 2.230000, 9.260000, 266.937500, 13.750000, -13.500000, -2.860000, 2.930000, -19.620001, 4.823333, 0.175556, -9.371111, -2.030000, -8.300000, 4.790000, 270.312500, 15.375000, -16.500000
3004, 2.560000, -10.240000, -29.120001, 3.592222, -2.871111, -6.724444, 2.660000, 3.160000, 8.890000, 273.937500, 15.687500, -19.562500, -2.620000, 14.050000, -12.300000, 6.114444, 3.132222, -7.075555, -1.120000, -7.940000, 5.630000, 273.937500, 15.687500, -19.562500
3022, 3.110000, 4.550000, -40.730000, 1.323333, 2.278889, -6.981111, 2.050000, 3.840000, 8.780000, 281.062500, 12.062500, -23.625000, 2.810000, 33.410000, -14.090000, 4.913333, 4.185555, -4.776667, -0.780000, -7.420000, 6.350000, 284.000000, 7.937500, -23.625000
3043, -4.600000, 16.200001, -39.520000, -2.647778, 8.005555, -5.628889, 0.470000, 3.710000, 9.060000, 286.250000, 2.750000, -22.250000, -5.410000, 44.389999, -4.440000, 2.076667, 6.545556, -0.417778, -1.260000, -7.090000, 6.640000, 286.250000, 2.750000, -22.250000
3063, -9.800000, 14.580000, -33.720001, -6.238889, 11.651111, -3.794445, -1.680000, 2.710000, 9.270000, 288.625000, -9.875000, -16.312500, -14.480000, 30.570000, 0.680000, -3.611111, 7.607778, 5.541111, -2.760000, -7.190000, 6.060000, 288.812500, -17.187500, -12.687500
3084, -20.370001, 11.820000, -23.690001, -6.823333, 14.651111, -1.530000, -4.170000, 1.430000, 8.750000, 288.250000, -25.125000, -9.250000, -24.469999, 7.050000, 6.520000, -7.487778, 5.421111, 8.630278, -4.520000, -7.310000, 4.700000, 286.625000, -33.375000, -6.375000
3102, -29.750000, 20.680000, -9.740000, -7.240000, 14.247778, 2.556667, -6.430000, 0.520000, 7.380000, 283.562500, -40.937500, -4.000000, -28.209999, 0.400000, 14.350000, -8.910000, 1.056667, 9.311111, -5.980000, -7.020000, 3.320000, 283.562500, -40.937500, -4.000000
3123, -31.969999, 18.129999, 13.100000, -8.768888, 7.248889, 7.064445, -7.590000, 0.220000, 6.190000, 272.875000, -50.750000, -2.062500, -25.790001, 2.163125, 11.160000, -9.442223, -3.126667, 8.086667, -6.950000, -6.480000, 2.370000, 265.437500, -52.375000, -4.062500
3143, -31.379999, 2.100000, 21.709999, -7.622222, 1.292222, 11.188889, -7.770000, 0.820000, 5.910000, 257.250000, -52.437500, -7.937500, -20.629999, -8.380000, 7.240000, -8.140000, -5.913333, 9.388889, -7.750000, -5.600000, 2.130000, 257.250000, -52.437500, -7.937500
3164, -30.670000, -16.870001, 33.020000, -1.915556, -3.798889, 10.260000, -7.200000, 1.980000, 6.340000, 244.125000, -47.250000, -17.312500, -20.139999, -34.610001, 9.780000, -5.788889, -5.675556, 8.798889, -8.400000, -4.430000, 2.400000, 239.437500, -42.625000, -20.875000
3184, -20.750000, -14.990000, 25.320000, 0.411111, -6.981111, 8.037778, -5.970000, 3.080000, 7.140000, 235.812500, -37.500000, -23.312500, -12.410000, -24.820000, -5.160000, -0.618889, -8.366667, 1.063333, -8.270000, -3.980000, 3.440000, 233.000000, -32.437500, -24.812500
3203, -14.360000, -17.870001, 9.620000, 0.246667, -7.243333, 5.098889, -4.550000, 3.730000, 7.830000, 231.125000, -27.687500, -25.437500, -7.960000, -7.050000, -18.309999, -0.385556, -10.021111, -6.382222, -7.060000, -4.720000, 4.890000, 231.125000, -27.687500, -25.437500
3223, -9.260000, -13.030000, 3.260000, -0.908889, -7.735556, 2.490000, -3.150000, 3.860000, 8.440000, 229.437500, -18.750000, -24.562500, -1.260000, 5.600000, -17.930000, -0.427778, -5.888889, -7.427778, -5.590000, -5.670000, 5.710000, 229.187500, -14.500000, -23.500000
3244, -8.250000, -11.220000, 2.090000, -1.841111, -8.028889, 1.317778, -1.730000, 3.650000, 8.930000, 229.250000, -10.187500, -22.250000, -1.650000, 1.720000, -11.220000, -1.493333, -1.520000, -5.114444, -4.660000, -6.360000, 5.820000, 229.250000, -10.187500, -22.250000
3264, -5.750000, -12.590000, -3.670000, -1.388889, -7.421111, 0.525556, -0.350000, 3.410000, 9.180000, 229.937500, -2.062500, -20.312500, -3.820000, -10.620000, -6.780000, -1.835556, 0.067778, -3.894444, -4.140000, -6.900000, 5.590000, 230.625000, 1.125000, -19.687500
3282, -2.163125, -19.900000, -9.300000, -0.740000, -5.118889, -1.440000, 0.590000, 3.240000, 9.230000, 231.937500, 3.437500, -19.375000, -2.560000, -10.200000, -8.520000, 0.212222, -0.033712, -5.147778, -3.500000, -7.290000, 5.530000, 234.000000, 5.000000, -19.562500
3303, -0.670000, -27.850000, -8.550000, 0.855556, -3.333333, -4.631111, 1.000000, 3.390000, 9.140000, 236.812500, 5.812500, -20.312500, 1.120000, -4.960000, -19.100000, 2.570000, -0.413333, -6.620000, -2.580000, -7.430000, 5.840000, 236.812500, 5.812500, -20.312500
3323, 0.900000, -29.900000, -13.400000, 1.755556, -2.030000, -8.007778, 0.940000, 3.790000, 8.990000, 244.937500, 5.500000, -22.875000, 4.730000, 5.890000, -29.020000, 4.151111, 0.976667, -6.904444, -1.670000, -7.270000, 6.360000, 250.187500, 3.437500, -24.125000
3344, 0.770000, -24.559999, -28.370001, 1.274444, 2.151111, -10.992222, -0.010000, 4.140000, 8.880000, 255.937500, -0.062500, -24.937500, 5.620000, 10.360000, -30.379999, 4.485556, 4.300000, -5.492222, -1.290000, -6.860000, 6.880000, 255.937500, -0.062500, -24.937500
3362, -6.680000, -17.719999, -23.950001, 1.248889, 5.651111, -12.092222, -1.780000, 4.150000, 8.700000, 267.750000, -10.437500, -25.500000, -7.140000, 16.350000, -17.030001, 4.001111, 7.757778, -2.660000, -1.790000, -6.410000, 7.190000, 273.375000, -16.125000, -25.062500
3383, -18.549999, 3.310000, -4.230000, 1.325556, 5.007778, -10.396667, -3.510000, 3.790000, 8.330000, 278.562500, -21.000000, -24.437500, -13.140000, 18.700001, -3.860000, 2.797778, 8.515555, -0.311111, -2.860000, -6.010000, 7.190000, 283.187500, -24.562500, -23.937500
3403, -22.940001, 19.090000, 6.730000, 1.650000, 1.727778, -6.406667, -4.420000, 3.490000, 8.020000, 286.687500, -26.812500, -23.500000, -19.650000, 8.520000, 17.090000, -0.597778, 6.643333, 1.378889, -3.940000, -5.900000, 6.760000, 286.687500, -26.812500, -23.500000
3424, -20.209999, 34.730000, 6.650000, -1.175556, 0.453333, -0.543333, -4.660000, 3.250000, 7.990000, 288.500000, -28.312500, -22.125000, -18.559999, -2.800000, 29.549999, -3.838889, 4.343333, 1.016667, -4.680000, -6.180000, 5.990000, 287.875000, -27.875000, -21.500000
3444, -11.200000, 8.910000, 6.480000, -0.904444, -1.296667, 1.395555, -4.450000, 3.170000, 8.140000, 287.125000, -26.937500, -21.250000, -12.590000, -0.200000, 23.530001, -1.582222, 0.997778, -0.365556, -4.880000, -6.460000, 5.510000, 287.125000, -26.937500, -21.250000
3463, -6.050000, 9.070000, -1.510000, -0.043333, -1.022222, 2.004444, -4.150000, 3.290000, 8.240000, 285.312500, -25.062500, -21.750000, -6.320000, 6.210000, 11.010000, 2.013333, -1.997778, -0.262222, -4.680000, -6.350000, 5.820000, 284.125000, -24.062500, -22.187500
3483, -2.980000, 6.960000, 0.070000, 0.057778, -1.056667, 2.476667, -3.830000, 3.480000, 8.320000, 282.875000, -23.000000, -22.687500, -0.700000, 0.720000, 1.210000, 1.478889, -2.757778, 0.724444, -4.440000, -6.100000, 6.250000, 281.687500, -22.062500, -23.125000
3504, -0.170000, 1.850000, -1.690000, 0.013333, -0.833333, 2.090000, -3.540000, 3.640000, 8.380000, 280.687500, -21.187500, -23.500000, 2.350000, -0.940000, -1.920000, 0.693333, -2.356667, 0.413333, -4.190000, -5.950000, 6.560000, 280.687500, -21.187500, -23.500000
3524, 1.660000, -0.280000, 0.930000, -0.316667, -0.808889, 1.700000, -3.290000, 3.720000, 8.440000, 278.812500, -19.625000, -23.812500, 2.970000, -0.720000, -3.260000, 0.215556, -1.660000, 0.007778, -3.970000, -5.900000, 6.740000, 278.125000, -18.812500, -23.750000
3543, 1.730000, -1.960000, 1.880000, -0.472222, -1.198889, 1.240000, -3.020000, 3.730000, 8.540000, 277.562500, -17.937500, -23.625000, 2.100000, -1.930000, -2.450000, -0.291111, -1.038889, -0.240000, -3.800000, -5.940000, 6.800000, 277.562500, -17.937500, -23.625000
3563, 2.380000, -3.150000, -0.720000, -0.393333, -1.184444, 0.827778, -2.750000, 3.710000, 8.640000, 276.687500, -16.250000, -23.250000, 1.550000, -1.750000, -2.430000, -0.558889, -0.732222, -0.514444, -3.650000, -6.040000, 6.800000, 276.437500, -15.687500, -23.125000
3584, 2.620000, -3.130000, -2.160000, -0.296667, -0.618889, 0.406667, -2.590000, 3.690000, 8.700000, 276.312500, -15.312500, -22.937500, 1.400000, -0.460000, -2.910000, -0.481111, -0.467778, -0.666667, -3.500000, -6.150000, 6.780000, 276.125000, -15.000000, -22.812500
3604, 2.160000, -2.160000, -1.310000, -0.391111, -0.256667, 0.260000, -2.510000, 3.640000, 8.740000, 276.000000, -14.875000, -22.625000, 1.350000, -0.130000, -3.030000, -0.517778, -0.206667, -0.667778, -3.390000, -6.260000, 6.740000, 276.000000, -14.875000, -22.625000
3622, 1.770000, -2.700000, -1.090000, -0.220000, -0.193333, 0.118889, -2.470000, 3.600000, 8.770000, 275.812500, -14.562500, -22.312500, 0.070000, -0.770000, -1.720000, -0.403333, 0.091111, -0.536667, -3.320000, -6.350000, 6.680000, 275.750000, -14.375000, -22.312500
3643, 0.410000, -0.490000, 1.150000, 0.106667, -0.374444, 0.332222, -2.390000, 3.620000, 8.790000, 275.625000, -14.125000, -22.375000, -0.890000, -0.510000, 0.010000, -0.078889, 0.204444, -0.401111, -3.290000, -6.400000, 6.650000, 275.625000, -14.125000, -22.375000
3663, 0.050000, -0.910000, 0.270000, 0.175556, -0.336667, 0.317778, -2.310000, 3.660000, 8.790000, 275.312500, -13.625000, -22.625000, -0.780000, -0.060000, -0.290000, 0.223333, 0.091111, -0.324444, -3.270000, -6.400000, 6.660000, 275.312500, -13.437500, -22.750000
3684, -0.270000, -0.460000, -0.760000, 0.112222, -0.160000, 0.008889, -2.270000, 3.690000, 8.790000, 275.312500, -13.375000, -22.750000, -0.710000, 1.560000, -0.350000, 0.204444, 0.121111, -0.403333, -3.230000, -6.390000, 6.680000, 275.375000, -13.312500, -22.750000
3702, -0.580000, 1.090000, -0.170000, -0.112222, -0.207778, -0.058889, -2.240000, 3.680000, 8.800000, 275.437500, -13.187500, -22.687500, -0.930000, 1.100000, 0.760000, -0.060000, 0.255556, -0.287778, -3.220000, -6.410000, 6.670000, 275.437500, -13.187500, -22.687500
3723, -0.390000, 1.190000, -0.560000, -0.110000, -0.166667, -0.003333, -2.163125, 3.660000, 8.632500, 275.437500, -13.062500, -22.500000, -1.150000, 0.610000, 1.310000, -0.142222, 0.190000, -0.212222, -3.220000, -6.440000, 6.640000, 275.375000, -12.937500, -22.500000
3743, -0.250000, 1.360000, 0.140000, -0.074444, -0.110000, 0.233333, -2.180000, 3.650000, 8.642500, 275.250000, -12.875000, -22.437500, -0.850000, 0.510000, 1.230000, -0.017778, 0.024444, -0.136667, -3.210000, -6.460000, 6.630000, 275.250000, -12.875000, -22.437500
3764, 0.200000, 0.420000, -0.690000, 0.042222, -0.004444, 0.261111, -2.160000, 3.670000, 8.642500, 275.000000, -12.687500, -22.562500, -0.440000, 0.410000, 0.240000, 0.053333, -0.101111, -0.073333, -3.190000, -6.460000, 6.640000, 274.875000, -12.687500, -22.562500
3784, 0.260000, -0.120000, 0.490000, 0.033712, -0.046667, 0.251111, -2.140000, 3.680000, 8.642500, 274.750000, -12.562500, -22.625000, -0.040000, 0.330000, -0.520000, 0.055556, -0.136667, -0.007778, -3.170000, -6.450000, 6.660000, 274.625000, -12.500000, -22.687500
3803, 0.620000, -0.420000, -0.200000, 0.070000, -0.085556, 0.154444, -2.110000, 3.700000, 8.642500, 274.562500, -12.437500, -22.750000, 0.000000, 0.000000, -0.510000, 0.064444, -0.115556, 0.118889, -3.170000, -6.440000, 6.670000, 274.562500, -12.437500, -22.750000
3823, 0.450000, 0.030000, 0.080000, 0.046667, -0.008889, 0.100000, -2.100000, 3.710000, 8.632500, 274.437500, -12.375000, -22.812500, -0.140000, 0.110000, -0.290000, 0.051111, -0.051111, 0.144444, -3.180000, -6.420000, 6.680000, 274.437500, -12.375000, -22.812500
3844, 0.400000, -0.930000, -0.100000, 0.032222, 0.036667, -0.055556, -2.100000, 3.720000, 8.632500, 274.437500, -12.375000, -22.812500, -0.100000, -0.340000, -0.480000, 0.011111, -0.020000, 0.148889, -3.190000, -6.410000, 6.690000, 274.437500, -12.375000, -22.812500
3864, 0.090000, 0.120000, 0.360000, -0.065556, -0.008889, -0.093333, -2.110000, 3.710000, 8.632500, 274.562500, -12.437500, -22.812500, -0.190000, -0.770000, -0.380000, -0.061111, 0.051111, 0.033333, -3.200000, -6.410000, 6.680000, 274.562500, -12.437500, -22.687500
3883, -0.020000, 0.110000, 1.050000, -0.102222, -0.134848, -0.057778, -2.100000, 3.690000, 8.642500, 274.625000, -12.375000, -22.625000, -0.200000, -0.220000, -0.070000, -0.095556, 0.071111, -0.142222, -3.200000, -6.430000, 6.660000, 274.687500, -12.312500, -22.562500
3903, 0.450000, 0.040000, -0.050000, -0.015556, -0.081111, -0.028889, -2.080000, 3.680000, 8.652500, 274.687500, -12.250000, -22.562500, -0.510000, -0.120000, 0.240000, -0.005556, 0.070000, -0.143333, -3.190000, -6.440000, 6.660000, 274.687500, -12.250000, -22.562500
3923, 0.630000, -0.160000, -0.600000, 0.107778, 0.078889, -0.022222, -2.090000, 3.690000, 8.642500, 274.687500, -12.312500, -22.687500, -0.340000, 0.420000, -0.320000, 0.136667, 0.008889, -0.062222, -3.180000, -6.440000, 6.670000, 274.750000, -12.375000, -22.750000
3944, 0.480000, -0.190000, -0.620000, 0.163333, 0.211111, -0.048889, -2.130000, 3.710000, 8.632500, 274.687500, -12.500000, -22.812500, -0.350000, 0.400000, -0.180000, 0.185556, -0.016667, 0.095556, -3.190000, -6.410000, 6.690000, 274.687500, -12.500000, -22.812500
3962, 0.000000, 0.180000, 0.200000, 0.190000, 0.144444, -0.026667, -2.160000, 3.750000, 8.790000, 274.687500, -12.687500, -23.062500, -0.360000, 0.250000, -0.110000, 0.180000, -0.008889, 0.135556, -3.200000, -6.380000, 6.710000, 274.687500, -12.687500, -23.062500
3983, -0.470000, 0.310000, 1.010000, 0.175556, -0.106667, -0.005556, -2.150000, 3.780000, 8.780000, 274.750000, -12.625000, -23.250000, -0.590000, 0.230000, 0.310000, 0.187778, -0.017778, 0.071111, -3.210000, -6.350000, 6.740000, 274.687500, -12.562500, -23.312500
4003, -0.090000, 0.840000, -0.010000, 0.038889, -0.158889, 0.033712, -2.120000, 3.790000, 8.780000, 274.687500, -12.500000, -23.312500, -0.240000, 0.300000, -0.150000, 0.080000, -0.057778, -0.036667, -3.200000, -6.340000, 6.750000, 274.687500, -12.500000, -23.312500
4024, 0.000000, 0.300000, -0.080000, -0.071111, -0.147778, 0.024444, -2.090000, 3.780000, 8.790000, 274.687500, -12.312500, -23.250000, -0.260000, 0.230000, -0.180000, -0.012222, 0.002222, -0.087778, -3.230000, -6.320000, 6.760000, 274.687500, -12.312500, -23.250000
4042, 0.560000, 0.160000, -0.610000, -0.086667, -0.036667, 0.054444, -2.080000, 3.770000, 8.800000, 274.625000, -12.250000, -23.187500, -0.150000, 0.220000, -0.150000, -0.051111, 0.023333, -0.110000, -3.240000, -6.330000, 6.750000, 274.625000, -12.250000, -23.187500
4063, 0.760000, -0.970000, -0.900000, 0.011111, 0.158889, -0.060000, -2.100000, 3.760000, 8.800000, 274.625000, -12.375000, -23.125000, -0.130000, 0.190000, -0.070000, 0.045556, 0.013333, -0.017778, -3.250000, -6.320000, 6.750000, 274.625000, -12.375000, -23.125000
4083, 0.240000, 0.250000, 0.200000, 0.073333, 0.116667, -0.006667, -2.130000, 3.770000, 8.790000, 274.625000, -12.500000, -23.250000, -0.420000, 0.010000, 0.350000, 0.100000, -0.016667, 0.046667, -3.260000, -6.300000, 6.760000, 274.625000, -12.500000, -23.250000
4104, -0.030000, 0.900000, 0.380000, -0.041111, 0.037778, 0.101111, -2.130000, 3.780000, 8.790000, 274.562500, -12.562500, -23.250000, -0.100000, 0.130000, -0.220000, 0.080000, -0.175556, 0.001111, -3.250000, -6.290000, 6.780000, 274.562500, -12.562500, -23.250000
4124, -0.020000, -0.310000, 0.130000, -0.133333, -0.044444, 0.010000, -2.120000, 3.760000, 8.800000, 274.500000, -12.500000, -23.125000, 0.000000, 0.220000, -0.680000, -0.004444, -0.200000, -0.082222, -3.210000, -6.290000, 6.790000, 274.500000, -12.500000, -23.125000
4143, 0.100000, 0.140000, 0.120000, -0.121111, -0.072222, -0.072222, -2.110000, 3.730000, 8.810000, 274.437500, -12.437500, -22.937500, -0.300000, 0.240000, 0.020000, -0.098889, -0.053333, -0.110000, -3.190000, -6.300000, 6.790000, 274.437500, -12.437500, -22.937500
4163, 0.290000, 0.340000, -0.160000, -0.078889, -0.026667, -0.044444, -2.110000, 3.720000, 8.632500, 274.500000, -12.437500, -22.812500, -0.490000, -0.020000, 0.300000, -0.068889, -0.015556, -0.050000, -3.180000, -6.320000, 6.780000, 274.500000, -12.437500, -22.812500
4184, 0.310000, -0.040000, -0.190000, 0.075556, 0.062222, -0.003333, -2.120000, 3.720000, 8.810000, 274.500000, -12.437500, -22.875000, -0.370000, 0.040000, 0.120000, 0.048889, -0.050000, 0.001111, -3.170000, -6.320000, 6.790000, 274.500000, -12.437500, -22.875000
4204, 0.220000, 0.020000, 0.000000, 0.153333, 0.124444, -0.003333, -2.140000, 3.750000, 8.800000, 274.500000, -12.562500, -23.062500, -0.190000, 0.130000, -0.220000, 0.164444, -0.074444, 0.048889, -3.170000, -6.300000, 6.810000, 274.500000, -12.562500, -23.062500
4222, 0.000000, 0.440000, 0.600000, 0.057778, -0.005556, 0.023333, -2.140000, 3.760000, 8.790000, 274.500000, -12.625000, -23.125000, -0.030000, 0.200000, -0.310000, 0.112222, -0.038889, 0.040000, -3.170000, -6.280000, 6.830000, 274.500000, -12.562500, -23.125000
4243, 0.080000, 0.010000, 0.420000, -0.051111, -0.111111, -0.042222, -2.130000, 3.750000, 8.800000, 274.500000, -12.500000, -23.125000, -0.250000, 0.130000, 0.140000, -0.005556, 0.030000, -0.008889, -3.170000, -6.270000, 6.830000, 274.500000, -12.500000, -23.125000
4263, 0.120000, 0.370000, 0.200000, -0.035556, -0.148889, -0.033333, -2.110000, 3.740000, 8.810000, 274.625000, -12.375000, -23.000000, -0.410000, -0.130000, 0.300000, -0.064444, 0.056667, -0.025556, -3.170000, -6.280000, 6.820000, 274.625000, -12.375000, -23.000000
4284, 0.340000, 0.000000, -0.280000, 0.060000, -0.067778, -0.011111, -2.090000, 3.750000, 8.810000, 274.625000, -12.312500, -23.062500, -0.180000, 0.110000, -0.090000, 0.042222, -0.006667, -0.017778, -3.170000, -6.280000, 6.820000, 274.625000, -12.312500, -23.062500
4302, 0.250000, 0.140000, -0.230000, 0.072222, -0.004444, -0.040000, -2.090000, 3.760000, 8.800000, 274.687500, -12.312500, -23.125000, -0.070000, 0.120000, -0.340000, 0.097778, -0.013333, -0.006667, -3.170000, -6.270000, 6.830000, 274.687500, -12.312500, -23.125000
4323, 0.210000, -0.240000, -0.300000, 0.072222, 0.053333, -0.101111, -2.100000, 3.770000, 8.800000, 274.750000, -12.375000, -23.187500, -0.170000, 0.000000, -0.110000, 0.091111, 0.060000, -0.023333, -3.170000, -6.260000, 6.840000, 274.750000, -12.375000, -23.187500
4343, 0.050000, 0.150000, 0.290000, 0.100000, 0.031111, -0.136667, -2.120000, 3.780000, 8.790000, 274.937500, -12.437500, -23.250000, -0.260000, 0.200000, 0.020000, 0.105556, 0.097778, -0.064444, -3.180000, -6.250000, 6.840000, 274.937500, -12.437500, -23.250000
4364, 0.040000, 0.650000, 0.310000, 0.094444, -0.025556, -0.120000, -2.130000, 3.790000, 8.780000, 275.125000, -12.500000, -23.312500, -0.550000, 0.060000, 0.310000, 0.082222, 0.082222, -0.076667, -3.180000, -6.240000, 6.850000, 275.125000, -12.500000, -23.312500
4382, 0.040000, 0.470000, 0.120000, 0.043333, -0.036667, 0.015556, -2.120000, 3.800000, 8.780000, 275.125000, -12.500000, -23.375000, -0.580000, 0.160000, 0.400000, 0.071111, 0.016667, -0.074444, -3.180000, -6.240000, 6.860000, 275.125000, -12.500000, -23.375000
4403, 0.160000, 0.650000, -0.060000, 0.067778, -0.027778, 0.048889, -2.110000, 3.810000, 8.780000, 275.125000, -12.437500, -23.437500, -0.420000, 0.380000, 0.340000, 0.057778, -0.055556, -0.001111, -3.170000, -6.230000, 6.860000, 275.125000, -12.437500, -23.437500
4423, 0.310000, 0.210000, -0.110000, 0.104444, 0.040000, 0.125556, -2.100000, 3.840000, 8.770000, 275.000000, -12.375000, -23.625000, -0.020000, -0.180000, -0.330000, 0.084444, -0.105556, 0.086667, -3.170000, -6.210000, 6.880000, 275.000000, -12.375000, -23.625000
4444, 0.300000, -0.330000, 0.070000, 0.077778, 0.057778, 0.033712, -2.110000, 3.860000, 8.760000, 274.937500, -12.375000, -23.750000, 0.070000, -0.150000, -0.660000, 0.090000, -0.084444, 0.063333, -3.170000, -6.190000, 6.900000, 274.937500, -12.375000, -23.750000
4464, 0.170000, 0.210000, 0.460000, 0.032222, 0.040000, -0.001111, -2.110000, 3.870000, 8.750000, 274.875000, -12.437500, -23.812500, -0.140000, -0.130000, -0.240000, -0.012222, 0.015556, -0.013333, -3.170000, -6.190000, 6.900000, 274.875000, -12.437500, -23.812500
4483, 0.250000, -0.240000, 0.140000, -0.038889, -0.033712, -0.033712, -2.110000, 3.860000, 8.750000, 274.937500, -12.437500, -23.812500, -0.240000, -0.180000, -0.250000, -0.046667, 0.047778, -0.040000, -3.170000, -6.200000, 6.890000, 274.937500, -12.437500, -23.812500
4503, 0.380000, 0.050000, -0.040000, -0.045556, -0.005556, -0.014444, -2.110000, 3.850000, 8.760000, 274.937500, -12.437500, -23.750000, -0.210000, 0.340000, -0.100000, -0.036667, 0.047778, -0.028889, -3.180000, -6.200000, 6.890000, 274.937500, -12.437500, -23.750000
4524, 0.320000, 0.120000, 0.000000, -0.007778, 0.030000, 0.010000, -2.120000, 3.850000, 8.760000, 274.937500, -12.437500, -23.750000, -0.260000, 0.000000, 0.090000, 0.004444, 0.031111, 0.051111, -3.190000, -6.200000, 6.880000, 274.937500, -12.437500, -23.750000
4544, 0.340000, -0.100000, 0.030000, 0.052222, 0.058889, 0.051111, -2.110000, 3.860000, 8.760000, 274.875000, -12.437500, -23.750000, -0.090000, 0.060000, -0.040000, 0.075556, -0.025556, 0.064444, -3.190000, -6.190000, 6.890000, 274.875000, -12.437500, -23.750000
4562, 0.310000, -0.020000, 0.000000, 0.041111, 0.064444, 0.000000, -2.120000, 3.870000, 8.750000, 274.812500, -12.500000, -23.875000, 0.060000, 0.310000, -0.420000, 0.037778, 0.012222, 0.042222, -3.200000, -6.180000, 6.900000, 274.812500, -12.500000, -23.875000
4583, 0.120000, 0.300000, 0.050000, -0.032222, -0.003333, -0.008889, -2.120000, 3.870000, 8.750000, 274.812500, -12.500000, -23.812500, -0.430000, -0.040000, 0.320000, -0.041111, 0.052222, 0.043333, -3.210000, -6.180000, 6.890000, 274.812500, -12.500000, -23.812500
