0, -0.240000, -0.280000, -0.210000, -0.126667, 0.128889, -0.003333, 2.830000, -0.330000, 9.380000, 238.562500, 16.812500, 2.000000, -0.370000, 0.130000, -0.120000, 0.012222, 0.098889, 0.091111, -1.280000, -8.980000, 3.700000, 238.562500, 16.812500, 2.000000
18, -0.290000, -0.700000, 0.390000, -0.041111, 0.098889, -0.040000, 2.820000, -0.330000, 9.380000, 238.562500, 16.750000, 2.000000, -0.220000, -0.350000, -0.690000, 0.091111, 0.106667, 0.067778, -1.300000, -8.980000, 3.710000, 238.625000, 16.687500, 2.000000
37, -0.290000, -0.500000, 0.430000, 0.026667, 0.001111, -0.146667, 2.820000, -0.320000, 9.380000, 238.312500, 16.750000, 1.937500, -0.360000, -0.180000, -0.350000, 0.142222, 0.180000, 0.004444, -1.310000, -8.970000, 3.730000, 238.437500, 16.750000, 1.875000
53, -0.110000, -0.210000, 0.050000, 0.048889, 0.000000, -0.196667, 2.820000, -0.300000, 9.380000, 238.500000, 16.750000, 1.875000, -0.380000, -0.140000, -0.300000, 0.132222, 0.167778, -0.007778, -1.320000, -8.960000, 3.740000, 238.500000, 16.750000, 1.875000
74, 0.020000, 0.210000, -0.030000, -0.010000, 0.074444, -0.201111, 2.820000, -0.290000, 9.380000, 238.750000, 16.687500, 1.750000, -0.170000, 0.050000, -0.360000, 0.076667, 0.186667, 0.020000, -1.350000, -8.950000, 3.750000, 238.750000, 16.687500, 1.750000
94, 0.190000, 0.410000, 0.320000, -0.078889, 0.117778, -0.184444, 2.790000, -0.300000, 9.390000, 238.500000, 16.500000, 1.812500, -0.400000, -0.560000, 0.150000, 0.008889, 0.276667, 0.033333, -1.370000, -8.960000, 3.730000, 238.625000, 16.375000, 1.937500
113, 0.200000, 0.340000, 0.710000, -0.227778, 0.250000, -0.176667, 2.750000, -0.330000, 9.400000, 238.750000, 16.250000, 2.000000, -0.500000, -0.750000, 0.690000, -0.023333, 0.277778, 0.007778, -1.380000, -8.960000, 3.730000, 238.750000, 16.250000, 2.000000
133, 0.120000, 1.270000, 1.900000, -0.224444, 0.190000, -0.088889, 2.710000, -0.370000, 9.410000, 238.562500, 16.000000, 2.250000, -0.540000, -0.570000, 1.270000, -0.033712, 0.202222, 0.003333, -1.410000, -8.960000, 3.710000, 238.562500, 16.000000, 2.250000
154, -0.090000, 1.590000, 2.470000, -0.166667, -0.082222, 0.048889, 2.710000, -0.400000, 9.410000, 238.625000, 16.000000, 2.437500, -0.710000, -0.660000, 1.920000, -0.115556, 0.066667, -0.040000, -1.400000, -8.970000, 3.700000, 238.625000, 16.000000, 2.437500
174, 0.100000, 2.240000, 1.960000, -0.173333, -0.336667, 0.168889, 2.760000, -0.440000, 9.390000, 238.437500, 16.312500, 2.687500, -0.670000, -0.360000, 2.390000, -0.208889, -0.096667, -0.167778, -1.350000, -8.990000, 3.650000, 237.937500, 16.562500, 2.812500
193, 0.350000, 3.000000, 0.980000, -0.202222, -0.391111, 0.234444, 2.820000, -0.490000, 9.370000, 237.750000, 16.750000, 3.000000, -0.620000, -0.300000, 2.060000, -0.276667, -0.257778, -0.252222, -1.290000, -9.020000, 3.600000, 237.750000, 16.750000, 3.000000
213, 0.020000, 2.930000, 0.920000, -0.333333, -0.405556, 0.510000, 2.890000, -0.570000, 9.350000, 237.312500, 17.125000, 3.500000, -0.510000, 0.750000, 2.000000, -0.398889, -0.381111, -0.277778, -1.250000, -9.040000, 3.580000, 237.312500, 17.125000, 3.500000
234, -0.820000, 3.170000, 2.330000, -0.407778, -0.835556, 0.786667, 3.000000, -0.680000, 9.300000, 236.125000, 17.812500, 4.187500, -0.620000, 0.700000, 1.470000, -0.595556, -0.543333, -0.311111, -1.110000, -9.110000, 3.440000, 235.625000, 18.375000, 4.625000
254, -1.560000, 3.170000, 2.270000, -0.490000, -1.507778, 1.208889, 3.220000, -0.830000, 9.220000, 234.937500, 19.187500, 5.187500, -0.930000, 1.100000, 1.330000, -0.812222, -0.814444, -0.503333, -1.040000, -9.140000, 3.380000, 234.937500, 19.187500, 5.187500
272, -1.500000, 2.500000, 0.340000, -0.521111, -1.983333, 1.760000, 3.520000, -1.020000, 9.090000, 233.187500, 21.062500, 6.437500, -0.240000, 1.060000, -0.860000, -0.964444, -1.226667, -0.573333, -0.780000, -9.240000, 3.170000, 231.625000, 21.937500, 7.187500
293, 0.220000, -4.630000, -5.240000, -0.528889, -1.884444, 1.856667, 3.780000, -1.240000, 8.950000, 230.750000, 22.687500, 7.875000, 1.300000, 1.110000, -4.270000, -0.612222, -1.244444, -0.501111, -0.640000, -9.280000, 3.100000, 230.062500, 23.312500, 8.437500
313, 0.560000, -6.930000, -6.170000, -0.537778, -1.195556, 0.845556, 3.970000, -1.400000, 8.662500, 229.625000, 23.875000, 9.000000, 3.650000, 4.100000, -9.120000, -0.161111, -0.487778, -0.090000, -0.620000, -9.280000, 3.090000, 229.625000, 23.875000, 9.000000
334, 2.010000, -9.250000, -12.470000, -0.837778, -0.612222, -0.218889, 4.120000, -1.530000, 8.760000, 229.187500, 24.812500, 9.875000, 4.370000, 4.690000, -11.990000, 0.054444, 0.738889, 0.933333, -0.920000, -9.260000, 3.070000, 229.937500, 24.250000, 10.187500
352, 4.400000, -11.090000, -25.760000, -1.325556, 3.620000, -1.848889, 3.750000, -1.630000, 8.910000, 231.250000, 22.500000, 10.375000, 4.970000, 2.340000, -19.280001, 0.175556, 4.095556, 1.247778, -1.150000, -9.240000, 3.050000, 231.250000, 22.500000, 10.375000
373, 0.560000, -9.120000, -29.370001, -2.173333, 8.878889, -3.196667, 2.570000, -1.770000, 9.290000, 235.437500, 15.187500, 10.750000, 1.220000, 4.270000, -12.700000, -0.140000, 7.241111, 1.477778, -2.130000, -9.180000, 2.670000, 238.250000, 9.312500, 11.687500
393, -11.810000, -13.100000, -16.170000, -2.903333, 11.766666, -3.718889, 0.470000, -2.180000, 9.540000, 241.375000, 2.750000, 12.875000, -2.090000, 7.710000, -4.040000, -1.073333, 6.300000, 2.622222, -2.940000, -9.090000, 2.190000, 244.625000, -3.937500, 14.312500
414, -16.610001, -8.730000, -3.670000, -1.700000, 13.202222, -4.274445, -1.750000, -2.620000, 9.280000, 247.812500, -10.250000, 15.750000, -5.540000, 3.070000, -1.740000, -1.277778, 5.033333, 4.245555, -3.400000, -8.990000, 1.930000, 247.812500, -10.250000, 15.750000
434, -17.590000, 4.370000, 7.250000, -0.904444, 10.692223, -3.612222, -3.490000, -2.970000, 8.660000, 253.687500, -20.875000, 18.937500, -7.550000, 0.960000, 2.163125, -1.488889, 3.671111, 4.537778, -4.300000, -8.700000, 1.400000, 256.000000, -24.437500, 20.812500
453, -22.320000, 7.840000, 30.730000, -1.056667, 3.428889, -2.574445, -4.240000, -3.360000, 8.170000, 257.625000, -25.625000, 22.312500, -8.320000, -6.070000, 7.650000, -2.427778, 2.648889, 3.545556, -4.980000, -8.400000, 0.790000, 257.625000, -25.625000, 22.312500
473, -14.670000, 18.010000, 23.049999, -1.812222, -3.223333, 0.187778, -3.870000, -3.640000, 8.230000, 257.375000, -23.250000, 23.812500, -11.280000, -13.990000, 13.980000, -3.130000, 2.401111, 1.051111, -5.240000, -8.280000, -0.240000, 256.250000, -21.687500, 24.250000
494, -9.510000, 5.030000, 9.320000, -1.151111, -3.357778, 0.912222, -3.390000, -3.800000, 8.370000, 255.250000, -20.250000, 24.375000, -13.610000, -11.290000, 21.070000, -1.750000, 0.661111, -2.155555, -5.060000, -8.380000, -0.410000, 254.312500, -18.687500, 24.312500
514, -9.390000, 9.370000, 15.660000, -0.411111, -4.323333, 1.250000, -2.840000, -3.820000, 8.560000, 253.125000, -16.875000, 24.062500, -10.800000, -0.190000, 14.920000, -0.023333, -2.556667, -3.164444, -4.570000, -8.660000, -0.290000, 253.125000, -16.875000, 24.062500
533, -9.460000, 10.430000, 12.460000, -0.411111, -6.768889, 2.681111, -1.980000, -3.780000, 8.632500, 249.187500, -11.625000, 23.187500, -6.200000, 1.230000, 5.310000, -0.663333, -4.055555, -2.496667, -4.140000, -8.880000, -0.050000, 246.500000, -8.562500, 22.875000
553, -7.430000, 2.730000, 4.870000, -0.498889, -8.066667, 3.671111, -0.910000, -3.770000, 9.000000, 243.625000, -5.312500, 22.750000, -2.080000, -1.060000, 0.140000, -1.075556, -4.402222, -2.275556, -3.740000, -9.060000, 0.090000, 243.625000, -5.312500, 22.750000
573, -3.490000, -5.600000, -5.710000, -0.074444, -6.914444, 3.221111, 0.110000, -3.780000, 9.040000, 238.250000, 0.625000, 22.687500, -1.510000, -4.510000, -3.080000, -1.076667, -4.093333, -2.483333, -3.050000, -9.310000, 0.230000, 236.250000, 2.937500, 22.687500
594, -0.230000, -11.550000, -7.690000, 0.373333, -4.517778, 1.940000, 0.820000, -3.750000, 9.020000, 234.687500, 4.750000, 22.562500, -0.230000, -4.450000, -9.340000, -0.472222, -3.928889, -3.336667, -2.750000, -9.400000, 0.300000, 233.437500, 6.500000, 22.562500
612, -2.060000, -11.990000, -1.830000, 0.215556, -3.947778, 1.108889, 1.410000, -3.730000, 8.950000, 232.375000, 8.250000, 22.625000, 1.980000, -2.340000, -14.630000, -0.265556, -3.396667, -3.852222, -2.040000, -9.580000, 0.420000, 232.375000, 8.250000, 22.625000
633, 0.860000, -14.810000, -8.920000, -0.373333, -2.725556, 0.132222, 1.900000, -3.780000, 8.652500, 231.312500, 11.187500, 23.125000, 4.100000, -2.600000, -16.930000, -0.064444, -1.703333, -3.762222, -1.320000, -9.700000, 0.450000, 231.500000, 12.500000, 23.437500
653, 1.780000, -22.379999, -6.510000, -0.298889, -2.350000, -1.985556, 2.390000, -3.790000, 8.720000, 232.312500, 14.125000, 23.437500, 5.380000, -0.490000, -17.250000, 1.345556, 0.311111, -2.920000, -0.730000, -9.750000, 0.640000, 232.312500, 14.125000, 23.437500
674, 0.250000, -20.549999, -8.790000, 0.503333, -2.114444, -4.281111, 3.030000, -3.540000, 8.620000, 235.875000, 17.937500, 22.312500, 3.570000, -0.570000, -16.860001, 2.437778, 2.227778, -1.961111, -0.230000, -9.710000, 1.290000, 238.500000, 19.812500, 21.062500
692, -2.290000, -17.059999, -12.440000, 1.175556, -0.755556, -6.272222, 3.570000, -3.020000, 8.610000, 241.687500, 21.375000, 19.312500, 1.780000, 1.700000, -12.280000, 3.430000, 3.957778, -1.807778, -0.120000, -9.670000, 1.600000, 245.500000, 22.687500, 16.875000
713, -6.360000, -10.990000, -9.130000, 2.095556, 0.280000, -8.023334, 3.940000, -2.160000, 8.710000, 249.625000, 23.687500, 13.937500, -0.320000, 4.280000, -10.130000, 4.012222, 5.087778, -1.770000, 0.020000, -9.530000, 2.300000, 249.625000, 23.687500, 13.937500
733, -9.100000, 7.210000, -13.040000, 2.427778, 1.500000, -8.382222, 4.000000, -1.110000, 8.682500, 258.375000, 24.125000, 7.125000, -6.710000, 12.980000, -3.310000, 4.460000, 5.797778, -1.470000, 0.010000, -9.300000, 3.090000, 262.250000, 23.187500, 4.250000
754, -9.980000, 20.430000, -14.160000, 1.435556, 3.611111, -6.232222, 3.580000, -0.320000, 9.120000, 265.562500, 21.375000, 2.000000, -11.770000, 22.830000, 3.930000, 3.360000, 6.082222, -0.444444, -0.240000, -9.050000, 3.750000, 265.562500, 21.375000, 2.000000
774, -13.430000, 37.060001, -9.380000, -0.507778, 5.638889, -2.537778, 2.670000, -0.080000, 9.430000, 269.437500, 15.750000, 0.500000, -15.320000, 25.469999, 21.090000, -0.773333, 4.771111, 2.061111, -0.860000, -9.010000, 3.770000, 269.812500, 12.875000, 1.500000
793, -15.030000, 33.480000, 4.080000, -2.734444, 4.212222, 1.501111, 1.790000, -0.520000, 9.620000, 269.187500, 10.562500, 3.125000, -14.460000, 8.410000, 19.879999, -4.056667, 1.150000, 3.257778, -1.560000, -9.160000, 3.110000, 267.812500, 8.750000, 4.937500
813, -11.160000, 18.580000, 4.740000, -2.260000, 2.255556, 3.824445, 1.250000, -1.090000, 9.660000, 265.875000, 7.312500, 6.437500, -11.010000, 4.770000, 17.950001, -3.214444, -1.258889, 2.622222, -2.000000, -9.260000, 2.530000, 265.875000, 7.312500, 6.437500
834, -8.350000, 18.700001, 2.110000, -0.637778, 1.350000, 5.786667, 0.850000, -1.370000, 9.670000, 260.312500, 4.937500, 8.062500, -9.730000, 5.640000, 12.530000, -2.157778, -3.927778, 2.662222, -2.320000, -9.260000, 2.230000, 256.687500, 3.750000, 8.625000
854, -7.740000, 10.920000, -1.930000, -0.490000, 1.193333, 7.588889, 0.420000, -1.550000, 9.670000, 252.625000, 2.437500, 9.125000, -7.380000, 6.910000, 2.550000, -2.296667, -6.746666, 3.265556, -2.610000, -9.200000, 2.140000, 252.625000, 2.437500, 9.125000
872, -6.690000, 5.720000, -5.010000, -1.428889, 1.566667, 8.777778, -0.090000, -1.770000, 9.640000, 243.500000, -0.500000, 10.375000, 0.550000, 1.870000, -13.510000, -3.360000, -7.963333, 4.423333, -3.000000, -9.110000, 2.010000, 239.250000, -2.312500, 11.312500
893, -0.620000, -37.220001, 3.720000, -0.865555, 1.681111, 5.062222, -0.650000, -1.980000, 9.580000, 236.562500, -3.750000, 11.687500, 5.720000, -21.209999, -21.540001, -2.328889, -4.673333, 5.684444, -3.750000, -8.662500, 1.910000, 235.750000, -4.750000, 11.187500
913, 0.760000, -36.400002, 8.800000, 1.452222, 0.917778, -0.284444, -0.900000, -1.770000, 9.600000, 235.937500, -5.250000, 10.437500, 3.040000, -26.360001, -24.100000, 0.508889, -1.962222, 1.684444, -4.140000, -8.640000, 2.060000, 235.937500, -5.250000, 10.437500
934, -0.470000, -29.440001, 11.120000, 1.352222, -0.831111, -2.351111, -0.750000, -1.540000, 9.650000, 238.000000, -4.375000, 9.062500, 3.880000, -16.330000, -23.650000, 1.643333, 0.415556, -1.354445, -3.980000, -8.650000, 2.310000, 239.937500, -3.500000, 8.375000
952, -2.310000, -26.010000, 9.120000, 1.915556, -1.545556, -4.850000, -0.390000, -1.270000, 9.710000, 242.562500, -2.312500, 7.437500, 0.100000, -14.650000, -16.209999, 2.532222, 2.733333, -2.314445, -3.750000, -8.700000, 2.520000, 242.562500, -2.312500, 7.437500
973, -4.230000, -14.890000, 4.310000, 2.673333, -2.524444, -6.010000, 0.150000, -0.810000, 9.770000, 248.750000, 0.875000, 4.750000, -2.470000, -8.350000, -10.510000, 3.705555, 3.614444, -3.430000, -3.400000, -8.740000, 2.850000, 252.125000, 2.375000, 3.187500
993, -7.450000, 1.770000, -6.020000, 2.617778, -1.681111, -6.511111, 0.580000, -0.270000, 9.780000, 255.625000, 3.437500, 1.625000, -7.300000, 3.990000, -3.840000, 4.255556, 4.008889, -4.362222, -2.940000, -8.740000, 3.310000, 258.937500, 4.062500, 0.000000
1014, -10.020000, 18.110001, -5.560000, 2.307778, -0.611111, -5.077778, 0.750000, 0.240000, 9.770000, 261.625000, 4.375000, -1.437500, -12.800000, 23.920000, 13.400000, 3.585556, 4.817778, -4.233333, -2.520000, -8.710000, 3.720000, 261.625000, 4.375000, -1.437500
1032, -10.940000, 36.540001, -1.400000, 1.694444, -0.350000, -3.378889, 0.820000, 0.510000, 9.750000, 264.187500, 4.750000, -3.000000, -15.650000, 22.290001, 27.180000, 0.042222, 3.366667, -1.425556, -2.440000, -8.740000, 3.700000, 263.812500, 5.375000, -2.812500
1053, -9.890000, 34.820000, -1.010000, -0.751111, -1.614444, 2.540000, 1.080000, 0.390000, 9.730000, 262.437500, 6.312500, -2.250000, -12.620000, 11.090000, 24.139999, -1.457778, -0.895556, 0.525556, -2.480000, -8.632500, 3.470000, 262.437500, 6.312500, -2.250000
1073, -6.800000, 21.219999, -3.640000, -0.354444, -1.644444, 4.950000, 1.420000, 0.180000, 9.700000, 257.687500, 8.312500, -1.062500, -8.630000, 8.120000, 16.830000, -0.992222, -3.686667, 1.181111, -2.450000, -8.652500, 3.430000, 254.625000, 9.187500, -0.750000
1094, -5.770000, 15.430000, -3.810000, 0.656667, -1.265556, 6.174443, 1.690000, 0.090000, 9.650000, 251.250000, 9.875000, -0.562500, -4.450000, 7.060000, 6.240000, -0.910000, -5.352222, 1.274444, -2.340000, -8.652500, 3.510000, 251.250000, 9.875000, -0.562500
1114, -5.880000, 9.630000, -6.450000, 0.176667, -1.067778, 7.136667, 1.900000, -0.070000, 9.620000, 243.687500, 11.125000, 0.375000, -3.350000, 9.240000, -0.790000, -1.883333, -6.353333, 1.126667, -2.120000, -8.900000, 3.510000, 243.687500, 11.125000, 0.375000
1133, -4.720000, 5.120000, -13.740000, -0.537778, -0.512222, 7.610000, 1.860000, -0.540000, 9.610000, 235.312500, 10.937500, 3.187500, 1.190000, 8.940000, -12.150000, -3.890000, -6.647778, 1.452222, -1.920000, -9.070000, 3.180000, 235.312500, 10.937500, 3.187500
1153, -1.180000, -24.809999, -8.672500, -3.477778, 1.773333, 6.292222, 1.440000, -1.330000, 9.600000, 228.062500, 8.437500, 7.875000, 10.290000, -3.340000, -22.940001, -3.972222, -4.347778, 2.840000, -2.060000, -9.210000, 2.660000, 228.062500, 8.437500, 7.875000
1174, 3.110000, -37.320000, -9.040000, -2.304445, 2.162222, 1.385556, 1.000000, -1.890000, 9.570000, 225.562500, 5.812500, 11.125000, 8.910000, -11.470000, -28.100000, -2.271111, -1.063333, 3.098889, -2.540000, -9.190000, 2.270000, 226.062500, 4.375000, 12.062500
1194, 1.150000, -19.430000, -13.140000, -1.672222, 3.640000, -1.375556, 0.450000, -2.190000, 9.540000, 227.062500, 2.625000, 12.875000, 3.890000, 0.140000, -26.510000, -0.158889, 3.448889, 1.406575, -2.940000, -9.120000, 2.040000, 228.312500, 0.062500, 13.937500
1212, 1.350000, -15.330000, -20.959999, -2.340000, 7.530000, -2.163125, -0.600000, -2.580000, 9.440000, 230.000000, -3.500000, 15.250000, 0.100000, 4.320000, -18.549999, -0.048889, 6.847778, 2.090000, -3.460000, -9.020000, 1.650000, 230.000000, -3.500000, 15.250000
1233, -5.710000, -19.590000, -21.930000, -2.364444, 10.044444, -2.974444, -2.360000, -3.060000, 9.010000, 235.250000, -13.937500, 18.750000, -6.110000, 2.810000, -6.940000, -0.678889, 7.548889, 3.642222, -4.210000, -8.790000, 1.020000, 235.250000, -13.937500, 18.750000
1253, -18.190001, -7.130000, -9.860000, -0.862222, 14.037778, -4.433333, -4.320000, -3.520000, 8.060000, 242.437500, -26.125000, 23.562500, -8.970000, 1.720000, -2.160000, -0.780000, 6.332222, 4.472222, -5.010000, -8.420000, 0.320000, 242.437500, -26.125000, 23.562500
1274, -27.469999, 1.530000, 13.030000, 0.141111, 11.487778, -4.116667, -5.820000, -3.950000, 6.820000, 250.000000, -36.437500, 30.062500, -11.730000, -4.320000, 7.240000, -1.922222, 4.947778, 4.532222, -5.710000, -7.950000, -0.450000, 252.562500, -38.375000, 32.437500
1292, -28.930000, 22.309999, 32.540001, -0.667778, -0.172222, -1.356667, -6.030000, -4.240000, 6.460000, 253.187500, -37.937500, 33.250000, -16.490000, -20.490000, 18.680000, -3.358889, 4.001111, 2.370000, -6.100000, -7.540000, -1.380000, 253.187500, -37.937500, 33.250000
1313, -22.299999, 13.640000, 30.150000, -0.943333, -6.993333, 1.380000, -5.340000, -4.280000, 7.010000, 250.125000, -33.000000, 31.375000, -20.129999, -20.280001, 26.930000, -1.493333, 2.001111, -1.555556, -5.940000, -7.540000, -1.990000, 250.125000, -33.000000, 31.375000
1333, -11.890000, 6.720000, 7.850000, 0.104444, -7.157778, 1.692222, -4.510000, -4.040000, 7.700000, 246.437500, -27.375000, 27.687500, -15.610000, -2.710000, 18.650000, 1.412222, -3.068889, -3.917778, -5.480000, -7.950000, -1.690000, 246.437500, -27.375000, 27.687500
1354, -8.960000, 7.230000, 5.740000, 1.077778, -6.328889, 2.890000, -3.730000, -3.670000, 8.280000, 242.312500, -22.312500, 23.875000, -9.530000, 2.670000, 5.210000, 1.681111, -6.526667, -3.478889, -5.040000, -8.360000, -0.820000, 242.312500, -22.312500, 23.875000
1374, -3.900000, 2.090000, -3.970000, 0.875556, -5.392222, 3.497778, -3.040000, -3.310000, 8.710000, 237.625000, -18.000000, 20.750000, -1.810000, 1.740000, -8.190000, 0.465556, -6.503334, -2.838889, -4.620000, -8.640000, -0.090000, 235.250000, -16.250000, 19.562500
1393, -1.660000, -2.680000, -6.360000, 0.192222, -4.104445, 3.524444, -2.500000, -3.050000, 8.970000, 233.000000, -14.812500, 18.750000, 1.860000, 0.760000, -10.650000, 0.001111, -4.861111, -2.590000, -4.170000, -8.672500, 0.360000, 233.000000, -14.812500, 18.750000
1413, 2.480000, -23.639999, -7.030000, 0.174444, -3.222222, 1.551111, -2.050000, -2.940000, 9.120000, 230.000000, -12.062500, 17.875000, 4.670000, -3.830000, -16.889999, 0.544444, -3.648889, -2.367778, -3.720000, -9.040000, 0.710000, 230.000000, -12.062500, 17.875000
1434, 3.770000, -22.940001, -9.090000, 0.542726, -2.721111, -0.884444, -1.530000, -2.870000, 9.250000, 230.000000, -8.937500, 17.187500, 5.890000, -0.500000, -22.820000, 1.663333, -2.040000, -2.231111, -3.280000, -9.170000, 1.120000, 230.000000, -8.937500, 17.187500
1454, 2.390000, -25.270000, -9.250000, 1.026667, -2.130000, -3.162222, -0.990000, -2.770000, 9.350000, 232.500000, -5.812500, 16.500000, 6.550000, -1.680000, -22.629999, 2.125556, 0.500000, -1.583333, -2.970000, -9.220000, 1.490000, 232.500000, -5.812500, 16.500000
1473, -0.780000, -25.879999, -5.730000, 1.480000, -2.274444, -5.774445, -0.350000, -2.600000, 9.440000, 237.750000, -2.062500, 15.375000, 4.440000, -4.310000, -20.610001, 2.672222, 2.926667, -1.802222, -2.750000, -9.230000, 1.800000, 241.312500, 0.250000, 14.250000
1493, -5.910000, -16.709999, -5.950000, 2.087778, -2.645555, -6.908889, 0.460000, -2.160000, 9.550000, 245.312500, 2.687500, 12.750000, 0.690000, -0.390000, -15.990000, 3.493333, 4.957778, -2.511111, -2.500000, -9.230000, 2.150000, 245.312500, 2.687500, 12.750000
1514, -6.760000, -7.080000, -13.040000, 2.733333, -1.261111, -8.522223, 1.070000, -1.520000, 9.620000, 254.062500, 6.250000, 8.937500, -5.200000, 6.640000, -7.640000, 4.197778, 6.153333, -2.554445, -2.320000, -9.160000, 2.590000, 254.062500, 6.250000, 8.937500
1534, -8.470000, 3.380000, -21.830000, 2.454444, 2.054445, -9.033334, 1.060000, -0.860000, 9.710000, 263.750000, 6.187500, 5.062500, -10.830000, 15.460000, -4.190000, 4.388889, 6.955555, -2.271111, -2.270000, -9.030000, 3.060000, 263.750000, 6.187500, 5.062500
1552, -15.720000, 30.360001, -11.350000, 1.734444, 4.632222, -6.751111, 0.380000, -0.390000, 9.790000, 272.000000, 2.187500, 2.250000, -16.190001, 31.430000, 17.190001, 1.883333, 7.644444, -0.177778, -2.580000, -8.900000, 3.200000, 272.000000, 2.187500, 2.250000
1573, -15.950000, 39.639999, -7.900000, -1.495556, 5.870000, -1.865556, -0.650000, -0.490000, 9.770000, 275.500000, -3.812500, 2.875000, -17.950001, 19.250000, 28.010000, -3.676667, 4.664444, 2.558889, -3.240000, -8.910000, 2.480000, 275.562500, -6.687500, 4.375000
1593, -11.490000, 30.730000, -6.490000, -3.544445, 5.085556, 1.428889, -1.620000, -1.050000, 9.610000, 274.750000, -9.500000, 6.250000, -11.900000, 11.010000, 22.059999, -4.426667, 0.821111, 2.723333, -3.780000, -8.900000, 1.610000, 274.750000, -9.500000, 6.250000
1614, -9.690000, 21.450001, -5.610000, -3.360000, 5.320000, 3.681111, -2.650000, -1.570000, 9.300000, 271.312500, -15.687500, 9.562500, -9.660000, 6.580000, 14.120000, -4.231111, -1.496667, 3.171111, -4.270000, -8.770000, 0.970000, 271.312500, -15.687500, 9.562500
1632, -10.700000, 20.530001, 0.310000, -2.915555, 5.113333, 5.026667, -3.650000, -1.700000, 8.930000, 264.937500, -21.875000, 10.750000, -9.170000, 7.300000, 9.780000, -4.175556, -3.786667, 3.314445, -4.760000, -8.550000, 0.560000, 264.937500, -21.875000, 10.750000
1653, -10.960000, 14.870000, -1.550000, -2.882222, 2.933333, 9.668889, -4.440000, -1.470000, 8.610000, 254.937500, -26.937500, 9.687500, -5.810000, 4.810000, -2.100000, -4.528889, -6.707778, 4.627778, -5.370000, -8.180000, 0.420000, 254.937500, -26.937500, 9.687500
1673, -5.490000, -35.779999, 0.870000, -1.538889, 3.253333, 7.895555, -5.180000, -1.020000, 8.260000, 244.812500, -31.875000, 7.000000, 1.210000, -14.670000, -16.559999, -3.052222, -6.616667, 6.646667, -6.250000, -7.520000, 0.650000, 242.375000, -34.000000, 5.250000
1694, -1.470000, -37.730000, 7.230000, 0.955556, 3.245556, 2.105556, -5.740000, -0.560000, 7.920000, 241.437500, -35.875000, 4.062500, 7.430000, -27.459999, -34.830002, -0.896667, -3.722222, 3.278889, -6.800000, -6.980000, 1.030000, 241.437500, -35.875000, 4.062500
1714, -3.620000, -33.509998, 13.920000, 0.151111, 1.861111, -1.655556, -6.060000, -0.590000, 7.680000, 242.500000, -38.187500, 4.375000, 5.110000, -15.620000, -30.170000, 0.539392, 0.697778, -0.155556, -6.840000, -6.920000, 1.130000, 242.500000, -38.187500, 4.375000
1733, -5.630000, -33.599998, 17.280001, 0.227778, 1.113333, -3.217778, -6.110000, -0.930000, 7.610000, 246.812500, -38.500000, 6.937500, -4.170000, -21.180000, -15.170000, 1.403333, 3.054445, -1.006667, -6.790000, -7.000000, 0.930000, 246.812500, -38.500000, 6.937500
1753, -6.770000, -20.820000, 11.580000, 3.407778, -0.836667, -4.746666, -5.920000, -1.050000, 7.740000, 252.875000, -37.125000, 7.750000, -5.640000, -13.970000, -6.730000, 3.332222, 2.842222, -2.742222, -6.530000, -7.240000, 0.930000, 252.875000, -37.125000, 7.750000
1774, -8.450000, -13.180000, 6.630000, 4.917778, -1.258889, -5.321111, -5.640000, -0.930000, 7.960000, 260.062500, -35.125000, 6.687500, -6.960000, -4.310000, -5.680000, 4.351111, 2.591111, -4.493333, -6.010000, -7.640000, 1.220000, 260.062500, -35.125000, 6.687500
1794, -12.060000, 14.240000, -2.970000, 4.918889, -0.860000, -5.292222, -5.470000, -0.750000, 8.100000, 266.937500, -33.875000, 5.312500, -14.290000, 5.300000, 7.260000, 3.177778, 3.501111, -5.372222, -5.310000, -8.120000, 1.400000, 266.937500, -33.875000, 5.312500
1813, -14.190000, 25.459999, 7.250000, 2.775556, -1.817778, -1.656575, -5.240000, -0.520000, 8.260000, 270.625000, -32.312500, 3.562500, -18.100000, 6.490000, 19.570000, 1.715556, 3.264444, -4.722222, -4.610000, -8.530000, 1.400000, 270.625000, -32.312500, 3.562500
1833, -12.280000, 21.809999, 6.060000, 2.032222, -4.198889, 1.541111, -4.650000, -0.100000, 8.630000, 270.312500, -28.312500, 0.687500, -15.980000, 5.600000, 27.120001, 2.245556, 0.297778, -2.753333, -4.100000, -8.750000, 1.620000, 270.312500, -28.312500, 0.687500
1853, -11.780000, 12.280000, 11.330000, 1.951111, -6.178889, 3.588889, -3.690000, 0.470000, 9.070000, 267.375000, -22.125000, -2.937500, -10.510000, -0.060000, 18.350000, 3.411111, -3.497778, -0.775556, -3.800000, -8.720000, 2.350000, 267.375000, -22.125000, -2.937500
1874, -11.960000, 5.710000, 11.550000, 1.766667, -9.044444, 3.951111, -2.150000, 1.010000, 9.510000, 263.750000, -12.687500, -6.062500, -2.590000, -5.880000, 0.780000, 3.066667, -5.515555, -1.947778, -3.290000, -8.650000, 3.230000, 263.750000, -12.687500, -6.062500
1892, -7.570000, -1.600000, -2.230000, 1.693333, -9.691112, 3.617778, -0.300000, 1.400000, 9.700000, 260.875000, -1.750000, -8.187500, 1.870000, -0.350000, -8.720000, 1.757778, -4.975555, -4.221111, -2.320000, -8.700000, 3.860000, 260.875000, -1.750000, -8.187500
1913, -5.250000, -3.250000, -6.150000, 1.281111, -8.652500, 2.291111, 1.420000, 1.620000, 9.560000, 258.937500, 8.312500, -9.625000, 1.070000, 1.950000, -7.600000, 0.850000, -2.941111, -5.016667, -1.240000, -8.790000, 4.160000, 258.937500, 8.312500, -9.625000
1933, -2.810000, -3.680000, -7.880000, 1.188889, -8.360000, 2.101111, 2.940000, 1.730000, 9.190000, 257.312500, 17.437500, -10.687500, 0.190000, 3.280000, -4.280000, 0.783333, -1.851111, -4.823333, -0.260000, -8.800000, 4.310000, 257.312500, 17.437500, -10.687500
1954, -2.970000, -8.530000, -6.130000, 1.247778, -7.853333, 1.541111, 4.320000, 1.810000, 8.610000, 256.000000, 26.125000, -11.812500, 1.520000, 4.860000, -6.140000, 1.510000, -1.760000, -4.173333, 0.610000, -8.670000, 4.520000, 256.000000, 26.125000, -11.812500
1972, -1.270000, -11.780000, -14.570000, 2.024444, -7.451111, 0.337778, 5.550000, 2.040000, 7.810000, 255.562500, 34.500000, -14.625000, 3.090000, 7.330000, -9.410000, 2.328889, -1.405556, -3.150000, 1.300000, -8.420000, 4.840000, 255.562500, 34.500000, -14.625000
1993, 1.390000, -9.590000, -22.900000, 1.727778, -4.288889, -1.002222, 6.250000, 2.380000, 7.160000, 256.312500, 39.625000, -18.375000, 3.750000, 10.720000, -10.430000, 2.572222, -0.615555, -2.002222, 1.740000, -8.110000, 5.220000, 256.312500, 39.625000, -18.375000
2013, -1.340000, -4.090000, -18.990000, 1.591111, -2.094445, -2.040000, 6.510000, 2.820000, 6.760000, 258.062500, 41.562500, -22.625000, 0.650000, 17.160000, -9.070000, 1.810000, 0.502222, -0.584444, 1.870000, -7.870000, 5.530000, 258.062500, 41.562500, -22.625000
2034, -1.790000, 3.600000, -24.020000, 1.232222, -0.783333, -2.141111, 6.370000, 3.170000, 6.740000, 259.812500, 40.500000, -25.187500, -3.250000, 22.250000, -4.050000, 1.070000, 2.086667, 1.813333, 1.530000, -7.770000, 5.780000, 259.812500, 40.500000, -25.187500
2054, -6.000000, 12.090000, -22.150000, -1.058889, 4.814445, -0.027778, 5.800000, 3.130000, 7.250000, 259.812500, 36.250000, -23.312500, -6.190000, 19.430000, -1.030000, -0.942222, 2.993333, 4.262222, 0.640000, -7.890000, 5.770000, 259.812500, 36.250000, -23.312500
2073, -7.330000, 13.790000, -26.900000, -2.404444, 8.783334, 1.763333, 4.760000, 2.700000, 8.130000, 257.625000, 29.000000, -18.375000, -10.210000, 11.830000, 2.830000, -2.908889, 2.091111, 5.838889, -0.440000, -8.160000, 5.410000, 257.625000, 29.000000, -18.375000
2093, -14.940000, 6.000000, -21.860001, -2.928889, 10.811111, 2.393333, 2.970000, 2.020000, 9.120000, 253.937500, 17.625000, -12.500000, -10.560000, 10.150000, 3.610000, -4.365556, 0.074444, 6.331111, -1.490000, -8.430000, 4.760000, 253.937500, 17.625000, -12.500000
2114, -21.969999, 7.150000, -6.680000, -3.197778, 13.064445, 3.678889, 0.720000, 1.350000, 9.680000, 249.312500, 4.187500, -7.937500, -13.270000, 8.430000, 0.710000, -5.613333, -2.745556, 7.184444, -2.450000, -8.610000, 3.980000, 249.312500, 4.187500, -7.937500
2134, -24.540001, 3.600000, 21.809999, -3.273333, 7.271111, 5.653333, -0.870000, 0.760000, 9.730000, 243.187500, -5.062500, -4.437500, -10.410000, 1.080000, -5.120000, -5.827778, -4.574444, 9.130000, -3.550000, -8.530000, 3.260000, 243.187500, -5.062500, -4.437500
2152, -11.620000, -24.570000, 28.320000, -1.904444, 1.122222, 4.938889, -1.230000, 0.420000, 9.710000, 237.000000, -7.187500, -2.437500, -9.600000, -30.969999, -4.010000, -4.426667, -2.130000, 9.104445, -4.900000, -8.040000, 2.720000, 237.000000, -7.187500, -2.437500
2173, -7.500000, -28.389999, 24.080000, 1.320000, -0.817778, 0.727778, -1.130000, 0.570000, 9.720000, 235.125000, -6.625000, -3.312500, -7.390000, -31.270000, -5.820000, -0.172222, -2.003333, 1.744444, -5.380000, -7.730000, 2.690000, 235.125000, -6.625000, -3.312500
2193, -7.250000, -12.080000, 26.200001, 1.561111, -2.622222, -0.638889, -0.750000, 0.860000, 9.730000, 235.812500, -4.375000, -5.000000, -4.660000, -22.680000, -10.390000, 1.580000, -1.764444, -4.157778, -4.820000, -7.950000, 3.090000, 235.812500, -4.375000, -5.000000
2214, -7.900000, -13.620000, 22.240000, 1.713333, -5.494444, -1.208889, 0.110000, 1.160000, 9.730000, 237.250000, 0.625000, -6.812500, -4.920000, -11.710000, -9.000000, 1.722222, -0.616667, -5.725555, -3.920000, -8.300000, 3.430000, 237.250000, 0.625000, -6.812500
2232, -7.270000, -14.120000, 9.140000, 1.707778, -6.391111, -1.466667, 1.310000, 1.510000, 9.590000, 239.500000, 7.625000, -8.937500, -4.810000, -10.620000, -8.780000, 2.605556, -0.027778, -6.773334, -2.870000, -8.560000, 3.810000, 239.500000, 7.625000, -8.937500
2253, -5.550000, -12.640000, -2.350000, 1.724444, -6.734445, -2.887778, 2.470000, 1.940000, 9.280000, 242.812500, 14.562500, -11.750000, -3.390000, -0.980000, -11.480000, 4.087778, 0.500000, -7.788889, -1.660000, -8.600000, 4.400000, 242.812500, 14.562500, -11.750000
2273, -4.790000, -12.830000, -9.690000, 1.804444, -6.081111, -4.533333, 3.370000, 2.460000, 8.682500, 247.812500, 20.125000, -15.500000, -2.930000, 7.960000, -12.730000, 5.313334, 1.424444, -7.548889, -0.520000, -8.290000, 5.200000, 247.812500, 20.125000, -15.500000
2294, -3.520000, -6.380000, -17.750000, 2.456667, -3.932222, -5.513333, 3.840000, 3.210000, 8.420000, 253.875000, 23.062500, -20.875000, -2.240000, 13.450000, -9.460000, 5.524445, 2.933333, -5.433333, 0.120000, -7.720000, 6.030000, 253.875000, 23.062500, -20.875000
2312, -2.160000, 6.860000, -24.530001, 1.995556, -1.421111, -5.494444, 3.780000, 3.970000, 8.120000, 259.875000, 22.687500, -26.062500, -3.640000, 18.580000, -6.260000, 4.721111, 3.695555, -3.435555, 0.250000, -7.100000, 6.750000, 259.875000, 22.687500, -26.062500
2333, -0.070000, 19.309999, -31.150000, -0.882222, 2.704444, -3.682222, 3.210000, 4.250000, 8.220000, 264.062500, 19.125000, -27.375000, -1.430000, 34.660000, -4.270000, 1.633333, 5.176667, -0.271111, -0.210000, -6.750000, 7.100000, 264.062500, 19.125000, -27.375000
2353, -3.340000, 20.389999, -29.520000, -4.496666, 6.916667, -1.585556, 2.090000, 3.780000, 8.790000, 265.500000, 12.312500, -23.250000, -7.580000, 19.980000, 1.160000, -3.298889, 5.683333, 3.442222, -1.330000, -6.980000, 6.750000, 265.500000, 12.312500, -23.250000
2374, -6.390000, 14.860000, -28.410000, -6.893333, 10.573334, 0.005556, 0.380000, 2.670000, 9.420000, 264.500000, 2.187500, -15.812500, -9.870000, 13.230000, 4.990000, -6.825555, 3.772222, 4.592222, -2.450000, -7.550000, 5.750000, 264.500000, 2.187500, -15.812500
2394, -14.480000, 8.600000, -16.480000, -7.013333, 11.934444, 0.637778, -1.790000, 1.430000, 9.530000, 261.812500, -10.562500, -8.562500, -10.990000, 9.240000, 5.890000, -8.233334, 0.760000, 5.360000, -3.380000, -8.040000, 4.480000, 261.812500, -10.562500, -8.562500
2413, -22.740000, 6.960000, 21.950001, -6.228889, 8.223333, 3.060000, -3.520000, 0.430000, 9.130000, 257.500000, -21.062500, -2.687500, -11.250000, 0.960000, 6.060000, -8.130000, -1.943333, 6.110000, -4.190000, -8.220000, 3.300000, 257.500000, -21.062500, -2.687500
2433, -19.650000, -2.520000, 29.980000, -3.935555, -1.147778, 4.935555, -3.680000, -0.040000, 9.080000, 251.500000, -22.000000, 0.250000, -11.540000, -16.809999, 5.540000, -5.824444, -2.036667, 6.893333, -5.140000, -7.970000, 2.470000, 251.500000, -22.000000, 0.250000
2454, -9.010000, -15.080000, 15.100000, -1.406575, -3.886667, 3.908889, -3.050000, -0.100000, 9.310000, 246.375000, -18.125000, 0.625000, -10.070000, -31.110001, 6.070000, -2.241111, -3.003333, 2.407778, -5.590000, -7.710000, 2.290000, 246.375000, -18.125000, 0.625000
2474, -6.120000, -15.010000, 12.200000, 0.176667, -3.335556, 1.851111, -2.440000, 0.000000, 9.490000, 243.812500, -14.437500, 0.000000, -3.300000, -20.540001, -8.220000, -0.558889, -4.145555, -2.608889, -5.170000, -7.910000, 2.580000, 243.812500, -14.437500, 0.000000
2492, -6.640000, -12.630000, 17.360001, 0.311111, -4.190000, 1.354445, -1.570000, 0.100000, 9.670000, 242.562500, -9.187500, -0.562500, -1.390000, -11.130000, -12.990000, -0.211111, -2.378889, -3.957778, -4.440000, -8.270000, 2.800000, 242.562500, -9.187500, -0.562500
2513, -3.080000, -13.240000, 2.800000, 0.120000, -5.378889, 0.414444, -0.530000, 0.150000, 9.790000, 242.000000, -3.125000, -0.875000, -1.050000, -9.470000, -10.890000, 0.174444, -0.902222, -4.490000, -3.680000, -8.600000, 2.900000, 242.000000, -3.125000, -0.875000
2533, 0.960000, -14.830000, -6.230000, -0.102222, -4.547778, -0.177778, 0.220000, 0.120000, 9.800000, 242.562500, 1.312500, -0.687500, 0.620000, -7.910000, -11.430000, 0.787778, -0.528889, -5.656667, -2.750000, -8.900000, 3.050000, 242.562500, 1.312500, -0.687500
2554, 0.980000, -12.660000, -6.640000, -0.216667, -2.628889, -2.058889, 0.740000, 0.080000, 9.770000, 244.562500, 4.312500, -0.500000, 2.900000, 1.410000, -14.690000, 1.462222, 0.988889, -5.703333, -1.790000, -9.070000, 3.240000, 244.562500, 4.312500, -0.500000
2572, 5.340000, -8.960000, -18.200001, 0.675556, -1.406575, -3.277778, 1.070000, 0.220000, 9.740000, 247.750000, 6.250000, -1.312500, 1.570000, 14.020000, -11.840000, 2.814445, 3.064445, -3.833333, -1.200000, -9.030000, 3.600000, 247.750000, 6.250000, -1.312500
2593, 6.710000, -2.920000, -27.260000, 0.902222, 2.168889, -4.113333, 0.840000, 0.480000, 9.750000, 252.000000, 4.875000, -2.812500, -0.090000, 25.469999, -8.110000, 2.711111, 4.740000, 0.272222, -1.360000, -8.652500, 4.010000, 252.000000, 4.875000, -2.812500
2613, -1.980000, 12.520000, -22.700001, -0.883333, 5.853333, -3.646667, -0.130000, 0.440000, 9.790000, 256.062500, -0.750000, -2.562500, -7.900000, 26.490000, 4.700000, -1.111111, 4.642222, 4.336667, -2.310000, -8.710000, 3.850000, 256.062500, -0.750000, -2.562500
2634, -9.670000, 21.400000, -16.049999, -2.166667, 7.162222, -2.883333, -1.510000, -0.080000, 9.680000, 258.187500, -8.625000, 0.500000, -13.180000, 11.330000, 10.100000, -5.390000, 1.956667, 4.890000, -3.310000, -8.730000, 2.960000, 258.187500, -8.625000, 0.500000
2654, -18.910000, 22.600000, 28.200001, -3.606667, 1.991111, 3.036667, -2.220000, -0.670000, 9.520000, 255.875000, -13.125000, 4.062500, -8.260000, -3.260000, 8.110000, -5.826667, -0.047778, 4.330000, -4.060000, -8.700000, 1.960000, 255.875000, -13.125000, 4.062500
2673, -8.220000, -25.299999, 24.940001, -1.343333, -3.541111, 3.398889, -1.840000, -0.930000, 9.580000, 251.250000, -10.812500, 5.500000, -5.800000, -20.430000, 11.650000, -1.253333, -0.145556, 2.937778, -4.640000, -8.500000, 1.510000, 251.250000, -10.812500, 5.500000
2693, -3.370000, -26.690001, 9.740000, 3.003333, -4.093333, -0.773333, -1.080000, -0.520000, 9.730000, 251.062500, -6.312500, 3.000000, -4.320000, -30.250000, 2.480000, 3.201111, -3.252222, -3.100000, -4.310000, -8.550000, 2.090000, 251.062500, -6.312500, 3.000000
2714, -3.720000, -14.580000, 8.530000, 2.866667, -4.940000, -2.251111, -0.210000, 0.010000, 9.800000, 253.250000, -1.187500, -0.062500, 0.370000, -17.650000, -16.580000, 4.044445, -4.028889, -5.464445, -3.130000, -8.780000, 3.030000, 253.250000, -1.187500, -0.062500
2734, 0.050000, -16.150000, -3.680000, 2.720000, -5.107778, -2.931111, 0.680000, 0.530000, 9.760000, 256.875000, 4.000000, -3.125000, 4.940000, -0.550000, -23.430000, 4.318889, 0.866667, -6.292222, -2.010000, -8.632500, 3.770000, 256.875000, 4.000000, -3.125000
2753, 5.040000, -16.330000, -18.620001, 3.791111, -2.945555, -5.390000, 1.240000, 1.260000, 9.640000, 262.187500, 7.250000, -7.437500, 2.500000, 7.500000, -13.320000, 5.363333, 3.695555, -4.330000, -1.450000, -8.580000, 4.510000, 262.187500, 7.250000, -7.437500
2773, 3.590000, -1.260000, -25.209999, 4.254445, -0.291111, -6.421111, 1.220000, 2.200000, 9.470000, 268.812500, 7.125000, -13.062500, 0.390000, 15.900000, -9.070000, 5.534444, 4.934444, -2.404444, -1.430000, -8.130000, 5.270000, 268.812500, 7.125000, -13.062500
2794, -0.760000, 18.110001, -34.500000, 1.677778, 3.970000, -5.928889, 0.400000, 2.750000, 9.400000, 274.937500, 2.375000, -16.312500, -2.730000, 42.200001, -3.260000, 3.093333, 6.428889, 0.923333, -2.030000, -7.700000, 5.700000, 274.937500, 2.375000, -16.312500
2814, -6.290000, 29.980000, -30.000000, -3.096667, 7.647778, -3.326667, -1.000000, 2.400000, 9.450000, 278.312500, -5.875000, -14.250000, -9.190000, 41.520000, 6.950000, -0.488889, 6.672222, 3.670000, -3.380000, -7.680000, 5.060000, 278.312500, -5.875000, -14.250000
2832, -15.130000, 23.809999, -22.870001, -5.716667, 10.894444, -0.386667, -2.850000, 1.430000, 9.270000, 277.812500, -16.937500, -8.750000, -18.480000, 8.670000, 8.110000, -7.970000, 2.324445, 7.141111, -4.700000, -7.750000, 3.730000, 277.812500, -16.937500, -8.750000
2853, -19.670000, 19.709999, -13.150000, -6.312222, 11.662222, 2.561111, -4.820000, 0.500000, 8.520000, 273.812500, -29.437500, -3.375000, -18.610001, 4.190000, 10.900000, -8.004444, -0.625556, 6.634444, -5.680000, -7.570000, 2.540000, 273.812500, -29.437500, -3.375000
2873, -24.549999, 15.040000, 7.480000, -5.093333, 8.096666, 5.693333, -6.210000, 0.190000, 7.580000, 266.500000, -39.312500, -1.437500, -22.309999, 5.240000, 11.810000, -7.244444, -3.300000, 8.287778, -6.660000, -6.960000, 1.820000, 266.500000, -39.312500, -1.437500
2894, -24.090000, 14.120000, 10.460000, -4.795556, 4.254445, 8.572222, -6.850000, 0.510000, 6.990000, 255.687500, -44.312500, -4.187500, -21.350000, -4.490000, 9.380000, -5.711111, -5.136667, 9.827778, -7.660000, -5.860000, 1.730000, 255.687500, -44.312500, -4.187500
2912, -26.610001, -0.360000, 28.150000, -2.357778, 1.111111, 9.355556, -6.960000, 1.340000, 6.760000, 244.187500, -45.250000, -11.250000, -19.820000, -22.799999, 7.490000, -5.233333, -5.745555, 9.608889, -8.320000, -4.700000, 2.160000, 244.187500, -45.250000, -11.250000
2933, -26.180000, -5.080000, 32.169998, -0.850000, -3.878889, 8.875556, -6.290000, 2.360000, 7.140000, 234.187500, -39.875000, -18.250000, -15.800000, -34.619999, 1.960000, -2.074445, -7.945556, 1.137778, -8.210000, -4.340000, 3.110000, 234.187500, -39.875000, -18.250000
2953, -18.830000, -18.870001, 22.590000, -0.263333, -6.228889, 6.745555, -5.070000, 3.100000, 7.790000, 227.000000, -31.125000, -21.687500, -12.280000, -23.959999, -8.632500, -0.801111, -8.308888, -4.714445, -7.300000, -4.930000, 4.280000, 227.000000, -31.125000, -21.687500
2974, -12.500000, -24.700001, 12.160000, -0.342222, -7.650000, 3.534444, -3.680000, 3.430000, 8.410000, 223.687500, -22.000000, -22.187500, -6.250000, -9.900000, -19.010000, -0.572222, -7.081111, -6.061111, -6.080000, -5.790000, 5.050000, 223.687500, -22.000000, -22.187500
2994, -9.800000, -23.610001, 3.950000, -1.148889, -8.297778, 0.665556, -2.240000, 3.350000, 8.930000, 223.687500, -13.187500, -20.500000, -2.840000, -6.010000, -21.879999, -0.371111, -4.345556, -6.930000, -4.900000, -6.570000, 5.370000, 223.687500, -13.187500, -20.500000
3013, -4.870000, -23.020000, -4.410000, -1.216667, -7.956666, -1.642222, -0.890000, 3.110000, 9.250000, 226.250000, -5.187500, -18.562500, 0.190000, -7.620000, -20.780001, -0.568889, -1.211111, -7.250000, -3.890000, -7.200000, 5.380000, 226.250000, -5.187500, -18.562500
3033, -0.900000, -22.730000, -12.800000, -0.940000, -7.124444, -2.907778, 0.060000, 2.950000, 9.350000, 231.187500, 0.312500, -17.500000, 0.470000, -2.580000, -18.360001, 0.984444, 1.278889, -7.610000, -2.990000, -7.540000, 5.490000, 231.187500, 0.312500, -17.500000
3054, 2.360000, -25.230000, -23.000000, 0.221111, -3.145555, -7.574444, 0.370000, 2.990000, 9.320000, 239.187500, 2.187500, -17.812500, 1.650000, 3.260000, -25.120001, 3.716667, 5.375556, -7.510000, -2.380000, -7.560000, 5.760000, 239.187500, 2.187500, -17.812500
3074, 3.720000, -16.049999, -34.779999, -0.580000, 2.170903, -9.358889, -0.270000, 2.950000, 9.340000, 248.812500, -1.625000, -17.500000, 2.860000, 17.990000, -25.650000, 3.790000, 7.434444, -6.824444, -2.420000, -7.420000, 5.920000, 248.812500, -1.625000, -17.500000
3093, -6.730000, -8.662500, -18.379999, -0.613333, 4.082222, -9.856667, -1.610000, 2.650000, 9.300000, 258.875000, -9.437500, -15.875000, -2.670000, 20.250000, -18.650000, 2.644444, 8.994445, -2.740000, -3.170000, -7.270000, 5.750000, 258.875000, -9.437500, -15.875000
3113, -10.150000, 2.750000, -13.330000, -1.500000, 4.924443, -8.558888, -2.900000, 2.020000, 9.140000, 267.875000, -17.250000, -12.437500, -11.200000, 24.379999, -2.980000, 0.787778, 9.086667, 0.726667, -3.710000, -7.210000, 5.510000, 267.875000, -17.250000, -12.437500
3133, -16.180000, 13.320000, 3.600000, -0.700000, 3.991111, -7.540000, -3.750000, 1.540000, 8.920000, 274.750000, -22.500000, -9.750000, -16.330000, 3.390000, 6.640000, -2.032222, 6.623333, 4.402222, -5.420000, -6.950000, 4.270000, 274.750000, -22.500000, -9.750000
3154, -13.980000, 21.040001, 0.660000, 0.305556, 3.388889, -2.465556, -4.390000, 1.320000, 8.660000, 278.125000, -26.625000, -8.687500, -16.809999, -3.990000, 21.760000, -1.573333, 2.253333, 1.642222, -5.920000, -6.880000, 3.690000, 278.750000, -28.187500, -8.875000
3172, -14.410000, 14.050000, 15.820000, 1.018889, 1.187778, -0.222222, -4.730000, 1.400000, 8.470000, 278.937500, -28.875000, -9.375000, -12.280000, -4.290000, 19.190001, -0.437778, 0.808889, 1.060000, -6.040000, -6.770000, 3.710000, 278.937500, -28.875000, -9.375000
3193, -11.050000, 10.780000, 11.410000, 1.035556, -0.347778, 0.277778, -4.590000, 1.580000, 8.510000, 278.750000, -27.937500, -10.500000, -6.800000, 0.430000, 9.560000, 1.793333, -1.593333, -0.043333, -5.850000, -6.690000, 4.130000, 278.750000, -27.937500, -10.500000
3213, -6.630000, 11.340000, 3.880000, -0.490000, -1.991111, 1.302222, -4.260000, 1.630000, 8.670000, 277.562500, -25.750000, -10.625000, -1.660000, 2.010000, 2.170000, 0.388889, -2.337778, -1.024444, -5.700000, -6.730000, 4.280000, 277.562500, -25.750000, -10.625000
3234, -1.670000, 3.250000, 2.140000, -0.630000, -2.142222, 1.393333, -3.860000, 1.640000, 8.672500, 276.062500, -23.187500, -10.500000, -1.650000, -0.670000, 4.310000, -0.694444, -1.505556, -1.194444, -5.260000, -6.980000, 4.420000, 276.062500, -23.187500, -10.500000
3252, 0.760000, 0.490000, -0.450000, 0.256667, -1.591111, 1.475556, -3.510000, 1.750000, 8.980000, 274.687500, -20.937500, -11.000000, -1.360000, -1.790000, 3.710000, -0.231111, -1.591111, -1.151111, -4.970000, -7.090000, 4.600000, 273.937500, -20.187500, -11.562500
3273, 2.460000, -1.580000, -1.630000, 0.807778, -0.778889, 1.432222, -3.290000, 1.960000, 9.020000, 273.312500, -19.625000, -12.250000, 0.020000, 0.040000, 0.300000, 0.693333, -2.102222, -0.800000, -4.690000, -7.070000, 4.900000, 273.312500, -19.625000, -12.250000
3293, 2.163125, -1.590000, -0.700000, 0.924444, -0.622222, 1.332222, -3.140000, 2.190000, 9.020000, 272.187500, -18.687500, -13.625000, 2.150000, -0.200000, -3.660000, 0.992222, -1.993333, -0.346667, -4.460000, -7.010000, 5.190000, 272.187500, -18.687500, -13.625000
3314, 1.310000, -1.760000, 0.190000, 0.186667, -0.587778, 0.735556, -3.020000, 2.290000, 9.040000, 271.375000, -17.937500, -14.250000, 3.050000, 0.440000, -5.470000, 0.542726, -1.467778, -0.434444, -4.360000, -7.000000, 5.290000, 271.375000, -17.937500, -14.250000
3334, 0.770000, -0.500000, -0.150000, -0.031111, -0.705556, 0.608889, -2.870000, 2.310000, 9.080000, 270.812500, -17.000000, -14.312500, 1.190000, -0.630000, -3.100000, -0.217778, -0.640000, -0.664444, -4.120000, -7.110000, 5.340000, 270.812500, -17.000000, -14.312500
3353, 0.240000, -0.440000, -0.120000, -0.116667, -0.762222, 0.713333, -2.710000, 2.330000, 9.130000, 270.125000, -16.000000, -14.312500, -0.580000, -0.440000, 0.000000, -0.408889, -0.294444, -0.960000, -3.950000, -7.220000, 5.320000, 269.875000, -15.500000, -14.375000
3373, 0.750000, -3.480000, -0.960000, 0.336667, -0.707778, 0.515556, -2.550000, 2.390000, 9.150000, 269.625000, -15.062500, -14.625000, -0.350000, 0.260000, -0.850000, 0.050000, -0.531111, -0.905556, -3.860000, -7.250000, 5.350000, 269.625000, -15.062500, -14.625000
3394, 1.570000, -0.910000, -2.830000, 0.427778, -0.498889, 0.498889, -2.460000, 2.490000, 9.150000, 269.250000, -14.562500, -15.187500, 0.430000, 1.990000, -2.080000, 0.433333, -0.584444, -0.574444, -3.650000, -7.250000, 5.490000, 269.250000, -14.562500, -15.187500
3414, 1.270000, -2.100000, -2.310000, 0.348889, 0.038889, 0.154444, -2.450000, 2.560000, 9.140000, 269.000000, -14.437500, -15.625000, 0.740000, 1.570000, -2.520000, 0.400000, -0.374444, -0.134848, -3.630000, -7.230000, 5.530000, 269.000000, -14.437500, -15.625000
3432, -0.080000, 0.480000, -0.360000, 0.310000, 0.078889, 0.041111, -2.460000, 2.610000, 9.120000, 269.000000, -14.500000, -15.937500, -0.220000, 0.310000, -0.640000, 0.184444, 0.030000, -0.037778, -3.620000, -7.210000, 5.570000, 269.000000, -14.500000, -15.937500
3453, -0.310000, 0.550000, -0.230000, 0.165556, 0.126667, 0.032222, -2.480000, 2.640000, 9.110000, 269.000000, -14.625000, -16.125000, -0.690000, 0.070000, 0.350000, 0.057778, 0.156667, -0.150000, -3.610000, -7.210000, 5.570000, 268.937500, -14.687500, -16.250000
3473, -0.390000, 1.370000, -0.080000, 0.152222, 0.220000, 0.130000, -2.500000, 2.670000, 9.090000, 268.875000, -14.812500, -16.375000, -1.170000, 0.360000, 1.100000, 0.093333, 0.068889, -0.188889, -3.600000, -7.210000, 5.570000, 268.875000, -14.812500, -16.375000
3494, -0.380000, 0.930000, 0.230000, 0.153333, 0.242222, 0.157778, -2.530000, 2.710000, 9.070000, 268.687500, -15.000000, -16.625000, -0.810000, 0.570000, 0.800000, 0.166667, -0.032222, -0.081111, -3.580000, -7.190000, 5.610000, 268.687500, -15.000000, -16.625000
3512, -0.070000, 0.210000, 0.000000, 0.141111, 0.115556, 0.112222, -2.550000, 2.740000, 9.060000, 268.500000, -15.062500, -16.812500, -0.360000, 0.490000, 0.090000, 0.217778, -0.100000, 0.071111, -3.580000, -7.180000, 5.630000, 268.500000, -15.062500, -16.812500
3533, -0.020000, 0.680000, 0.530000, 0.160000, 0.114444, 0.105556, -2.560000, 2.770000, 9.040000, 268.375000, -15.125000, -17.062500, -0.340000, -0.250000, 0.590000, 0.177778, -0.054444, 0.122222, -3.590000, -7.140000, 5.670000, 268.375000, -15.125000, -17.062500
3553, 0.170000, 0.340000, 0.290000, 0.280000, 0.066667, 0.091111, -2.570000, 2.820000, 9.030000, 268.312500, -15.187500, -17.375000, -0.100000, -0.530000, 0.180000, 0.237778, -0.107778, 0.062222, -3.580000, -7.110000, 5.720000, 268.250000, -15.187500, -17.500000
3574, 0.280000, 0.430000, -0.090000, 0.183333, 0.098889, 0.045556, -2.580000, 2.860000, 9.010000, 268.250000, -15.250000, -17.625000, 0.210000, 0.510000, -0.420000, 0.228889, -0.121111, -0.038889, -3.570000, -7.100000, 5.740000, 268.250000, -15.250000, -17.625000
3592, 0.010000, 0.800000, 0.350000, 0.100000, 0.045556, 0.030000, -2.580000, 2.880000, 9.010000, 268.250000, -15.250000, -17.687500, 0.030000, 0.200000, -0.530000, 0.041111, -0.044444, -0.073333, -3.550000, -7.090000, 5.750000, 268.250000, -15.250000, -17.687500
3613, 0.250000, -0.070000, -0.330000, 0.047778, -0.070000, 0.005556, -2.570000, 2.880000, 9.010000, 268.250000, -15.187500, -17.750000, -0.270000, 0.540000, 0.040000, 0.006667, -0.015556, -0.147778, -3.540000, -7.100000, 5.750000, 268.250000, -15.187500, -17.750000
3633, 0.380000, -0.010000, -0.370000, 0.121111, -0.054444, -0.016667, -2.560000, 2.910000, 9.000000, 268.250000, -15.125000, -17.875000, -0.380000, 0.600000, 0.210000, 0.130000, -0.017778, -0.008889, -3.530000, -7.080000, 5.780000, 268.250000, -15.125000, -17.937500
3654, 0.170000, -0.150000, -0.400000, 0.197778, 0.080000, -0.014444, -2.570000, 2.940000, 8.990000, 268.312500, -15.187500, -18.062500, -0.320000, 0.500000, -0.160000, 0.210000, -0.057778, 0.134444, -3.550000, -7.050000, 5.810000, 268.312500, -15.250000, -18.187500
3674, -0.150000, 0.830000, -0.020000, 0.171111, 0.118889, 0.027778, -2.590000, 2.970000, 8.970000, 268.312500, -15.312500, -18.312500, -0.550000, -0.270000, 0.360000, 0.201111, -0.018889, 0.196667, -3.560000, -7.030000, 5.830000, 268.312500, -15.312500, -18.312500
3693, -0.210000, 0.600000, 0.510000, 0.110000, 0.037778, 0.033333, -2.590000, 2.980000, 8.970000, 268.250000, -15.312500, -18.375000, -0.020000, 0.130000, -0.730000, 0.087778, -0.054444, 0.053333, -3.570000, -7.010000, 5.850000, 268.250000, -15.312500, -18.312500
3713, -0.200000, 0.590000, 0.600000, -0.121111, -0.098889, 0.030000, -2.580000, 2.960000, 8.980000, 268.250000, -15.250000, -18.250000, -0.520000, -0.270000, 0.290000, -0.106667, 0.066667, -0.023333, -3.570000, -7.010000, 5.840000, 268.250000, -15.250000, -18.250000
3734, 0.210000, -0.190000, 0.050000, -0.100000, -0.130000, 0.050000, -2.560000, 2.950000, 8.990000, 268.250000, -15.125000, -18.187500, -0.530000, -0.230000, 0.230000, -0.078889, 0.007778, -0.035556, -3.570000, -7.030000, 5.820000, 268.250000, -15.125000, -18.250000
3754, 0.180000, -0.200000, 0.000000, 0.120000, 0.010000, 0.027778, -2.560000, 2.970000, 8.980000, 268.187500, -15.125000, -18.312500, -0.390000, -0.360000, 0.060000, 0.064444, -0.030000, 0.008889, -3.560000, -7.020000, 5.840000, 268.250000, -15.125000, -18.375000
3772, 0.060000, -0.450000, 0.290000, 0.184444, -0.038889, -0.037778, -2.550000, 3.000000, 8.970000, 268.250000, -15.062500, -18.500000, -0.220000, -0.050000, -0.160000, 0.151111, -0.032222, -0.005556, -3.560000, -7.010000, 5.850000, 268.250000, -15.062500, -18.500000
3793, -0.050000, 0.440000, 0.540000, 0.173333, -0.075556, -0.045556, -2.540000, 3.020000, 8.970000, 268.375000, -15.000000, -18.625000, -0.160000, 0.260000, -0.250000, 0.130000, 0.024444, -0.043333, -3.560000, -7.000000, 5.870000, 268.437500, -15.000000, -18.625000
3813, 0.220000, 0.630000, -0.240000, -0.048889, -0.071111, -0.082222, -2.530000, 3.020000, 8.970000, 268.500000, -15.000000, -18.562500, -0.060000, 0.320000, -0.380000, 0.031111, 0.063333, -0.067778, -3.550000, -7.000000, 5.870000, 268.500000, -15.000000, -18.562500
3834, 0.240000, 0.220000, -0.120000, -0.074444, -0.090000, -0.053333, -2.520000, 3.000000, 8.980000, 268.562500, -14.875000, -18.437500, -0.340000, 0.340000, 0.100000, -0.037778, 0.096667, -0.033712, -3.560000, -7.000000, 5.860000, 268.625000, -14.875000, -18.375000
3852, 0.080000, 0.640000, -0.280000, -0.213333, -0.087778, -0.058889, -2.510000, 3.020000, 8.980000, 268.625000, -14.812500, -18.562500, 0.220000, 0.590000, -0.870000, -0.110000, 0.051111, -0.053333, -3.560000, -7.030000, 5.830000, 268.562500, -14.687500, -18.562500
3873, 0.130000, 0.390000, -0.190000, -0.415556, -0.147778, -0.093333, -2.470000, 3.010000, 8.990000, 268.625000, -14.625000, -18.500000, 0.100000, 0.550000, -0.450000, -0.333333, 0.165556, -0.134444, -3.560000, -7.050000, 5.800000, 268.625000, -14.625000, -18.500000
3893, 0.190000, 0.310000, -0.090000, -0.436667, -0.134444, -0.087778, -2.450000, 2.970000, 9.010000, 268.562500, -14.437500, -18.187500, -0.650000, -0.250000, 0.460000, -0.396667, 0.207778, -0.110000, -3.560000, -7.100000, 5.730000, 268.625000, -14.375000, -18.062500
3914, 0.030000, -0.030000, -0.150000, -0.103333, -0.067778, -0.008889, -2.430000, 2.940000, 9.030000, 268.625000, -14.375000, -18.000000, -0.770000, 0.250000, 0.760000, -0.158889, 0.103333, -0.064444, -3.570000, -7.130000, 5.690000, 268.625000, -14.375000, -18.000000
3934, 0.000000, 0.510000, -0.010000, -0.013333, -0.028889, 0.031111, -2.430000, 2.940000, 9.030000, 268.750000, -14.312500, -18.000000, -0.500000, 0.430000, 0.310000, 0.017778, -0.033712, 0.032222, -3.570000, -7.140000, 5.690000, 268.750000, -14.312500, -18.125000
3953, -0.030000, 0.210000, 0.260000, 0.117778, -0.042222, 0.102222, -2.410000, 2.970000, 9.020000, 268.687500, -14.250000, -18.187500, -0.200000, 0.070000, 0.000000, 0.095556, -0.074444, 0.121111, -3.580000, -7.120000, 5.700000, 268.625000, -14.187500, -18.250000
3973, -0.080000, -0.140000, 0.230000, 0.065556, -0.066667, 0.026667, -2.400000, 2.990000, 9.020000, 268.625000, -14.125000, -18.312500, 0.030000, -0.120000, -0.480000, 0.051111, -0.075556, 0.043333, -3.580000, -7.110000, 5.720000, 268.625000, -14.125000, -18.312500
3994, 0.050000, 0.330000, 0.240000, -0.016667, -0.058889, 0.013333, -2.380000, 2.980000, 9.020000, 268.812500, -14.062500, -18.250000, -0.110000, 0.230000, -0.210000, -0.074444, 0.007778, -0.072222, -3.570000, -7.110000, 5.720000, 268.812500, -14.062500, -18.187500
4014, 0.330000, 0.070000, -0.350000, -0.086667, -0.033712, 0.005556, -2.380000, 2.970000, 9.030000, 268.812500, -14.000000, -18.187500, -0.120000, 0.300000, -0.210000, -0.101111, 0.022222, -0.056667, -3.560000, -7.130000, 5.700000, 268.812500, -14.000000, -18.187500
4033, 0.400000, -0.050000, -0.370000, -0.040000, 0.017778, 0.006667, -2.380000, 2.960000, 9.030000, 269.062500, -14.062500, -18.125000, -0.280000, 0.170000, 0.030000, -0.014444, 0.035556, 0.038889, -3.570000, -7.130000, 5.690000, 269.062500, -14.062500, -18.125000
4053, 0.140000, 0.010000, -0.030000, 0.055556, 0.052222, 0.004444, -2.390000, 2.970000, 9.030000, 269.062500, -14.062500, -18.250000, -0.260000, 0.450000, -0.020000, 0.075556, 0.013333, 0.087778, -3.640000, -7.080000, 5.710000, 269.000000, -14.125000, -18.250000
4074, -0.180000, 0.580000, 0.310000, 0.005556, 0.017778, 0.033333, -2.390000, 2.980000, 9.020000, 269.000000, -14.125000, -18.250000, -0.360000, 0.110000, 0.140000, 0.004444, 0.013333, 0.087778, -3.660000, -7.070000, 5.710000, 269.000000, -14.125000, -18.250000
4094, -0.030000, 0.400000, 0.010000, -0.015556, 0.021111, 0.035556, -2.390000, 2.970000, 9.030000, 269.187500, -14.125000, -18.250000, -0.230000, 0.190000, -0.150000, -0.033712, 0.003333, 0.052222, -3.690000, -7.050000, 5.710000, 269.187500, -14.125000, -18.250000
4112, -0.150000, 0.210000, 0.610000, -0.052222, -0.041111, 0.052222, -2.390000, 2.970000, 9.030000, 269.125000, -14.062500, -18.187500, -0.260000, -0.330000, 0.000000, -0.085556, 0.004444, 0.057778, -3.710000, -7.050000, 5.700000, 269.125000, -14.062500, -18.187500
4133, 0.120000, -0.090000, 0.030000, -0.036667, -0.043333, 0.040000, -2.380000, 2.960000, 9.030000, 269.062500, -14.062500, -18.125000, -0.120000, -0.080000, -0.290000, -0.056667, -0.010000, -0.010000, -3.710000, -7.060000, 5.690000, 269.062500, -14.062500, -18.125000
4153, 0.170000, 0.130000, 0.110000, -0.004444, -0.004444, 0.035556, -2.380000, 2.960000, 9.030000, 269.062500, -14.062500, -18.125000, -0.140000, 0.350000, -0.030000, -0.010000, 0.006667, -0.011111, -3.710000, -7.060000, 5.690000, 269.062500, -14.000000, -18.125000
4174, 0.070000, 0.060000, 0.010000, 0.015556, -0.016667, 0.042222, -2.370000, 2.970000, 9.030000, 269.000000, -14.000000, -18.187500, -0.060000, 0.290000, -0.090000, 0.002222, -0.004444, 0.037778, -3.710000, -7.060000, 5.690000, 269.000000, -14.000000, -18.187500
4192, 0.160000, 0.280000, -0.320000, 0.010000, -0.024444, 0.055556, -2.370000, 2.970000, 9.030000, 269.125000, -13.937500, -18.187500, -0.120000, 0.500000, -0.140000, 0.006667, 0.006667, 0.043333, -3.720000, -7.060000, 5.690000, 269.125000, -13.937500, -18.187500
4213, 0.000000, 0.260000, -0.010000, -0.041111, -0.102222, 0.061111, -2.350000, 2.970000, 9.040000, 269.062500, -13.875000, -18.125000, -0.130000, 0.010000, -0.150000, -0.026667, 0.002222, 0.080000, -3.730000, -7.050000, 5.690000, 269.062500, -13.875000, -18.125000
4233, -0.120000, 0.170000, 0.050000, -0.028889, -0.151111, 0.033333, -2.330000, 2.970000, 9.050000, 269.125000, -13.750000, -18.125000, -0.390000, 0.170000, 0.170000, -0.024444, 0.030000, 0.028889, -3.740000, -7.050000, 5.680000, 269.125000, -13.750000, -18.125000
4254, -0.120000, 0.300000, 0.030000, -0.016667, -0.026667, 0.063333, -2.320000, 2.970000, 9.050000, 269.062500, -13.687500, -18.187500, -0.400000, 0.240000, 0.160000, -0.033712, -0.002222, 0.003333, -3.750000, -7.050000, 5.680000, 269.062500, -13.625000, -18.187500
4274, 0.040000, 0.100000, -0.050000, 0.016667, 0.000000, 0.065556, -2.310000, 2.980000, 9.050000, 269.000000, -13.625000, -18.187500, -0.130000, -0.060000, -0.150000, -0.016667, -0.048889, 0.035556, -3.750000, -7.050000, 5.680000, 269.000000, -13.625000, -18.187500
4293, 0.130000, -0.230000, 0.130000, 0.036667, 0.000000, 0.048889, -2.310000, 2.980000, 9.040000, 269.062500, -13.625000, -18.250000, -0.060000, -0.070000, -0.290000, 0.004444, -0.041111, 0.036667, -3.750000, -7.050000, 5.680000, 269.062500, -13.625000, -18.250000
4313, 0.140000, 0.240000, 0.050000, -0.007778, 0.005556, 0.017778, -2.310000, 2.990000, 9.040000, 269.062500, -13.625000, -18.250000, -0.100000, -0.180000, -0.230000, -0.015556, -0.011111, 0.018889, -3.750000, -7.050000, 5.680000, 269.062500, -13.625000, -18.250000
4334, 0.130000, -0.180000, 0.230000, -0.005556, 0.004444, 0.018889, -2.310000, 2.990000, 9.040000, 269.000000, -13.625000, -18.312500, -0.250000, -0.080000, 0.130000, -0.011111, 0.007778, -0.010000, -3.750000, -7.050000, 5.680000, 269.000000, -13.625000, -18.312500
