0, 0.050000, 0.210000, -0.490000, 0.043333, 0.014444, -0.016667, 4.730000, -1.190000, 8.500000, 236.500000, 28.812500, 7.937500, 0.000000, 0.310000, -0.330000, 0.057778, -0.015556, 0.042222, 0.020000, -9.190000, 3.400000, 236.500000, 28.812500, 7.937500
17, -0.050000, -0.310000, -0.120000, -0.041111, 0.003333, -0.053333, 4.730000, -1.190000, 8.500000, 236.312500, 28.812500, 8.000000, -0.100000, 0.000000, -0.280000, -0.004444, 0.038889, -0.002222, 0.010000, -9.190000, 3.400000, 236.375000, 28.812500, 8.000000
33, -0.060000, -0.380000, -0.050000, -0.026667, -0.015556, -0.097778, 4.730000, -1.190000, 8.500000, 236.437500, 28.812500, 7.937500, -0.240000, -0.060000, -0.090000, -0.011111, 0.095556, -0.031111, 0.010000, -9.190000, 3.390000, 236.437500, 28.812500, 7.937500
49, 0.190000, -0.400000, -0.460000, -0.004444, -0.001111, -0.075556, 4.730000, -1.180000, 8.500000, 236.500000, 28.812500, 7.937500, -0.060000, 0.040000, -0.060000, 0.025556, 0.068889, -0.022222, 0.010000, -9.190000, 3.400000, 236.500000, 28.812500, 7.937500
70, 0.300000, -0.300000, -0.450000, 0.047778, 0.062222, -0.101111, 4.730000, -1.170000, 8.500000, 236.312500, 28.750000, 7.750000, -0.070000, 0.120000, -0.180000, 0.078889, 0.066667, 0.012222, 0.000000, -9.190000, 3.410000, 236.312500, 28.750000, 7.750000
90, -0.020000, 0.150000, 0.010000, 0.056667, 0.111111, -0.127778, 4.710000, -1.140000, 8.520000, 236.437500, 28.687500, 7.625000, -0.070000, 0.190000, -0.160000, 0.077778, 0.101111, 0.083333, -0.010000, -9.180000, 3.430000, 236.437500, 28.687500, 7.625000
111, -0.110000, 0.500000, 0.360000, 0.001111, 0.058889, -0.106667, 4.700000, -1.140000, 8.520000, 236.312500, 28.625000, 7.562500, -0.600000, -0.240000, 0.830000, 0.050000, 0.124444, 0.031111, -0.020000, -9.180000, 3.430000, 236.312500, 28.625000, 7.562500
129, 0.030000, 0.710000, 0.410000, -0.016667, 0.030000, -0.043333, 4.700000, -1.140000, 8.530000, 236.312500, 28.625000, 7.562500, -0.570000, 0.110000, 0.720000, 0.050000, 0.040000, -0.018889, -0.030000, -9.170000, 3.450000, 236.312500, 28.625000, 7.562500
150, -0.020000, 0.510000, 0.400000, 0.023333, 0.002222, 0.004444, 4.700000, -1.130000, 8.520000, 236.312500, 28.625000, 7.562500, -0.580000, 0.100000, 0.760000, 0.048889, -0.021111, 0.005556, -0.030000, -9.170000, 3.450000, 236.312500, 28.625000, 7.562500
170, -0.040000, 0.930000, 0.230000, 0.043333, -0.053333, 0.025556, 4.700000, -1.130000, 8.520000, 236.062500, 28.687500, 7.562500, -0.460000, 0.250000, 0.760000, -0.006667, -0.070000, -0.030000, -0.020000, -9.170000, 3.450000, 236.062500, 28.687500, 7.562500
191, 0.110000, 0.950000, -0.180000, -0.024444, -0.052222, 0.116667, 4.710000, -1.150000, 8.510000, 235.937500, 28.750000, 7.687500, -0.160000, 0.290000, 0.320000, -0.048889, -0.077778, -0.054444, -0.010000, -9.170000, 3.450000, 235.937500, 28.750000, 7.687500
211, 0.100000, 0.300000, 0.180000, -0.075556, -0.064444, 0.150000, 4.720000, -1.160000, 8.510000, 235.500000, 28.812500, 7.875000, -0.140000, 0.190000, 0.480000, -0.084444, -0.097778, -0.054444, 0.000000, -9.170000, 3.450000, 235.500000, 28.812500, 7.875000
230, 0.360000, 0.080000, -0.510000, -0.058889, -0.091111, 0.138889, 4.730000, -1.190000, 8.500000, 235.312500, 28.875000, 8.000000, -0.050000, 0.250000, 0.110000, -0.091111, -0.114444, -0.065556, 0.020000, -9.180000, 3.420000, 235.312500, 28.875000, 8.000000
250, 0.180000, -0.030000, -0.180000, -0.046667, -0.032222, 0.110000, 4.740000, -1.210000, 8.490000, 235.250000, 28.875000, 8.125000, -0.180000, 0.050000, 0.330000, -0.081111, -0.096667, -0.011111, 0.020000, -9.190000, 3.410000, 235.250000, 28.875000, 8.125000
271, 0.050000, 0.880000, 0.300000, -0.022222, -0.073333, 0.108889, 4.740000, -1.220000, 8.490000, 234.875000, 28.937500, 8.250000, -0.340000, -0.090000, 0.440000, -0.101111, -0.104444, -0.025556, 0.030000, -9.190000, 3.400000, 234.875000, 28.937500, 8.250000
291, -0.010000, 0.560000, 0.520000, -0.070000, -0.135556, 0.165556, 4.770000, -1.260000, 8.470000, 234.687500, 29.062500, 8.437500, -0.330000, -0.150000, 0.520000, -0.136667, -0.151111, -0.085556, 0.070000, -9.200000, 3.370000, 234.687500, 29.062500, 8.437500
310, 0.000000, 0.980000, 0.610000, -0.125556, -0.228889, 0.186667, 4.780000, -1.270000, 8.460000, 234.625000, 29.187500, 8.562500, -0.540000, 0.080000, 0.970000, -0.206667, -0.132222, -0.167778, 0.080000, -9.210000, 3.350000, 234.250000, 29.312500, 8.750000
330, -0.420000, 1.370000, 1.390000, -0.201111, -0.341111, 0.208889, 4.860000, -1.350000, 8.400000, 234.062500, 29.750000, 9.125000, -0.780000, 0.300000, 0.940000, -0.332222, -0.177778, -0.258889, 0.170000, -9.240000, 3.260000, 234.062500, 29.750000, 9.125000
351, -0.750000, 2.450000, 1.710000, -0.331111, -0.550000, 0.284444, 4.950000, -1.440000, 8.330000, 233.750000, 30.312500, 9.812500, -1.260000, 0.110000, 1.600000, -0.497778, -0.215556, -0.378889, 0.210000, -9.260000, 3.210000, 233.750000, 30.312500, 9.812500
371, -0.970000, 2.460000, 2.163125, -0.460000, -0.872222, 0.495556, 5.010000, -1.500000, 8.280000, 232.875000, 31.250000, 10.812500, -1.140000, -0.340000, 1.370000, -0.648889, -0.342222, -0.564444, 0.320000, -9.290000, 3.100000, 232.875000, 31.250000, 10.812500
389, -0.980000, 1.470000, 0.620000, -0.548889, -1.225556, 0.688889, 5.260000, -1.740000, 8.080000, 232.125000, 32.437500, 12.125000, -0.030000, -1.650000, -0.680000, -0.847778, -0.487778, -1.014444, 0.630000, -9.340000, 2.880000, 232.125000, 32.437500, 12.125000
410, -0.760000, -1.290000, -1.110000, -0.733333, -1.173333, 0.960000, 5.330000, -1.840000, 8.010000, 231.625000, 32.937500, 12.937500, 1.170000, -2.610000, -2.120000, -0.752222, -0.622222, -1.795556, 0.810000, -9.350000, 2.810000, 230.937500, 33.375000, 13.812500
430, 2.190000, -11.340000, -5.930000, -0.704444, -0.893333, 1.050000, 5.480000, -2.130000, 7.840000, 230.125000, 34.000000, 15.187500, 6.670000, 0.850000, -7.590000, 0.346667, -0.563333, -2.030000, 1.340000, -9.270000, 2.890000, 230.125000, 34.000000, 15.187500
451, 6.370000, -20.389999, -13.890000, -0.042222, -0.543333, -0.328889, 5.550000, -2.010000, 7.820000, 231.125000, 34.500000, 14.437500, 10.320000, 4.330000, -13.540000, 1.611111, 0.438889, -0.365556, 1.360000, -9.220000, 3.040000, 231.125000, 34.500000, 14.437500
469, 3.470000, -16.660000, -15.770000, 0.364444, 1.230000, -3.061111, 5.520000, -1.820000, 7.890000, 234.937500, 33.625000, 11.062500, 8.140000, 2.710000, -14.870000, 1.732222, 2.613333, 1.335556, 1.060000, -9.130000, 3.390000, 234.937500, 33.625000, 11.062500
490, -0.900000, -9.060000, -9.290000, 0.946667, 2.557778, -4.658889, 5.080000, -0.940000, 8.330000, 240.062500, 31.187500, 6.437500, 2.230000, 2.860000, -10.650000, 1.505556, 4.635556, 2.134444, 0.060000, -9.010000, 3.850000, 240.062500, 31.187500, 6.437500
510, -4.430000, 1.380000, -13.960000, 0.592222, 4.802222, -4.865556, 4.730000, -0.660000, 8.560000, 242.750000, 28.812500, 4.437500, -5.890000, 6.820000, -2.070000, 0.975556, 4.422222, 2.752222, -0.330000, -8.970000, 3.920000, 245.375000, 25.687500, 2.937500
531, -16.389999, 10.350000, 10.680000, -0.175556, 6.247778, -4.366667, 3.270000, -0.180000, 9.240000, 250.000000, 19.500000, 1.125000, -14.220000, 5.670000, 4.870000, -0.151111, 3.722222, 3.330000, -1.560000, -8.920000, 3.750000, 250.000000, 19.500000, 1.125000
551, -18.700001, 23.250000, 22.830000, 0.234444, 4.175556, -2.863333, 2.670000, -0.020000, 9.430000, 252.250000, 15.812500, 0.125000, -18.750000, -3.310000, 16.330000, -2.400000, 3.312222, 1.987778, -1.840000, -8.970000, 3.490000, 252.250000, 15.812500, 0.125000
570, -12.740000, 24.639999, 15.840000, -0.191111, 0.986667, 0.343333, 2.580000, -0.040000, 9.450000, 251.187500, 15.437500, 1.000000, -17.080000, -0.020000, 23.219999, -2.023333, 0.671111, -1.435556, -1.830000, -9.140000, 3.030000, 251.187500, 15.437500, 1.000000
590, -6.000000, 15.400000, 0.630000, -1.254444, -0.782222, 2.634444, 2.710000, -0.560000, 9.400000, 248.187500, 16.062500, 3.375000, -10.840000, 11.270000, 15.360000, -0.782222, -2.865556, -1.513333, -1.400000, -9.250000, 2.930000, 248.187500, 16.062500, 3.375000
611, -1.550000, 12.350000, -10.240000, -1.362222, -0.100000, 3.850000, 2.690000, -0.780000, 9.390000, 246.187500, 15.937500, 4.750000, -2.710000, 9.550000, 0.250000, -1.600000, -4.402222, -0.198889, -1.090000, -9.330000, 2.790000, 243.875000, 15.437500, 6.062500
631, -0.980000, 10.620000, -11.390000, -1.075556, 1.124444, 5.156667, 2.230000, -1.450000, 9.430000, 238.125000, 13.125000, 8.750000, -0.020000, 11.990000, -3.500000, -2.485556, -4.225555, 1.071111, -1.000000, -9.430000, 2.480000, 238.125000, 13.125000, 8.750000
650, -1.720000, 3.190000, -11.650000, -1.362222, 2.322222, 6.477778, 1.520000, -1.940000, 9.480000, 231.125000, 8.937500, 11.562500, -2.300000, 9.070000, -3.110000, -3.737778, -4.380000, 3.166667, -1.290000, -9.520000, 1.950000, 231.125000, 8.937500, 11.562500
670, -0.680000, -7.720000, -9.150000, -1.605556, 3.862222, 7.545556, 1.030000, -2.180000, 9.500000, 223.812500, 2.687500, 14.437500, 6.090000, -10.190000, -11.980000, -4.170000, -4.652222, 5.240000, -2.000000, -9.500000, 1.340000, 223.812500, 2.687500, 14.437500
690, -1.750000, -36.619999, 9.430000, -2.196667, 4.335556, 4.775556, -0.350000, -2.670000, 9.420000, 221.062500, -2.000000, 15.812500, 10.380000, -23.469999, -20.740000, -1.801111, -2.754444, 4.768889, -2.850000, -9.320000, 1.040000, 221.750000, -2.375000, 15.187500
711, -5.970000, -24.709999, 21.820000, 1.226667, 1.020000, -1.083333, -0.410000, -2.560000, 9.450000, 221.750000, -2.375000, 15.187500, 2.890000, -17.610001, -18.520000, 0.502222, -0.071111, 1.295556, -3.230000, -9.190000, 1.100000, 222.625000, -1.625000, 14.437500
729, -4.840000, -16.180000, 10.600000, 1.052222, -2.156458, -1.812222, 0.260000, -2.270000, 9.530000, 224.500000, 1.500000, 13.375000, -0.390000, -12.660000, -9.340000, 0.845556, 1.814444, -1.215556, -3.130000, -9.210000, 1.150000, 224.500000, 1.500000, 13.375000
750, -5.230000, -16.190001, 7.480000, 1.081111, -3.297778, -2.874444, 1.010000, -2.000000, 9.540000, 227.500000, 5.875000, 11.812500, -2.720000, -10.930000, -5.480000, 1.504444, 1.855556, -2.966667, -2.730000, -9.330000, 1.270000, 227.500000, 5.875000, 11.812500
770, -5.410000, -5.930000, -1.320000, 1.770000, -3.580000, -3.993333, 1.410000, -1.800000, 9.530000, 231.500000, 10.437500, 9.312500, -3.940000, -4.730000, -4.980000, 3.045556, 1.961111, -4.388889, -2.050000, -9.440000, 1.650000, 231.500000, 10.437500, 9.312500
791, -2.500000, 5.410000, -16.190001, 2.036667, -2.748889, -4.198889, 2.290000, -1.010000, 9.480000, 235.500000, 13.500000, 6.062500, -6.770000, 15.760000, -7.630000, 5.223333, 2.952222, -4.320000, -1.350000, -9.400000, 2.400000, 237.250000, 13.812500, 4.500000
809, 1.740000, 15.360000, -28.379999, 2.062222, -0.232222, -3.467778, 2.340000, -0.750000, 9.490000, 238.625000, 12.750000, 3.250000, -5.730000, 30.879999, -3.640000, 5.030000, 6.232222, -1.193333, -1.250000, -9.170000, 3.220000, 238.625000, 12.750000, 3.250000
830, -0.240000, 18.170000, -32.959999, 0.605556, 5.236667, -1.608889, 1.000000, -0.480000, 9.740000, 240.125000, 5.812500, 2.812500, -3.820000, 29.299999, 5.900000, 0.420000, 6.610000, 3.271111, -2.080000, -8.980000, 3.310000, 240.125000, 5.812500, 2.812500
850, -3.310000, 17.760000, -30.490000, -0.951111, 9.452222, -0.264444, -0.920000, -0.720000, 9.730000, 240.375000, -5.375000, 4.250000, -4.070000, 16.150000, 2.170000, -3.500000, 3.835556, 4.967778, -3.130000, -8.910000, 2.630000, 240.375000, -5.375000, 4.250000
871, -10.480000, 4.160000, -13.020000, -2.161111, 12.562222, 0.832222, -2.070000, -0.910000, 9.540000, 239.750000, -19.187500, 6.875000, -4.300000, 11.530000, 3.920000, -4.903333, 1.903333, 6.218889, -4.220000, -8.680000, 1.690000, 239.750000, -19.187500, 6.875000
891, -11.460000, -7.520000, -2.740000, -2.773333, 12.328889, 0.815556, -5.230000, -1.500000, 8.150000, 239.375000, -32.250000, 10.437500, -5.330000, -4.110000, -4.830000, -5.394444, 0.103333, 7.836667, -5.420000, -8.130000, 0.790000, 239.562500, -38.187500, 12.312500
910, -18.930000, -13.140000, 13.360000, -1.966667, 11.200000, -0.002222, -6.060000, -1.640000, 7.520000, 240.062500, -43.312500, 14.437500, -6.560000, -20.330000, -7.510000, -4.102222, -0.007778, 7.353333, -6.560000, -7.280000, 0.140000, 240.062500, -43.312500, 14.437500
930, -26.080000, -8.210000, 32.630001, -1.058889, 6.031111, -0.754444, -7.170000, -1.970000, 6.380000, 240.875000, -47.000000, 17.125000, -8.130000, -32.360001, -1.680000, -2.159792, 1.301111, 3.461111, -7.150000, -6.690000, -0.330000, 241.187500, -45.500000, 16.937500
951, -22.540001, -13.100000, 32.549999, 0.206667, -2.675555, -0.717778, -6.620000, -2.000000, 6.950000, 241.562500, -42.437500, 16.062500, -12.470000, -32.230000, 7.780000, 0.220000, 1.175556, -1.798889, -7.080000, -6.750000, -0.580000, 241.562500, -42.437500, 16.062500
971, -18.559999, -10.050000, 23.389999, 1.766667, -7.218889, -1.163333, -6.100000, -1.950000, 7.420000, 242.750000, -34.062500, 13.062500, -13.600000, -17.190001, 3.980000, 1.872222, -1.536667, -5.666667, -6.430000, -7.390000, -0.260000, 242.750000, -34.062500, 13.062500
989, -14.540000, -2.400000, 7.980000, 2.912222, -8.648056, -1.095556, -4.020000, -1.450000, 8.632500, 243.687500, -24.250000, 9.312500, -10.340000, -5.770000, -0.850000, 3.090000, -2.427778, -6.801111, -5.450000, -8.140000, 0.400000, 243.687500, -19.437500, 7.625000
1010, -9.670000, -0.750000, -2.910000, 2.725556, -8.643611, -0.165556, -3.270000, -1.220000, 9.160000, 243.687500, -19.437500, 7.625000, -8.370000, -1.680000, -2.470000, 3.778889, -2.992222, -6.598889, -4.330000, -8.700000, 1.250000, 243.562500, -15.062500, 6.062500
1030, -2.490000, -5.540000, -10.810000, 2.243333, -7.178889, 0.171111, -1.340000, -0.610000, 9.690000, 243.375000, -7.875000, 3.562500, -2.120000, 4.430000, -8.520000, 3.957778, -3.130000, -6.162222, -3.160000, -9.020000, 2.140000, 243.437500, -5.000000, 2.562500
1051, 3.180000, -8.080000, -14.220000, 1.883333, -5.190000, -0.148889, -0.480000, -0.270000, 9.790000, 243.875000, -2.750000, 1.625000, 3.890000, 6.000000, -12.660000, 4.320000, -1.795556, -4.437778, -2.200000, -9.070000, 2.980000, 243.875000, -2.750000, 1.625000
1069, 8.280000, -21.200001, -17.160000, 2.165555, -2.987778, -2.168889, -0.190000, -0.080000, 9.800000, 247.125000, -0.062500, -0.750000, 11.520000, 3.060000, -19.889999, 4.267778, 0.640000, -2.808889, -1.660000, -8.910000, 3.730000, 247.125000, -0.062500, -0.750000
1090, 3.280000, -18.070000, -10.700000, 2.322222, -1.130000, -5.084445, 0.100000, 0.570000, 9.780000, 253.312500, 0.562500, -3.312500, 11.250000, 0.560000, -20.980000, 3.756667, 3.688889, -2.370000, -1.490000, -8.680000, 4.290000, 253.312500, 0.562500, -3.312500
1110, -1.510000, -8.510000, -8.910000, 2.607778, -0.138889, -7.248889, 0.060000, 0.820000, 9.770000, 257.250000, 0.375000, -4.750000, -0.480000, 8.440000, -10.990000, 2.764444, 5.390000, -1.868889, -1.580000, -8.490000, 4.640000, 261.375000, -0.062500, -6.250000
1131, -9.760000, 7.790000, -6.030000, 3.046667, 0.128889, -7.352222, -0.220000, 1.670000, 9.650000, 269.000000, -1.312500, -9.812500, -12.910000, 9.350000, 4.700000, 1.497778, 5.025556, -0.132222, -1.960000, -8.340000, 4.760000, 269.000000, -1.312500, -9.812500
1149, -14.170000, 26.850000, -3.900000, 3.782222, 0.726667, -5.295556, -0.550000, 2.270000, 9.520000, 273.625000, -3.187500, -13.375000, -18.900000, 6.970000, 16.139999, -1.044444, 3.488889, -0.211111, -2.310000, -8.370000, 4.550000, 273.625000, -3.187500, -13.375000
1170, -17.040001, 30.900000, 11.200000, 1.604445, 0.557778, -1.141111, -0.620000, 2.400000, 9.480000, 273.937500, -3.000000, -14.437500, -19.990000, 1.910000, 28.340000, -1.595556, 1.501111, -1.285556, -2.310000, -8.560000, 4.170000, 273.937500, -3.000000, -14.437500
1190, -14.250000, 23.830000, 9.560000, -0.358889, -2.823333, 2.196667, 0.220000, 2.340000, 9.510000, 271.375000, 1.250000, -13.812500, -14.130000, 5.520000, 20.820000, 0.720000, -2.384444, -1.514444, -1.950000, -8.610000, 4.260000, 271.375000, 1.250000, -13.812500
1211, -8.380000, 12.030000, 0.970000, -0.848889, -4.517778, 4.187778, 0.720000, 2.250000, 9.510000, 267.187500, 7.375000, -12.812500, -7.090000, 2.050000, 7.990000, 1.052222, -4.315556, -1.380000, -1.400000, -8.560000, 4.560000, 267.187500, 7.375000, -12.812500
1231, -7.950000, 8.672500, 3.420000, -0.044444, -5.650000, 5.074444, 2.580000, 1.990000, 9.240000, 262.125000, 15.250000, -12.125000, -3.020000, 4.680000, 1.310000, 0.690000, -5.301111, -1.860000, -0.650000, -8.520000, 4.790000, 262.125000, 15.250000, -12.125000
1250, -8.800000, 4.060000, -0.320000, 0.437778, -7.858889, 6.087778, 4.190000, 1.650000, 8.700000, 256.000000, 25.312500, -10.750000, 0.380000, 5.340000, -3.400000, -0.253333, -5.336667, -1.961111, 0.140000, -8.530000, 4.820000, 256.000000, 25.312500, -10.750000
1270, -3.040000, -4.410000, -13.310000, -0.184444, -7.954444, 6.801111, 4.930000, 1.340000, 8.360000, 249.750000, 34.375000, -6.812500, 7.020000, 4.450000, -9.730000, -0.207778, -4.741111, -1.394444, 0.850000, -8.550000, 4.710000, 249.750000, 34.375000, -6.812500
1291, 3.130000, -25.870001, -18.260000, -0.724444, -5.760000, 4.353333, 6.340000, 0.550000, 7.450000, 246.437500, 40.312500, -4.187500, 8.880000, 3.290000, -14.700000, 0.023333, -3.485556, -0.161111, 1.280000, -8.540000, 4.640000, 246.437500, 40.312500, -4.187500
1311, 3.030000, -15.790000, -16.430000, 0.974444, -3.360000, 0.982222, 6.580000, 0.560000, 7.240000, 245.375000, 43.375000, -4.937500, 7.570000, 4.070000, -15.970000, 0.186667, -1.536667, 0.850000, 1.350000, -8.550000, 4.600000, 245.375000, 43.375000, -4.937500
1329, 4.600000, -13.340000, -29.990000, 0.888889, -0.661111, -0.275556, 6.620000, 0.790000, 7.180000, 245.812500, 42.437500, -6.312500, 8.340000, 10.030000, -22.629999, 1.245556, 1.457778, 1.954444, 1.040000, -8.510000, 4.750000, 245.812500, 42.437500, -6.312500
1350, 0.400000, -12.240000, -34.630001, -0.074444, 5.612222, -1.955556, 5.560000, 1.000000, 8.010000, 248.062500, 34.562500, -7.062500, 4.040000, 15.380000, -20.070000, 0.796667, 6.736667, 3.866667, -0.020000, -8.420000, 5.010000, 248.062500, 34.562500, -7.062500
1370, -9.200000, -14.170000, -47.950001, -1.957778, 12.426666, -3.376667, 4.550000, 1.000000, 8.620000, 252.062500, 18.000000, -5.375000, -2.680000, 18.150000, -15.070000, -2.022222, 8.486667, 5.347778, -1.580000, -8.460000, 4.680000, 252.062500, 18.000000, -5.375000
1391, -38.639999, -17.660000, -37.759998, -4.074444, 21.553333, -5.046667, -1.160000, 0.210000, 9.730000, 257.250000, -6.812500, -1.250000, -8.360000, 12.030000, -13.710000, -4.252222, 7.718889, 7.610000, -3.360000, -8.430000, 3.700000, 257.250000, -6.812500, -1.250000
1409, -35.919998, -11.200000, -8.400000, -4.006667, 23.522223, -5.270000, -3.280000, -0.250000, 9.230000, 262.312500, -30.750000, 4.687500, -13.970000, 10.250000, -8.310000, -4.583333, 5.617778, 10.076667, -5.200000, -7.920000, 2.490000, 262.312500, -30.750000, 4.687500
1430, -33.009998, 9.890000, 18.930000, -1.851111, 16.715555, -4.121111, -7.050000, -1.400000, 6.660000, 266.437500, -46.000000, 11.875000, -21.570000, -0.980000, 2.840000, -5.184444, 3.465556, 10.323334, -6.840000, -6.890000, 1.340000, 266.437500, -46.000000, 11.875000
1450, -31.070000, 16.559999, 19.510000, -3.583333, 9.638889, -1.493333, -8.020000, -1.930000, 5.290000, 266.125000, -54.875000, 20.000000, -20.129999, -22.469999, 12.210000, -6.452222, 2.128889, 7.593333, -7.890000, -5.800000, 0.250000, 266.125000, -54.875000, 20.000000
1471, -28.420000, -2.360000, 34.320000, -3.392222, 5.596667, 1.094444, -8.310000, -2.000000, 4.800000, 263.750000, -59.687500, 23.562500, -21.139999, -33.590000, 21.559999, -4.268889, 1.131111, 2.987778, -8.330000, -5.140000, -0.510000, 263.750000, -59.687500, 23.562500
1491, -24.730000, -0.310000, 34.049999, -0.457778, -0.145556, 1.734444, -8.420000, -1.660000, 4.740000, 261.437500, -59.125000, 19.312500, -17.070000, -17.459999, 15.930000, 0.845556, -2.595556, -1.358889, -8.300000, -5.200000, -0.290000, 261.437500, -59.125000, 19.312500
1510, -18.350000, -2.180000, 19.780001, 0.815556, -3.832222, 2.495556, -8.280000, -1.420000, 5.050000, 258.812500, -55.187500, 12.187500, -12.180000, -10.820000, 2.660000, 1.673333, -5.322222, -3.384444, -7.980000, -5.650000, 0.620000, 258.812500, -55.187500, 12.187500
1530, -17.510000, -1.480000, 17.799999, 1.077778, -6.502222, 2.368889, -7.270000, -0.720000, 6.530000, 256.312500, -47.812500, 6.312500, -6.990000, -7.610000, -2.900000, 1.066667, -4.672222, -4.673333, -7.380000, -6.270000, 1.490000, 256.312500, -47.812500, 6.312500
1551, -16.690001, -1.460000, 12.620000, 0.735556, -9.210000, 2.296667, -5.950000, -0.340000, 7.780000, 253.875000, -37.375000, 2.500000, -6.790000, -7.140000, 0.470000, 0.428889, -3.352222, -6.032222, -6.540000, -7.000000, 2.040000, 253.875000, -37.375000, 2.500000
1571, -19.020000, -2.630000, 11.960000, 0.966667, -11.963333, 1.962222, -5.040000, -0.160000, 8.400000, 251.937500, -23.687500, -0.125000, -8.040000, -4.810000, 3.490000, 0.512222, -3.105556, -7.265555, -5.430000, -7.780000, 2.460000, 251.937500, -23.687500, -0.125000
1590, -16.280001, 0.300000, -5.430000, 1.512222, -13.821111, 2.245556, -1.490000, 0.420000, 9.680000, 249.750000, -8.750000, -2.500000, -9.080000, 2.060000, 1.680000, 1.278889, -3.577778, -7.938889, -4.040000, -8.430000, 2.930000, 249.750000, -8.750000, -2.500000
1610, -11.900000, -2.440000, -13.910000, 1.757778, -12.634444, 2.763333, -0.310000, 0.610000, 9.780000, 247.125000, 4.625000, -4.562500, -7.490000, 7.020000, -1.390000, 2.234444, -4.085556, -7.310000, -2.560000, -8.780000, 3.510000, 247.125000, 4.625000, -4.562500
1631, -8.590000, -3.170000, -12.120000, 2.014444, -11.217778, 2.975556, 2.800000, 1.010000, 9.340000, 244.187500, 16.562500, -6.125000, -2.380000, 5.830000, -7.420000, 2.286667, -4.326667, -5.784444, -1.210000, -8.652500, 4.060000, 244.187500, 16.562500, -6.125000
1651, -3.630000, -6.940000, -21.000000, 1.160000, -8.578889, 3.094445, 4.200000, 0.980000, 8.800000, 241.312500, 25.375000, -6.375000, 1.500000, 4.490000, -11.640000, 1.962222, -4.243333, -5.204444, 0.010000, -8.730000, 4.440000, 241.312500, 25.375000, -6.375000
1669, 1.640000, -14.830000, -15.360000, 0.730000, -6.297778, 1.970000, 4.740000, 0.960000, 8.520000, 239.812500, 32.062500, -6.750000, 8.160000, 11.870000, -15.700000, 2.241111, -2.854445, -3.880000, 1.010000, -8.500000, 4.770000, 239.812500, 32.062500, -6.750000
1690, 4.490000, -8.700000, -22.840000, 0.971111, -4.691111, 0.165556, 5.800000, 1.140000, 7.820000, 239.812500, 36.250000, -8.250000, 8.640000, 11.730000, -15.490000, 1.720000, -0.884444, -0.768889, 1.390000, -8.280000, 5.050000, 239.812500, 36.250000, -8.250000
1710, 1.330000, -3.080000, -17.580000, 0.648889, -1.680000, -0.696667, 5.920000, 1.220000, 7.710000, 240.625000, 37.375000, -9.500000, 1.970000, 9.290000, -7.780000, 0.542222, 0.935556, 0.280000, 1.310000, -8.210000, 5.190000, 240.625000, 37.375000, -9.500000
1731, -0.990000, 3.440000, -20.469999, -0.380000, 0.634444, -1.003333, 5.730000, 1.300000, 7.850000, 241.812500, 35.750000, -9.375000, -3.430000, 17.980000, -4.730000, -0.088889, 1.733333, 1.031111, 1.040000, -8.220000, 5.230000, 241.812500, 35.750000, -9.375000
1749, -4.770000, 12.460000, -15.400000, -1.467778, 3.323333, -0.335556, 5.110000, 1.020000, 8.300000, 242.000000, 31.437500, -7.000000, -6.480000, 14.430000, -2.910000, -2.128889, 2.955555, 2.650000, 0.420000, -8.410000, 5.020000, 242.000000, 31.437500, -7.000000
1770, -6.790000, 10.720000, -23.270000, -2.721111, 6.793334, 1.412222, 4.580000, 0.740000, 8.630000, 240.625000, 23.062500, -2.312500, -8.090000, 9.810000, 2.230000, -4.090000, 2.410000, 3.530000, -0.370000, -8.730000, 4.430000, 240.625000, 23.062500, -2.312500
1790, -11.260000, 3.990000, -16.600000, -3.846667, 10.504444, 2.336667, 1.900000, -0.460000, 9.600000, 238.625000, 11.187500, 2.750000, -6.530000, 6.610000, 0.400000, -5.215556, 0.648889, 4.332222, -1.150000, -9.050000, 3.570000, 238.625000, 11.187500, 2.750000
1811, -17.290001, -14.070000, 18.440001, -4.276667, 10.668889, 2.630000, 0.900000, -0.890000, 9.720000, 236.687500, 1.187500, 7.000000, -3.850000, -0.490000, -2.190000, -4.593333, -0.071111, 5.440000, -2.040000, -9.190000, 2.730000, 236.687500, 1.187500, 7.000000
1831, -15.910000, -15.350000, 29.400000, -1.270000, 1.848889, 1.628889, 0.240000, -1.330000, 9.710000, 234.937500, 1.375000, 7.750000, -2.060000, -25.540001, -3.850000, -2.583333, 0.288889, 4.201111, -2.890000, -9.110000, 2.160000, 234.937500, 1.375000, 7.750000
1850, -4.040000, -19.200001, 7.330000, 0.162222, -4.226666, 1.155556, 0.990000, -1.290000, 9.660000, 234.000000, 5.812500, 7.625000, -1.250000, -24.190001, -4.760000, 0.270000, -0.076667, -0.965556, -2.970000, -9.100000, 2.090000, 234.000000, 5.812500, 7.625000
1870, -5.510000, -21.219999, 15.530000, 0.635556, -4.237778, -1.543333, 1.400000, -1.220000, 9.620000, 235.812500, 11.000000, 6.562500, -1.280000, -13.110000, -8.880000, 1.266667, -0.222222, -4.292222, -2.310000, -9.240000, 2.300000, 235.812500, 11.000000, 6.562500
1891, -2.630000, -11.400000, 0.850000, 0.973333, -4.914444, -3.075556, 2.760000, -0.770000, 9.370000, 239.125000, 16.312500, 4.750000, -3.390000, -7.230000, -7.520000, 2.034444, 0.575556, -5.362222, -1.420000, -9.340000, 2.610000, 239.125000, 16.312500, 4.750000
1911, -1.910000, -4.200000, -4.390000, 0.956667, -3.510000, -3.950000, 3.090000, -0.580000, 9.280000, 243.000000, 19.875000, 2.437500, -3.710000, -3.660000, -6.460000, 2.988889, 1.446667, -5.047778, -0.560000, -9.290000, 3.080000, 243.000000, 19.875000, 2.437500
1930, -0.590000, 4.780000, -9.910000, 0.890000, -1.676667, -3.441111, 3.560000, -0.010000, 9.130000, 246.437500, 21.312500, 0.062500, -6.050000, 11.750000, 1.270000, 3.332222, 1.954444, -3.864444, 0.050000, -9.090000, 3.650000, 246.437500, 21.312500, 0.062500
1950, 2.380000, 17.059999, -20.889999, 0.598889, 0.576667, -2.570000, 3.310000, 0.150000, 9.220000, 248.750000, 19.750000, -0.875000, -3.620000, 24.139999, 4.080000, 2.248889, 1.968889, -1.706667, 0.300000, -8.890000, 4.110000, 248.750000, 19.750000, -0.875000
1970, 0.080000, 14.140000, -15.190000, -1.273333, 3.595556, -1.051111, 2.990000, 0.070000, 9.330000, 249.812500, 15.437500, 0.500000, -2.600000, 22.430000, 5.170000, -1.203333, 1.678889, 1.033333, 0.080000, -8.910000, 4.070000, 249.812500, 15.437500, 0.500000
1991, -6.610000, 6.730000, 13.340000, -2.511111, 3.382222, -0.033712, 2.163125, -0.590000, 9.530000, 250.000000, 13.062500, 3.500000, 2.340000, -0.080000, -2.350000, -3.134444, 0.945556, 1.565556, -0.260000, -9.120000, 3.590000, 250.000000, 13.062500, 3.500000
2009, -2.320000, -9.910000, 8.370000, -2.917778, -0.954444, 0.600000, 2.300000, -0.860000, 9.490000, 250.000000, 14.312500, 6.437500, 2.940000, -6.500000, -3.320000, -2.731111, 1.345556, 0.636667, -0.490000, -9.300000, 3.050000, 250.000000, 14.312500, 6.437500
2030, 2.040000, -23.020000, 3.750000, -1.241111, -0.923333, -1.264444, 2.600000, -1.090000, 9.390000, 252.062500, 15.375000, 6.625000, 2.280000, -20.330000, -4.430000, 0.238889, 0.952222, -1.268889, -0.430000, -9.340000, 2.930000, 252.062500, 15.375000, 6.625000
2050, 1.390000, -19.620001, 7.520000, 1.273333, -0.671111, -3.185555, 2.820000, -0.580000, 9.370000, 255.437500, 16.687500, 3.500000, 4.080000, -5.440000, -8.570000, 2.790000, 0.316667, -2.562222, -0.030000, -9.220000, 3.330000, 255.437500, 16.687500, 3.500000
2071, 2.440000, -10.380000, -0.870000, 3.412222, -1.738889, -4.115556, 2.990000, -0.160000, 9.330000, 259.500000, 18.875000, -1.812500, 4.340000, -1.160000, -9.300000, 3.676667, 0.908889, -1.708889, 0.260000, -8.970000, 3.950000, 259.500000, 18.875000, -1.812500
2089, -0.620000, -2.940000, -4.880000, 3.792222, -2.165555, -4.816667, 3.480000, 1.260000, 9.070000, 264.250000, 20.812500, -7.875000, -2.760000, 9.560000, -1.780000, 3.237778, 2.235556, -0.542726, 0.240000, -8.690000, 4.530000, 264.250000, 20.812500, -7.875000
2110, -8.100000, 19.690001, -6.550000, 3.358889, -2.338889, -4.813334, 3.610000, 1.710000, 8.950000, 268.437500, 22.125000, -13.000000, -6.080000, 11.860000, 2.030000, 2.706667, 2.640000, -0.088889, -0.010000, -8.490000, 4.890000, 268.437500, 22.125000, -13.000000
2130, -11.600000, 32.849998, -1.520000, 1.166667, -0.626667, -1.583333, 3.790000, 2.230000, 8.760000, 268.937500, 22.750000, -14.250000, -16.980000, 7.080000, 22.010000, -0.734444, 1.840000, -0.167778, -0.220000, -8.510000, 4.850000, 268.937500, 22.750000, -14.250000
2151, -12.390000, 29.629999, 3.700000, 0.047778, -1.847778, 2.274444, 4.280000, 1.950000, 8.600000, 265.937500, 25.875000, -12.750000, -13.930000, 10.810000, 19.910000, -0.885556, -1.376667, -0.881111, -0.040000, -8.600000, 4.710000, 265.937500, 25.875000, -12.750000
2171, -9.520000, 21.020000, -2.920000, -0.874444, -2.530000, 5.072222, 4.570000, 1.660000, 8.510000, 260.437500, 29.562500, -9.000000, -9.850000, 8.160000, 13.270000, -1.567778, -3.790000, -0.567778, 0.340000, -8.720000, 4.470000, 260.437500, 29.562500, -9.000000
2190, -4.430000, 11.800000, -10.900000, -0.585556, -1.897778, 6.550000, 5.210000, 0.590000, 8.280000, 253.250000, 32.125000, -4.062500, -1.540000, 12.350000, -0.670000, -1.787778, -5.236667, -0.170000, 0.800000, -8.662500, 4.120000, 253.250000, 32.125000, -4.062500
2210, -1.400000, 2.030000, -12.060000, -0.405556, -0.675556, 7.392222, 5.290000, 0.190000, 8.250000, 245.437500, 32.750000, 1.250000, 0.620000, 13.500000, -3.630000, -1.834444, -5.185555, 2.388889, 0.920000, -9.020000, 3.720000, 245.437500, 32.750000, 1.250000
2231, 3.700000, -8.690000, -23.600000, -0.342222, 1.150000, 6.582222, 4.910000, -0.900000, 8.430000, 239.125000, 30.062500, 6.062500, 9.650000, 3.020000, -19.879999, -2.466667, -3.786667, 4.966667, 0.430000, -9.230000, 3.260000, 239.125000, 30.062500, 6.062500
2251, 0.990000, -17.370001, -18.280001, -1.711111, 4.745555, 3.954444, 3.910000, -1.470000, 8.672500, 236.500000, 23.500000, 9.375000, 9.380000, -2.120000, -22.600000, -2.247778, 0.852222, 5.226666, -0.460000, -9.360000, 2.860000, 236.500000, 23.500000, 9.375000
2269, -0.650000, -13.360000, -25.570000, -1.986667, 8.660277, 1.651111, 3.130000, -1.690000, 9.130000, 236.437500, 12.187500, 11.312500, 0.840000, -1.620000, -12.320000, -2.223333, 4.240000, 4.748889, -1.510000, -9.390000, 2.380000, 236.437500, 12.187500, 11.312500
2290, -14.320000, -12.230000, -23.230000, -1.817778, 14.735556, 0.228889, -0.770000, -2.190000, 9.520000, 238.312500, -4.500000, 12.937500, -4.760000, 2.060000, -2.440000, -2.615556, 3.015556, 5.417778, -2.570000, -9.280000, 1.810000, 238.312500, -4.500000, 12.937500
2310, -23.350000, -8.770000, -10.150000, -1.133333, 17.911112, -0.373333, -2.360000, -2.300000, 9.230000, 241.000000, -23.375000, 15.375000, -4.620000, -2.370000, -3.950000, -2.692222, 2.194444, 6.006667, -3.700000, -8.990000, 1.220000, 241.000000, -23.375000, 15.375000
2331, -31.290001, -12.950000, 24.010000, -0.437778, 16.985556, -0.780000, -6.090000, -2.490000, 7.260000, 244.312500, -38.437500, 18.937500, -4.060000, -11.770000, -3.580000, -1.838889, 1.640000, 4.912222, -4.640000, -8.600000, 0.740000, 244.312500, -38.437500, 18.937500
2349, -32.919998, 2.510000, 31.990000, 0.917778, 3.676667, -1.183333, -5.940000, -2.490000, 7.380000, 245.000000, -37.250000, 18.625000, -6.440000, -22.010000, 2.580000, -0.478889, 1.366667, 0.946667, -4.980000, -8.430000, 0.480000, 245.000000, -37.250000, 18.625000
2370, -24.459999, -12.170000, 24.639999, -0.880000, -10.751111, 0.760000, -5.170000, -2.520000, 7.930000, 242.375000, -25.125000, 16.312500, -7.780000, -21.200001, 3.900000, 0.178889, 0.917778, -1.103333, -4.670000, -8.600000, 0.510000, 242.375000, -25.125000, 16.312500
2390, -18.160000, -15.800000, 4.110000, 1.116667, -13.363334, -0.205556, -1.890000, -2.240000, 9.350000, 241.500000, -11.125000, 13.437500, -8.700000, -13.320000, 4.230000, 2.080000, -1.724444, -4.980000, -3.900000, -8.940000, 0.920000, 241.500000, -11.125000, 13.437500
2411, -9.710000, -10.430000, -7.940000, 2.974444, -12.064445, -1.752222, -0.770000, -1.990000, 9.560000, 242.437500, 1.437500, 10.000000, -4.780000, -4.820000, -4.440000, 2.407778, -2.372222, -5.492222, -2.890000, -9.240000, 1.540000, 242.437500, 1.437500, 10.000000
2429, -2.700000, -3.280000, -16.780001, 2.885556, -9.014444, -2.201111, 1.760000, -1.200000, 9.570000, 244.000000, 10.312500, 7.125000, -1.210000, -0.240000, -8.120000, 4.053333, -1.583333, -4.486667, -1.980000, -9.320000, 2.300000, 244.000000, 10.312500, 7.125000
2450, 0.530000, -8.672500, -12.000000, 1.960000, -5.588889, -2.380000, 2.730000, -0.730000, 9.380000, 246.312500, 16.187500, 4.437500, 3.320000, 3.670000, -9.280000, 4.308889, -0.390000, -3.618889, -1.260000, -9.220000, 3.070000, 246.312500, 16.187500, 4.437500
2470, 2.130000, -9.540000, -16.780001, 1.906575, -3.531111, -3.568889, 3.060000, -0.460000, 9.300000, 250.312500, 19.500000, 1.062500, 4.790000, 5.330000, -9.970000, 4.338889, 0.295556, -3.190000, -0.780000, -9.000000, 3.810000, 250.312500, 19.500000, 1.062500
2491, 4.900000, 2.570000, -28.430000, 1.192222, -0.512222, -4.981111, 3.130000, 0.260000, 9.280000, 255.687500, 18.625000, -1.625000, 5.660000, 12.810000, -15.970000, 3.672222, 3.648889, -2.098889, -0.620000, -8.720000, 4.430000, 255.687500, 18.625000, -1.625000
2511, 2.870000, 4.960000, -30.889999, -0.594444, 4.735556, -5.328889, 2.700000, 0.360000, 9.420000, 261.375000, 11.812500, -2.125000, 3.090000, 21.850000, -14.740000, 2.525556, 5.567778, -1.235556, -1.080000, -8.580000, 4.600000, 261.375000, 11.812500, -2.125000
2530, -7.090000, 11.720000, -29.389999, -1.271111, 7.397778, -5.140000, 0.350000, 0.190000, 9.790000, 266.687500, 2.062500, -1.062500, -9.570000, 20.299999, 1.790000, -3.847778, 7.128889, 2.947778, -2.080000, -8.730000, 3.940000, 266.687500, 2.062500, -1.062500
2550, -23.180000, 15.330000, -1.400000, -2.780000, 14.496667, -2.751111, -2.280000, -0.340000, 9.530000, 269.000000, -13.437500, 2.062500, -17.709999, 1.060000, 14.820000, -5.727778, 3.931111, 3.584445, -3.000000, -8.910000, 2.780000, 269.000000, -13.437500, 2.062500
2571, -24.760000, 20.030001, 19.680000, -2.983333, 12.248889, -0.455556, -3.370000, -0.620000, 9.180000, 269.375000, -26.687500, 5.812500, -15.850000, -3.900000, 18.799999, -5.215556, 1.896667, 2.852222, -3.470000, -8.960000, 1.920000, 269.375000, -26.687500, 5.812500
2591, -21.120001, 21.559999, 30.750000, -3.246667, 7.752222, 0.818889, -5.150000, -1.210000, 8.240000, 267.312500, -31.687500, 8.375000, -12.400000, -3.350000, 16.520000, -2.290000, -2.795556, 0.532222, -3.560000, -8.990000, 1.610000, 267.312500, -31.687500, 8.375000
2609, -14.370000, 19.250000, 9.820000, -2.518889, -4.417778, 3.522222, -4.850000, -1.250000, 8.430000, 260.562500, -25.875000, 8.375000, -9.810000, -0.660000, 10.190000, -2.148889, -4.233333, -0.064444, -3.490000, -9.020000, 1.570000, 260.562500, -25.875000, 8.375000
2630, -9.000000, 0.500000, 0.490000, -3.880000, -7.873333, 6.343333, -3.070000, -1.460000, 9.190000, 251.937500, -18.250000, 9.000000, -1.980000, 2.990000, 0.280000, -2.646667, -5.963333, -0.261111, -3.120000, -9.170000, 1.490000, 251.937500, -18.250000, 9.000000
2650, -5.110000, -27.920000, 1.220000, -3.504444, -8.287778, 6.901111, -1.790000, -1.720000, 9.480000, 244.062500, -10.500000, 10.250000, 2.270000, -8.810000, -3.900000, -1.616667, -4.882222, -0.314444, -2.970000, -9.230000, 1.440000, 244.062500, -10.500000, 10.250000
2671, 4.470000, -24.090000, -10.400000, 1.056667, -6.636667, 1.381111, -1.210000, -1.600000, 9.590000, 242.000000, -3.625000, 8.625000, 3.700000, -18.860001, -13.630000, -0.325556, -4.846667, -1.548889, -2.450000, -9.320000, 1.780000, 242.000000, -3.625000, 8.625000
2689, 7.590000, -24.080000, -13.110000, 1.834444, -5.052222, 0.205556, 0.160000, -1.130000, 9.730000, 242.062500, 0.937500, 6.562500, 7.510000, -8.990000, -21.830000, 3.634444, -1.363333, -3.035556, -1.810000, -9.320000, 2.440000, 242.062500, 0.937500, 6.562500
2710, 7.990000, -15.230000, -12.850000, 2.276667, -1.910000, -1.776667, 0.350000, -0.910000, 9.750000, 244.500000, 1.687500, 4.375000, 12.100000, -0.270000, -24.260000, 3.811111, 0.614444, -2.245556, -1.620000, -9.260000, 2.770000, 244.500000, 1.687500, 4.375000
2730, 4.390000, -17.490000, -9.290000, 1.633333, 0.897778, -2.831111, 0.090000, -0.450000, 9.790000, 248.000000, 0.500000, 2.625000, 3.360000, 4.500000, -13.170000, 2.802222, 3.922222, -0.134444, -1.720000, -9.020000, 3.430000, 248.000000, 0.500000, 2.625000
2751, -5.250000, 10.770000, -11.860000, 1.757778, 2.022222, -4.493333, -0.330000, -0.120000, 9.800000, 252.937500, -1.875000, 0.687500, -6.950000, 12.210000, -3.970000, 0.887778, 4.425556, 0.502222, -2.080000, -8.900000, 3.540000, 252.937500, -1.875000, 0.687500
2771, -9.980000, 29.010000, -9.760000, 1.370000, 4.138889, -3.684444, -0.710000, -0.010000, 9.780000, 256.250000, -7.000000, 0.000000, -19.100000, 14.260000, 19.240000, -1.130000, 4.223333, 0.542726, -2.260000, -8.930000, 3.360000, 256.250000, -7.000000, 0.000000
2790, -10.360000, 29.020000, 6.900000, -1.057778, 5.214445, -0.685556, -2.050000, -0.330000, 9.580000, 256.000000, -12.062500, 1.937500, -14.480000, 13.040000, 21.670000, -3.370000, -1.055556, 0.545556, -2.460000, -9.150000, 2.510000, 256.000000, -12.062500, 1.937500
2810, -5.790000, 17.250000, 6.080000, -3.396667, 1.803333, 2.198889, -2.220000, -0.590000, 9.530000, 252.562500, -13.250000, 4.750000, -6.110000, 5.150000, 7.920000, -3.614444, -2.102222, 1.257778, -2.520000, -9.200000, 2.250000, 252.562500, -13.250000, 4.750000
2831, 2.070000, -1.760000, -7.740000, -2.466667, -0.242222, 4.454444, -2.350000, -1.000000, 9.460000, 247.125000, -13.875000, 6.062500, -2.340000, 1.860000, 4.640000, -1.921111, -3.500000, 2.436667, -2.890000, -9.190000, 1.780000, 247.125000, -13.875000, 6.062500
2851, 4.380000, -31.299999, 3.440000, -2.015556, 0.858889, 4.478889, -2.560000, -1.120000, 9.390000, 243.062500, -15.125000, 6.812500, 8.310000, -12.640000, -12.380000, -0.134848, -2.387778, 2.495556, -3.250000, -9.060000, 1.840000, 243.062500, -15.125000, 6.812500
2870, 3.370000, -26.000000, 8.630000, 0.105556, 0.500000, 0.664444, -2.610000, -1.100000, 9.380000, 243.187500, -15.437500, 6.375000, 11.460000, -19.270000, -20.240000, 0.797778, -1.416667, 1.715556, -3.380000, -8.990000, 1.950000, 243.187500, -15.437500, 6.375000
2890, 0.360000, -26.490000, 11.030000, 1.218889, -0.488889, -1.888889, -2.420000, -0.870000, 9.460000, 246.125000, -14.250000, 5.250000, 7.870000, -16.480000, -16.020000, 2.440000, 1.975556, -0.662222, -3.440000, -8.682500, 2.350000, 246.125000, -14.250000, 5.250000
2911, -0.780000, -15.180000, 5.080000, 3.094445, -1.724444, -4.034444, -2.230000, -0.680000, 9.520000, 251.062500, -11.937500, 2.687500, 0.120000, -11.160000, -7.050000, 2.957778, 2.273333, -1.358889, -3.380000, -8.652500, 2.520000, 251.062500, -11.937500, 2.687500
2931, -6.940000, 2.990000, -1.570000, 3.728889, -1.963333, -4.711111, -1.680000, 0.070000, 9.660000, 256.625000, -9.875000, -0.437500, -6.180000, -1.770000, -3.710000, 3.687778, 2.167778, -3.233333, -2.880000, -8.800000, 3.210000, 256.625000, -9.875000, -0.437500
2949, -8.250000, 24.969999, -7.140000, 3.874444, -1.381111, -4.526667, -1.490000, 0.600000, 9.670000, 261.250000, -8.750000, -3.562500, -14.650000, 20.010000, 10.650000, 1.691111, 3.100000, -2.220000, -2.620000, -8.780000, 3.470000, 261.250000, -8.750000, -3.562500
2970, -6.820000, 31.049999, -6.500000, 1.817778, -0.420000, -1.741111, -1.470000, 0.740000, 9.660000, 262.500000, -8.375000, -4.625000, -16.160000, 19.230000, 20.690001, 0.376667, 2.258889, -1.364444, -2.580000, -8.800000, 3.440000, 262.500000, -8.375000, -4.625000
2990, -2.990000, 33.910000, -13.350000, -0.665556, -0.583333, 1.033333, -1.340000, 0.590000, 9.690000, 260.375000, -7.875000, -3.437500, -8.800000, 19.219999, 15.210000, -2.055556, -1.590000, 0.970000, -2.580000, -8.910000, 3.170000, 260.375000, -7.875000, -3.437500
3011, -2.320000, 17.000000, -9.860000, -2.758889, 0.364444, 3.994444, -1.350000, 0.380000, 9.700000, 255.375000, -8.187500, -1.250000, -5.460000, 10.640000, 7.720000, -2.621111, -2.457778, 1.670000, -2.650000, -8.940000, 3.010000, 255.375000, -8.187500, -1.250000
3029, -2.720000, 10.380000, -9.890000, -2.307778, 0.925556, 5.721111, -1.590000, 0.000000, 9.670000, 248.562500, -9.375000, 0.000000, -4.830000, 10.770000, 4.010000, -2.893333, -4.650000, 3.387778, -3.020000, -8.950000, 2.610000, 248.562500, -9.375000, 0.000000
3050, -3.870000, 4.070000, -9.620000, -1.616667, 1.786667, 6.981111, -1.980000, -0.040000, 9.600000, 240.500000, -11.687500, 0.250000, -6.020000, 5.630000, -2.560000, -3.091111, -5.866667, 4.962222, -3.530000, -8.810000, 2.440000, 240.500000, -11.687500, 0.250000
3070, -5.200000, -4.040000, -6.270000, -1.278889, 2.896667, 7.912222, -2.250000, 0.000000, 9.540000, 231.687500, -14.937500, -0.500000, -5.930000, 4.320000, -7.030000, -3.318889, -6.370000, 5.685555, -3.860000, -8.680000, 2.390000, 231.687500, -14.937500, -0.500000
3091, -4.120000, -34.759998, 2.710000, -1.130000, 3.628889, 7.963333, -3.200000, 0.250000, 9.260000, 223.250000, -19.062500, -1.500000, 3.050000, -14.340000, -18.719999, -3.875556, -5.892222, 7.251111, -5.180000, -8.000000, 2.260000, 223.250000, -19.062500, -1.500000
3111, -2.890000, -39.509998, 6.590000, -0.818889, 3.986667, 4.203333, -3.540000, 0.310000, 9.130000, 220.625000, -23.187500, -2.500000, 5.190000, -31.350000, -26.139999, -1.185556, -2.654444, 6.434444, -5.600000, -7.700000, 2.300000, 220.625000, -23.187500, -2.500000
3130, -9.060000, -31.610001, 20.600000, 1.394444, 2.971111, -2.171111, -4.250000, 0.410000, 8.632500, 224.062500, -25.687500, -2.625000, 3.610000, -20.840000, -27.139999, 1.531111, 0.111111, 0.150000, -5.760000, -7.490000, 2.580000, 224.062500, -25.687500, -2.625000
3150, -7.920000, -34.259998, 9.100000, 1.778889, -0.204444, -4.777778, -4.180000, 0.330000, 8.672500, 230.562500, -25.250000, -2.125000, -3.140000, -18.040001, -19.299999, 2.540000, 3.092222, -1.910000, -5.640000, -7.590000, 2.590000, 230.562500, -25.250000, -2.125000
3171, -9.500000, -19.219999, 2.720000, 3.355556, -1.490000, -7.471111, -4.080000, 0.320000, 8.900000, 240.000000, -23.875000, -2.125000, -6.120000, -13.720000, -12.170000, 3.966667, 4.897778, -3.626667, -5.490000, -7.680000, 2.620000, 240.000000, -23.875000, -2.125000
3191, -13.450000, -3.100000, 0.360000, 4.022222, -1.328889, -8.610000, -3.830000, 0.380000, 9.010000, 250.375000, -23.000000, -2.375000, -7.900000, -3.920000, -9.250000, 4.226666, 4.698889, -5.976666, -4.530000, -8.200000, 2.860000, 250.375000, -23.000000, -2.375000
3210, -15.960000, 8.600000, 0.690000, 4.033333, -0.798889, -8.507778, -3.800000, 0.410000, 9.030000, 260.250000, -22.437500, -3.062500, -13.820000, 3.280000, -4.160000, 3.443333, 5.283333, -7.588889, -4.080000, -8.420000, 2.920000, 260.250000, -22.437500, -3.062500
3230, -14.550000, 27.389999, -2.200000, 3.868889, -1.613333, -6.990000, -3.480000, 0.650000, 9.140000, 267.875000, -20.812500, -4.062500, -22.110001, 16.240000, 10.530000, 2.278889, 5.964445, -7.743333, -2.690000, -8.970000, 2.890000, 267.875000, -20.812500, -4.062500
3250, -13.990000, 32.439999, 0.870000, 2.284444, -2.968889, -3.856667, -2.910000, 0.810000, 9.320000, 271.500000, -17.250000, -5.000000, -24.190001, 22.370001, 26.879999, 0.045556, 5.301111, -5.456666, -2.180000, -9.180000, 2.640000, 271.500000, -17.250000, -5.000000
3271, -11.050000, 24.740000, 3.150000, 1.078889, -4.921111, 0.078889, -2.470000, 0.910000, 9.440000, 270.875000, -11.500000, -6.062500, -20.740000, 8.650000, 34.310001, 0.233333, 1.494444, -1.096667, -2.130000, -9.200000, 2.630000, 270.875000, -11.500000, -6.062500
3289, -10.810000, 19.170000, 3.170000, 0.930000, -6.443333, 3.041111, -0.620000, 1.320000, 9.690000, 267.500000, -3.625000, -7.750000, -14.210000, 4.140000, 20.459999, 2.861111, -3.366667, 0.814444, -2.010000, -8.920000, 3.510000, 267.500000, -3.625000, -7.750000
3310, -4.390000, 8.520000, -14.390000, 2.114444, -7.648889, 4.853333, 0.140000, 1.530000, 9.680000, 262.687500, 5.187500, -10.250000, -6.070000, 6.070000, 3.960000, 3.485556, -5.775556, 0.444444, -1.850000, -8.790000, 3.910000, 262.687500, 5.187500, -10.250000
3330, 0.940000, 8.590000, -23.969999, 2.993333, -5.902222, 5.203333, 1.990000, 2.120000, 9.360000, 257.250000, 11.687500, -12.750000, 1.600000, 18.139999, -9.730000, 2.075556, -6.868889, -0.243333, -1.010000, -8.550000, 4.680000, 257.250000, 11.687500, -12.750000
3351, 3.990000, 5.520000, -32.689999, 1.752222, -1.984444, 5.952222, 2.370000, 1.990000, 9.300000, 250.250000, 13.937500, -12.062500, 6.530000, 23.440001, -16.570000, -0.264444, -6.162222, 1.796667, -0.950000, -8.600000, 4.600000, 250.250000, 13.937500, -12.062500
3369, 5.490000, -15.310000, -40.910000, -1.738889, 2.987778, 6.952222, 2.220000, 1.690000, 9.390000, 243.125000, 10.312500, -7.687500, 14.170000, 12.260000, -30.680000, -3.194444, -2.438889, 5.010000, -1.260000, -8.680000, 4.370000, 243.125000, 10.312500, -7.687500
3390, -4.040000, -30.620001, -20.070000, -3.606667, 8.901111, 3.531111, -0.020000, 0.670000, 9.780000, 240.375000, -0.125000, -3.937500, 4.660000, -3.970000, -23.809999, -3.973333, 3.350000, 7.983333, -3.440000, -8.610000, 3.180000, 240.375000, -0.125000, -3.937500
3410, -14.960000, -13.300000, -12.190000, -1.704444, 12.705556, -0.536667, -1.200000, 0.510000, 9.710000, 240.812500, -14.687500, -2.125000, -9.390000, -3.070000, -1.520000, -2.872222, 4.967778, 6.972222, -4.140000, -8.440000, 2.770000, 240.812500, -14.687500, -2.125000
3431, -22.440001, -2.660000, 2.540000, -1.353333, 14.522223, -1.382222, -4.940000, 0.040000, 8.460000, 241.687500, -30.250000, -0.250000, -10.760000, 1.370000, -0.130000, -2.235556, 2.068889, 6.905556, -5.890000, -7.600000, 1.910000, 241.687500, -30.250000, -0.250000
3451, -29.150000, -6.100000, 26.240000, -1.551111, 13.420000, -0.375556, -6.840000, -0.210000, 7.020000, 241.312500, -44.250000, 1.687500, -9.600000, -20.450001, -0.380000, -3.920000, 0.768889, 6.660000, -6.720000, -7.020000, 1.260000, 241.312500, -44.250000, 1.687500
3470, -31.850000, -10.350000, 32.639999, -1.546667, 8.760000, 0.105556, -7.400000, -0.300000, 6.420000, 240.937500, -49.812500, 3.250000, -10.470000, -32.150002, 6.620000, -2.606667, 1.500000, 2.197778, -6.880000, -6.900000, 0.990000, 240.937500, -49.812500, 3.250000
3490, -20.879999, -8.720000, 25.059999, 0.254444, -6.115556, -0.312222, -6.430000, -0.340000, 7.390000, 241.125000, -40.937500, 2.625000, -12.080000, -24.469999, 6.750000, 0.726667, 0.596667, -3.926667, -6.140000, -7.570000, 1.000000, 241.125000, -40.937500, 2.625000
3511, -15.910000, -14.370000, 8.250000, 1.195556, -11.321111, -0.188889, -5.600000, -0.260000, 8.040000, 242.062500, -28.437500, 0.875000, -8.210000, -10.990000, -1.650000, 2.142222, -1.663333, -7.215556, -5.590000, -7.950000, 1.250000, 242.062500, -28.437500, 0.875000
3531, -3.660000, -3.860000, -14.720000, 2.487778, -11.617778, -1.395555, -2.770000, 0.150000, 9.400000, 244.125000, -16.437500, -0.937500, -5.060000, -3.150000, -8.640000, 3.394444, -2.356667, -8.532222, -3.470000, -8.662500, 2.370000, 244.125000, -16.437500, -0.937500
3549, 5.440000, -8.632500, -22.129999, 1.486667, -8.711111, -1.415556, -1.350000, 0.360000, 9.700000, 246.062500, -7.875000, -2.125000, 1.950000, 13.560000, -17.770000, 4.762222, -1.950000, -7.468889, -2.260000, -8.960000, 3.280000, 246.062500, -7.875000, -2.125000
3570, 22.690001, -4.500000, -49.070000, 2.071111, -4.444445, -2.434444, -0.950000, 0.530000, 9.740000, 249.437500, -5.875000, -4.062500, 7.930000, 26.309999, -18.180000, 5.460000, 2.115556, -4.213333, -1.970000, -8.672500, 3.700000, 249.437500, -5.875000, -4.062500
3590, 8.130000, -2.930000, -48.310001, 1.114444, 6.703333, -4.155556, -2.760000, 0.660000, 9.380000, 253.937500, -16.375000, -4.000000, 7.380000, 29.959999, -13.530000, 2.980000, 5.448889, 1.797778, -2.920000, -8.440000, 4.020000, 253.937500, -16.375000, -4.000000
3611, -15.250000, 2.980000, -10.200000, -0.541111, 15.254444, -5.025556, -4.120000, 0.450000, 8.880000, 258.687500, -33.687500, -0.437500, -6.150000, 14.910000, -3.610000, -2.485556, 6.910000, 4.717778, -3.550000, -8.390000, 3.610000, 258.687500, -33.687500, -0.437500
3629, -21.520000, 7.590000, 12.330000, -2.715556, 14.637777, -4.893333, -7.260000, -0.840000, 6.530000, 262.937500, -47.750000, 7.375000, -12.710000, 1.280000, 2.950000, -5.735556, 5.270000, 5.856667, -5.300000, -8.090000, 1.610000, 262.937500, -47.750000, 7.375000
3650, -22.570000, 17.780001, 19.770000, -2.473333, 9.273334, -2.727778, -8.130000, -1.410000, 5.290000, 264.125000, -56.000000, 14.875000, -19.330000, -23.980000, 19.830000, -7.467778, 3.264444, 4.344444, -5.850000, -7.850000, 0.320000, 264.125000, -56.000000, 14.875000
3670, -25.010000, 3.370000, 33.700001, -3.030000, 4.042222, 0.541111, -8.330000, -1.510000, 4.930000, 261.812500, -58.562500, 17.125000, -18.910000, -22.190001, 25.540001, -2.962222, 0.577778, 0.481111, -5.890000, -7.830000, 0.070000, 261.812500, -58.562500, 17.125000
3691, -20.190001, 9.800000, 22.180000, -0.587778, -3.427778, 1.910000, -7.960000, -1.180000, 5.600000, 258.500000, -54.250000, 11.937500, -12.050000, -9.420000, 13.060000, 0.983333, -3.351111, -2.130000, -5.390000, -8.150000, 0.720000, 258.500000, -54.250000, 11.937500
3709, -13.350000, 4.840000, 11.870000, -0.366667, -7.415555, 3.523333, -7.580000, -0.940000, 6.140000, 253.750000, -46.312500, 5.750000, -7.790000, -3.280000, 4.540000, 1.027778, -6.001111, -3.537778, -5.060000, -8.320000, 1.100000, 253.750000, -46.312500, 5.750000
3730, -8.630000, 6.940000, -0.230000, -0.264444, -9.725555, 4.174443, -5.700000, -0.220000, 7.970000, 248.625000, -35.500000, 1.562500, -2.720000, 7.010000, -0.680000, 1.023333, -6.084445, -3.762222, -3.910000, -8.740000, 2.100000, 248.625000, -35.500000, 1.562500
3750, 2.820000, 2.230000, -19.680000, -1.168889, -10.502601, 4.690000, -4.150000, 0.000000, 8.880000, 243.000000, -25.062500, 0.000000, 0.040000, 8.250000, -2.230000, 0.254444, -5.261111, -2.456667, -3.330000, -8.880000, 2.450000, 240.187500, -21.437500, -0.312500
3771, 6.250000, 0.440000, -21.860001, -1.457778, -6.640000, 4.831111, -3.580000, 0.050000, 9.120000, 237.500000, -19.062500, -0.562500, -0.400000, 7.790000, -3.860000, -0.590000, -4.781111, -1.067778, -3.130000, -8.930000, 2.550000, 237.500000, -19.062500, -0.562500
3791, 5.140000, -4.460000, -14.630000, -1.162222, -2.095556, 4.892222, -2.970000, 0.180000, 9.340000, 231.875000, -17.625000, -1.125000, 2.520000, 6.920000, -8.880000, -1.054444, -4.903333, 0.425556, -2.890000, -8.980000, 2.660000, 231.875000, -17.625000, -1.125000
3810, 6.890000, -20.059999, -11.970000, -1.577778, 0.864444, 5.005556, -3.040000, 0.180000, 9.320000, 226.500000, -19.125000, -0.562500, 8.490000, 0.250000, -16.160000, -1.461111, -4.176667, 2.135556, -2.950000, -8.950000, 2.670000, 226.500000, -19.125000, -0.562500
3830, 4.230000, -39.070000, -5.890000, -2.488889, 2.918889, 2.228889, -3.770000, -0.190000, 9.040000, 225.187500, -22.625000, 1.187500, 10.410000, -13.290000, -27.209999, -1.038889, -1.808889, 3.048889, -3.330000, -8.652500, 2.620000, 226.812500, -24.750000, 2.125000
3851, -3.920000, -28.870001, 5.030000, -0.364444, 3.994444, -2.964444, -4.380000, -0.480000, 8.750000, 229.312500, -26.562500, 3.187500, 5.870000, -12.570000, -26.420000, -0.175556, 1.405556, 1.582222, -3.690000, -8.720000, 2.510000, 232.375000, -27.312500, 4.000000
3871, -14.050000, -16.110001, 25.080000, 1.187778, 1.722222, -5.286667, -4.500000, -0.610000, 8.680000, 235.625000, -26.687500, 4.312500, -4.810000, -15.940000, -9.810000, 0.626667, 4.740000, 0.558889, -4.000000, -8.650000, 2.290000, 235.625000, -26.687500, 4.312500
3889, -15.270000, -8.760000, 18.600000, 2.824445, -3.076667, -5.428889, -3.660000, -0.580000, 9.070000, 242.125000, -21.875000, 3.687500, -10.100000, -18.820000, 0.740000, 0.995556, 5.600000, -2.261111, -4.000000, -8.710000, 2.020000, 245.187500, -18.562500, 3.062500
3910, -11.970000, 5.120000, 0.380000, 2.930000, -5.801111, -5.354445, -3.120000, -0.500000, 9.280000, 248.125000, -15.500000, 2.312500, -15.060000, -5.820000, 6.340000, 1.965556, 4.262222, -5.902222, -3.320000, -9.010000, 1.970000, 248.125000, -15.500000, 2.312500
3930, -14.460000, 13.530000, 7.810000, 3.068889, -5.190000, -4.347778, -1.590000, 0.040000, 9.670000, 252.562500, -9.312500, -0.187500, -16.959999, 7.750000, 10.390000, 2.817778, 2.888889, -6.938889, -2.250000, -9.270000, 2.260000, 253.625000, -5.312500, -1.875000
3951, -14.570000, 15.310000, 5.010000, 3.310000, -7.405556, -1.678889, -0.080000, 0.590000, 9.780000, 253.937500, -0.500000, -3.500000, -16.299999, 13.980000, 15.360000, 3.771111, 1.810000, -5.698889, -1.270000, -9.300000, 2.810000, 253.937500, -0.500000, -3.500000
3969, -13.940000, 11.200000, -3.280000, 2.791111, -10.187778, 0.608889, 0.850000, 0.850000, 9.730000, 253.312500, 10.812500, -6.500000, -11.140000, 10.530000, 12.470000, 3.831111, -0.627778, -3.228889, -0.600000, -9.130000, 3.500000, 253.312500, 10.812500, -6.500000
3990, -4.370000, 9.800000, -18.400000, 2.352222, -9.717778, 1.575556, 3.470000, 1.380000, 9.060000, 251.750000, 20.750000, -8.687500, -5.730000, 8.590000, 2.620000, 2.654444, -3.374444, -2.360000, 0.010000, -8.940000, 4.020000, 250.625000, 24.687500, -9.500000
4010, -3.030000, 2.560000, -11.720000, 1.952222, -6.961111, 2.253333, 4.090000, 1.470000, 8.780000, 249.250000, 28.250000, -10.250000, 0.810000, 11.590000, -4.150000, 1.922222, -3.836667, -1.982222, 0.680000, -8.760000, 4.340000, 249.250000, 28.250000, -10.250000
4031, 0.500000, -3.320000, -19.930000, 2.070000, -5.800000, 2.644444, 5.560000, 1.570000, 7.920000, 246.375000, 34.500000, -11.187500, 3.200000, 12.360000, -6.010000, 1.532222, -3.021111, -0.850000, 1.150000, -8.600000, 4.550000, 245.312500, 36.687500, -11.250000
4051, 3.120000, -8.070000, -27.870001, 1.036667, -3.628889, 1.980000, 6.020000, 1.510000, 7.580000, 244.625000, 37.875000, -11.312500, 7.880000, 14.860000, -13.400000, 1.254444, -2.450000, 0.795556, 1.320000, -8.490000, 4.710000, 244.250000, 37.875000, -11.125000
4070, 4.330000, -1.700000, -36.860001, 0.128889, 0.096667, 0.543333, 6.020000, 1.490000, 7.580000, 244.125000, 36.375000, -10.375000, 6.480000, 16.219999, -19.750000, 0.108889, -0.974444, 2.844445, 1.070000, -8.510000, 4.740000, 244.125000, 36.375000, -10.375000
4090, -1.580000, -7.930000, -44.029999, -1.738889, 5.674443, 0.451111, 4.700000, 1.060000, 8.530000, 243.875000, 28.625000, -7.125000, 2.200000, 13.440000, -19.080000, -2.007778, 2.776667, 4.487778, 0.240000, -8.700000, 4.510000, 244.250000, 21.187500, -5.062500
4111, -14.180000, -12.370000, -48.380001, -3.377778, 13.774445, -0.594444, 3.540000, 0.800000, 9.100000, 245.000000, 10.625000, -2.687500, -7.020000, 13.050000, -6.770000, -3.683333, 5.826667, 5.778889, -1.080000, -8.920000, 3.920000, 245.000000, 10.625000, -2.687500
4131, -38.959999, -12.050000, -10.440000, -4.838889, 22.616667, -2.041111, -2.350000, -0.430000, 9.510000, 247.187500, -13.812500, 2.625000, -10.360000, 10.980000, -5.080000, -4.718889, 4.762222, 8.041111, -2.690000, -8.940000, 2.970000, 248.187500, -24.625000, 5.500000
4150, -33.889999, -6.700000, 13.940000, -4.167778, 20.045555, -1.811111, -5.400000, -1.180000, 8.090000, 248.812500, -33.437500, 8.312500, -16.250000, 0.430000, -3.240000, -4.374444, 2.778889, 10.496667, -4.490000, -8.470000, 2.000000, 249.187500, -40.125000, 10.937500
4170, -22.540001, 1.530000, 11.300000, -2.756667, 12.617778, -0.693333, -6.320000, -1.420000, 7.350000, 249.312500, -45.312500, 13.687500, -16.209999, -9.390000, 1.390000, -3.776667, 2.506667, 10.264444, -6.180000, -7.520000, 1.150000, 249.312500, -45.312500, 13.687500
4191, -23.629999, -1.310000, 12.200000, -3.006667, 8.644722, 0.062222, -7.980000, -1.930000, 5.350000, 248.687500, -54.437500, 19.875000, -15.220000, -26.480000, 11.110000, -4.170000, 2.478889, 7.256667, -7.300000, -6.530000, 0.280000, 248.187500, -58.062500, 22.500000
4211, -30.930000, -1.170000, 34.320000, -2.120000, 6.840000, 0.646667, -8.320000, -1.980000, 4.780000, 247.375000, -59.250000, 22.875000, -15.060000, -33.009998, 17.740000, -3.231111, 0.804444, 2.052222, -7.720000, -6.030000, -0.340000, 247.375000, -59.250000, 22.875000
4229, -28.889999, -2.840000, 34.150002, -0.283333, -4.443333, 1.863333, -7.830000, -1.630000, 5.670000, 244.062500, -53.000000, 16.000000, -13.820000, -24.040001, 11.520000, 0.083333, -2.292222, -3.741111, -7.450000, -6.360000, -0.230000, 242.375000, -46.875000, 12.187500
4250, -23.180000, -13.790000, 14.100000, 0.765556, -12.152223, 2.328889, -6.270000, -1.170000, 7.440000, 241.187500, -39.750000, 8.937500, -8.980000, -9.300000, -3.580000, 1.635556, -4.683333, -7.574444, -6.560000, -7.260000, 0.520000, 241.187500, -39.750000, 8.937500
4270, -17.840000, -9.210000, -4.990000, 2.960000, -14.103333, 1.310000, -5.230000, -0.870000, 8.240000, 240.250000, -24.812500, 3.562500, -7.410000, -0.120000, -6.990000, 2.482222, -4.404444, -9.293333, -5.150000, -8.220000, 1.370000, 240.250000, -24.812500, 3.562500
4291, -3.260000, -1.610000, -24.830000, 3.211111, -12.371111, 0.798889, -2.120000, 0.000000, 9.570000, 239.812500, -12.500000, 0.000000, -6.640000, 14.710000, -8.010000, 2.794445, -3.124444, -9.245556, -3.510000, -8.910000, 2.100000, 239.812500, -12.500000, 0.000000
4309, 6.880000, 5.460000, -29.160000, 1.800000, -8.191112, 0.501111, -1.370000, 0.160000, 9.700000, 239.437500, -4.687500, -1.687500, -2.810000, 28.530001, -4.850000, 3.390000, -1.720000, -6.593333, -2.120000, -9.150000, 2.780000, 239.437500, -4.687500, -1.687500
4330, 11.770000, 12.060000, -34.400002, 0.738889, -4.131111, 0.652222, -0.250000, 0.330000, 9.790000, 238.562500, -1.437500, -1.937500, 2.310000, 27.200001, -0.040000, 0.684444, -0.761111, -0.664444, -1.670000, -9.140000, 3.110000, 238.562500, -1.437500, -1.937500
4350, 3.960000, 0.440000, -21.639999, -1.548889, 1.067778, 1.768889, -0.670000, 0.000000, 9.780000, 236.375000, -3.875000, 0.000000, -1.520000, 4.940000, -5.800000, -2.827778, -1.663333, 4.053333, -2.150000, -9.150000, 2.770000, 236.375000, -3.875000, 0.000000
4371, -2.540000, -0.060000, -9.260000, -1.924444, 5.091111, 2.146667, -1.140000, -0.160000, 9.730000, 233.812500, -10.000000, 1.250000, -4.970000, -2.380000, -1.070000, -3.041111, -1.168889, 4.915555, -2.920000, -9.070000, 2.300000, 233.812500, -10.000000, 1.250000
4391, -7.730000, -4.450000, 14.430000, -0.085556, 6.551111, 3.264444, -2.830000, -0.070000, 9.380000, 229.750000, -16.812500, 0.375000, -0.780000, -11.180000, -0.850000, -1.564444, -1.953333, 4.738889, -3.670000, -8.662500, 2.060000, 229.750000, -16.812500, 0.375000
4410, -6.770000, -29.459999, 26.820000, -0.456667, 3.158889, 4.285555, -3.120000, 0.000000, 9.290000, 225.875000, -18.375000, -0.687500, 4.640000, -18.459999, -11.190000, 0.255556, -2.644444, 3.158889, -4.190000, -8.580000, 2.220000, 225.875000, -18.375000, -0.687500
4430, 0.470000, -23.969999, -0.600000, 1.296667, -2.312222, 0.685556, -2.670000, 0.360000, 9.420000, 226.375000, -15.812500, -2.187500, 6.670000, -17.690001, -23.520000, 1.151111, -1.821111, -0.623333, -4.160000, -8.500000, 2.560000, 226.375000, -15.812500, -2.187500
4451, 0.230000, -19.129999, -1.070000, 1.046667, -1.523333, -2.497778, -2.470000, 0.350000, 9.480000, 229.875000, -14.625000, -2.125000, 4.300000, -7.110000, -22.980000, 1.455556, 1.082222, -4.164444, -3.620000, -8.680000, 2.770000, 229.875000, -14.625000, -2.125000
4471, 4.320000, -17.500000, -14.170000, 0.453333, -0.841111, -4.695556, -2.410000, 0.280000, 9.490000, 235.687500, -14.375000, -1.500000, -0.770000, 5.230000, -13.780000, 1.835556, 4.271111, -4.407778, -3.040000, -8.682500, 2.830000, 235.687500, -14.375000, -1.500000
4490, 5.720000, -6.060000, -23.049999, 1.560000, 2.006667, -6.434444, -3.040000, 0.170000, 9.310000, 243.062500, -18.062500, -1.062500, -4.940000, 13.210000, -5.770000, 2.080000, 6.212222, -2.197778, -2.880000, -8.920000, 2.860000, 243.062500, -18.062500, -1.062500
4510, -6.240000, 2.550000, -17.510000, 1.318889, 6.492222, -7.115556, -3.620000, 0.060000, 9.110000, 251.125000, -26.062500, 0.500000, -10.620000, 18.320000, 1.390000, 1.765556, 6.777778, 0.642222, -3.220000, -8.642500, 2.790000, 251.125000, -26.062500, 0.500000
4530, -20.920000, 23.730000, -4.720000, 1.624444, 9.416667, -6.886667, -5.820000, -0.440000, 7.870000, 258.437500, -36.375000, 3.187500, -18.750000, 1.420000, 17.870001, -1.761111, 6.495555, 3.046667, -3.970000, -8.670000, 2.260000, 258.437500, -36.375000, 3.187500
4551, -31.570000, 29.120001, 31.780001, -0.915556, 9.211111, -2.884444, -6.800000, -0.930000, 6.990000, 259.437500, -43.937500, 7.562500, -19.760000, -20.639999, 26.420000, -6.677778, 4.986667, 2.326667, -4.600000, -8.610000, 0.850000, 259.437500, -43.937500, 7.562500
4569, -32.720001, 5.610000, 31.840000, -2.914444, -4.655556, 1.430000, -6.500000, -1.040000, 7.260000, 256.000000, -35.000000, 7.125000, -15.960000, -21.850000, 25.680000, -1.142222, 1.130000, -0.655556, -4.650000, -8.630000, 0.160000, 256.000000, -35.000000, 7.125000
4590, -20.610001, -8.580000, 1.680000, -0.771111, -14.993333, 3.052222, -3.250000, -0.740000, 9.220000, 251.937500, -19.312500, 4.625000, -12.900000, -15.950000, 10.930000, 3.471111, -3.521111, -3.343333, -4.170000, -8.642500, 0.830000, 251.937500, -19.312500, 4.625000
4610, -2.680000, -3.810000, -15.710000, 2.166667, -13.296667, 2.072222, -2.070000, -0.500000, 9.570000, 250.000000, -6.250000, 1.375000, -1.540000, -1.880000, -12.410000, 3.913333, -5.886667, -6.164444, -3.090000, -9.110000, 1.870000, 250.000000, -6.250000, 1.375000
4631, 0.700000, 0.080000, -14.250000, 2.260000, -8.723333, 0.761111, 0.380000, 0.130000, 9.790000, 249.250000, 2.187500, -0.750000, 1.100000, 7.910000, -13.190000, 3.420000, -3.907778, -6.766667, -1.710000, -9.260000, 2.720000, 249.250000, 2.187500, -0.750000
4649, 7.710000, -3.810000, -20.959999, 1.363333, -6.025556, 0.796667, 1.430000, 0.330000, 9.690000, 248.437500, 8.375000, -1.937500, 5.120000, 17.049999, -8.662500, 2.617778, -1.742222, -4.865556, -0.620000, -9.220000, 3.270000, 248.437500, 8.375000, -1.937500
4670, 9.670000, -9.830000, -27.870001, 0.302222, -4.148889, 0.436667, 1.820000, 0.350000, 9.620000, 248.375000, 12.000000, -2.125000, 8.420000, 18.209999, -16.100000, 2.193333, -0.665556, -1.597778, -0.140000, -9.080000, 3.670000, 248.375000, 12.000000, -2.125000
4690, 7.770000, -0.500000, -39.180000, 0.114444, -0.095556, -1.326667, 1.740000, 0.410000, 9.640000, 250.187500, 10.187500, -2.437500, 6.550000, 23.629999, -19.879999, 2.177778, 1.876667, 1.448889, -0.330000, -8.930000, 4.020000, 250.187500, 10.187500, -2.437500
4711, 1.880000, 7.350000, -38.150002, -0.913333, 6.252222, -2.096667, 1.160000, 0.360000, 9.730000, 252.187500, 1.750000, -1.000000, -4.490000, 22.700001, -8.240000, -0.407778, 6.201111, 4.077778, -1.330000, -8.652500, 4.020000, 252.187500, 1.750000, -1.000000
4731, -14.190000, -1.050000, -29.639999, -3.477778, 12.352222, -1.036667, -2.190000, -0.540000, 9.540000, 253.000000, -12.875000, 3.250000, -10.560000, 14.990000, -1.370000, -4.495555, 5.695556, 6.397778, -2.730000, -8.662500, 3.200000, 253.000000, -12.875000, 3.250000
4750, -21.469999, 1.950000, -11.420000, -4.011111, 15.670000, -0.368889, -4.870000, -1.160000, 8.420000, 253.125000, -29.812500, 7.875000, -17.340000, 3.470000, 4.820000, -5.777778, 2.264444, 8.502601, -4.230000, -8.600000, 2.060000, 253.125000, -29.812500, 7.875000
4770, -24.370001, 5.320000, 9.520000, -2.788889, 14.775556, 1.548889, -6.020000, -1.300000, 7.630000, 250.812500, -45.187500, 10.937500, -16.740000, -6.340000, 8.190000, -5.294445, -0.576667, 9.363334, -5.680000, -7.890000, 1.190000, 250.812500, -45.187500, 10.937500
4791, -25.660000, -10.740000, 33.090000, -2.680000, 10.460000, 3.460000, -7.980000, -1.130000, 5.570000, 246.750000, -54.500000, 11.437500, -8.180000, -28.309999, 7.760000, -2.553333, -1.325556, 8.213333, -6.890000, -6.920000, 0.860000, 246.750000, -54.500000, 11.437500
4811, -21.730000, -9.680000, 33.580002, -1.005556, 0.407778, 2.281111, -8.030000, -1.010000, 5.530000, 244.000000, -53.187500, 8.625000, -6.090000, -32.689999, -1.610000, -1.405556, -2.261111, 2.904444, -7.420000, -6.330000, 0.940000, 244.000000, -53.187500, 8.625000
4829, -20.410000, -12.050000, 32.860001, -0.210000, -6.348889, 1.300000, -6.960000, -0.750000, 6.860000, 242.500000, -45.187500, 6.250000, -6.640000, -22.150000, -2.180000, 0.276667, -2.157778, -3.867778, -7.090000, -6.650000, 1.240000, 242.500000, -45.187500, 6.250000
4850, -19.620001, -15.070000, 18.549999, 0.938889, -10.784445, 0.075556, -5.280000, -0.590000, 8.230000, 242.812500, -32.562500, 4.062500, -8.632500, -11.730000, -1.330000, 1.233333, -1.701111, -7.216667, -6.160000, -7.450000, 1.600000, 242.812500, -32.562500, 4.062500
4870, -17.129999, -7.990000, -1.950000, 2.550000, -13.835556, -1.167778, -4.150000, -0.430000, 8.682500, 244.500000, -17.125000, 1.250000, -9.860000, -5.430000, -2.690000, 1.986667, -1.751111, -8.893333, -4.820000, -8.280000, 2.050000, 244.500000, -17.125000, 1.250000
4891, -12.210000, -6.030000, -13.850000, 3.487778, -14.127778, -1.436667, -0.410000, 0.380000, 9.780000, 246.500000, -2.437500, -2.250000, -8.260000, 3.550000, -5.330000, 3.102222, -1.654444, -9.211111, -3.240000, -8.672500, 2.650000, 246.500000, -2.437500, -2.250000
4909, -3.580000, -2.240000, -21.350000, 3.335556, -11.491111, -1.561111, 0.630000, 0.700000, 9.760000, 248.500000, 8.875000, -5.812500, -6.140000, 7.960000, -5.830000, 3.983333, -1.085556, -8.303333, -1.700000, -9.050000, 3.350000, 248.500000, 8.875000, -5.812500
4930, 0.120000, -4.680000, -21.490000, 2.420000, -7.541111, -1.384444, 2.690000, 1.450000, 9.310000, 250.187500, 15.875000, -8.625000, -1.220000, 15.120000, -9.360000, 4.665555, -0.983333, -6.235556, -0.470000, -8.682500, 4.140000, 250.187500, 15.875000, -8.625000
4950, 5.300000, -1.610000, -32.349998, 2.174444, -4.668889, -1.614444, 3.320000, 1.920000, 9.020000, 252.125000, 19.750000, -12.000000, 5.640000, 31.170000, -13.390000, 5.015555, -0.510000, -3.378889, 0.280000, -8.450000, 4.960000, 252.125000, 19.750000, -12.000000
4971, 4.400000, 5.100000, -33.910000, 1.494444, -1.133333, -2.108889, 3.370000, 2.110000, 8.950000, 254.062500, 19.125000, -13.937500, 5.270000, 29.510000, -13.550000, 2.857778, 2.227778, 1.500000, 0.100000, -8.080000, 5.550000, 254.062500, 19.125000, -13.937500
4989, -2.800000, 4.120000, -23.709999, -0.225556, 3.821111, -1.660000, 2.360000, 2.250000, 9.240000, 255.312500, 13.937500, -13.687500, -1.470000, 14.710000, -7.880000, -0.236667, 5.176667, 3.300000, -0.840000, -8.030000, 5.560000, 255.312500, 13.937500, -13.687500
5010, -1.960000, 6.590000, -33.099998, -1.198889, 6.917778, -1.084444, 1.730000, 2.160000, 9.400000, 255.375000, 5.062500, -11.437500, -2.190000, 12.670000, -4.330000, -2.278889, 5.604445, 3.936667, -2.000000, -8.100000, 5.130000, 255.375000, 5.062500, -11.437500
5030, -9.200000, -14.440000, -20.230000, -3.353333, 11.511111, -1.003333, -1.400000, 1.340000, 9.610000, 255.812500, -8.187500, -7.937500, -2.660000, 5.870000, -6.500000, -2.863333, 4.775556, 5.234445, -3.200000, -8.120000, 4.450000, 255.812500, -8.187500, -7.937500
5051, -10.970000, -15.370000, -11.790000, -2.278889, 13.604445, -2.316667, -3.890000, 0.890000, 8.950000, 257.375000, -23.312500, -5.687500, -3.140000, -1.420000, -5.190000, -1.806667, 4.338889, 7.224444, -4.580000, -7.790000, 3.790000, 257.375000, -23.312500, -5.687500
5071, -13.610000, -18.520000, -2.710000, -0.181111, 13.476666, -3.278889, -5.020000, 0.730000, 8.380000, 260.875000, -37.937500, -4.437500, -3.420000, -6.740000, -8.130000, 0.114444, 3.101111, 7.996666, -5.930000, -7.020000, 3.410000, 260.875000, -37.937500, -4.437500
5090, -18.280001, -14.300000, 0.870000, 1.555556, 12.462222, -4.714445, -7.700000, 0.150000, 6.060000, 266.812500, -51.687500, -1.437500, -7.530000, -20.260000, -3.510000, 0.223333, 2.667778, 7.164444, -7.040000, -6.070000, 3.110000, 266.812500, -51.687500, -1.437500
5110, -29.809999, -6.770000, 27.830000, 1.746667, 11.947778, -5.438889, -8.330000, -0.160000, 5.150000, 273.937500, -63.562500, 6.562500, -10.170000, -22.240000, 0.180000, -0.520000, 1.913333, 3.692222, -7.670000, -5.430000, 2.770000, 273.937500, -63.562500, 6.562500
5131, -30.260000, 8.960000, 35.169998, 3.063150, 5.414444, -4.674443, -8.662500, -0.880000, 4.100000, 280.562500, -64.562500, 12.187500, -18.379999, -29.969999, 18.200001, -0.960000, 1.970000, -0.515556, -7.820000, -5.400000, 2.410000, 280.562500, -64.562500, 12.187500
5151, -30.780001, 1.720000, 30.639999, 4.222222, -8.803333, -1.287778, -7.840000, -0.570000, 5.850000, 283.687500, -53.062500, 5.500000, -21.680000, -23.610001, 19.490000, 0.716667, 1.104445, -5.348889, -7.430000, -5.990000, 2.163125, 283.687500, -53.062500, 5.500000
5169, -27.150000, -1.900000, 7.090000, 5.732222, -13.471111, 0.405556, -7.030000, -0.190000, 6.830000, 285.687500, -38.312500, -1.937500, -22.350000, -14.220000, 16.389999, 3.858889, -1.312222, -8.768888, -6.400000, -6.910000, 2.680000, 285.687500, -38.312500, -1.937500
5190, -19.719999, 15.560000, -8.730000, 5.631111, -13.943334, 1.143333, -3.880000, 1.180000, 8.920000, 286.062500, -23.312500, -7.500000, -12.950000, 17.120001, 3.530000, 3.812222, -2.542222, -8.355556, -5.060000, -7.620000, 3.510000, 286.062500, -23.312500, -7.500000
5210, -10.240000, 12.260000, -15.440000, 2.368889, -11.956667, 2.792222, -2.820000, 1.470000, 9.270000, 283.937500, -11.062500, -9.812500, -8.010000, 14.880000, 4.850000, 1.321111, -2.078889, -5.351111, -3.970000, -8.020000, 4.000000, 283.937500, -11.062500, -9.812500
5231, -7.310000, 14.370000, -13.470000, 0.677778, -8.197778, 3.428889, -0.410000, 1.800000, 9.620000, 280.812500, -2.375000, -10.625000, -10.040000, 4.980000, 12.040000, -0.111111, -1.772222, -4.162222, -3.180000, -8.300000, 4.130000, 280.812500, -2.375000, -10.625000
5249, -6.740000, 10.710000, -6.050000, -0.088889, -5.413333, 4.151111, 0.660000, 1.790000, 9.610000, 276.625000, 3.875000, -10.500000, -7.510000, 9.930000, 8.480000, -0.004444, -3.077778, -4.093333, -2.300000, -8.520000, 4.260000, 276.625000, 3.875000, -10.500000
5270, -4.660000, 8.300000, -8.890000, 0.111111, -4.374444, 4.951111, 1.570000, 1.640000, 9.530000, 271.437500, 9.187500, -9.750000, -5.620000, 9.790000, 5.310000, -0.122222, -4.124444, -3.252222, -1.400000, -8.650000, 4.380000, 271.437500, 9.187500, -9.750000
5290, -0.860000, -10.050000, -10.050000, -1.046667, -3.222222, 4.920000, 2.240000, 1.320000, 9.450000, 267.000000, 13.250000, -7.937500, 1.630000, 4.480000, -8.180000, -0.076667, -4.041111, -2.688889, -0.600000, -8.710000, 4.450000, 267.000000, 13.250000, -7.937500
5311, -0.170000, -3.590000, -7.650000, -0.405556, -2.484444, 3.173333, 2.740000, 1.100000, 9.340000, 263.875000, 16.250000, -6.687500, 2.060000, 4.750000, -9.170000, -0.162222, -3.272222, -2.427778, 0.100000, -8.740000, 4.440000, 263.875000, 16.250000, -6.687500
5331, 3.300000, -8.320000, -12.770000, -0.587778, -2.162222, 2.746667, 3.140000, 0.840000, 9.240000, 261.312500, 18.687500, -5.187500, 5.160000, 8.160000, -10.430000, -0.375556, -2.236667, -1.444444, 0.610000, -8.750000, 4.370000, 261.312500, 18.687500, -5.187500
5350, 4.020000, -11.260000, -12.430000, -0.791111, -1.252222, 1.824444, 3.330000, 0.620000, 9.190000, 259.812500, 19.875000, -3.875000, 4.110000, 2.720000, -9.450000, -0.582222, -1.086667, 0.078889, 0.770000, -8.790000, 4.260000, 259.812500, 19.875000, -3.875000
5370, 2.680000, -10.080000, -9.040000, -0.303333, -0.060000, 0.671111, 3.310000, 0.580000, 9.210000, 259.375000, 19.687500, -3.562500, 3.240000, 1.990000, -8.440000, -0.084444, -0.207778, 0.878889, 0.680000, -8.632500, 4.210000, 259.375000, 19.687500, -3.562500
5391, 0.500000, -7.220000, -4.190000, 0.404444, 0.675556, -0.100000, 3.190000, 0.680000, 9.240000, 259.437500, 18.937500, -4.250000, 0.610000, -0.160000, -4.390000, 0.422222, 0.156667, 1.076667, 0.490000, -8.810000, 4.260000, 259.437500, 18.937500, -4.250000
5411, -0.230000, -2.180000, -3.060000, 0.791111, 0.536667, -0.340000, 3.090000, 0.830000, 9.260000, 259.687500, 18.375000, -5.125000, 0.600000, 0.340000, -4.220000, 0.493333, 0.090000, 0.603333, 0.360000, -8.770000, 4.350000, 259.687500, 18.375000, -5.125000
5430, -0.080000, -0.250000, -1.780000, 0.327778, 0.616667, -0.228889, 2.980000, 0.870000, 9.300000, 259.812500, 17.687500, -5.375000, 0.750000, 1.480000, -3.080000, 0.088889, 0.208889, 0.284444, 0.290000, -8.760000, 4.390000, 259.812500, 17.687500, -5.375000
5450, 0.430000, -1.530000, -1.790000, -0.111111, 0.486667, -0.135556, 2.890000, 0.860000, 9.320000, 260.000000, 17.125000, -5.250000, -1.080000, 0.600000, -0.300000, -0.111111, 0.437778, 0.277778, 0.210000, -8.770000, 4.370000, 260.000000, 17.125000, -5.250000
5471, 0.450000, -0.990000, -0.850000, -0.157778, 0.506667, -0.201111, 2.800000, 0.850000, 9.350000, 260.187500, 16.562500, -5.187500, -1.290000, 0.550000, 0.250000, -0.098889, 0.510000, 0.354444, 0.110000, -8.770000, 4.360000, 260.187500, 16.562500, -5.187500
5491, 0.250000, 0.180000, -0.120000, 0.025556, 0.540504, -0.216667, 2.690000, 0.870000, 9.380000, 260.375000, 15.937500, -5.312500, -2.060000, -0.350000, 1.350000, 0.150000, 0.387778, 0.626667, -0.020000, -8.770000, 4.380000, 260.375000, 15.937500, -5.312500
5509, -0.610000, 0.500000, 2.400000, 0.238889, 0.564444, -0.171111, 2.600000, 0.930000, 9.400000, 260.500000, 15.375000, -5.625000, -1.840000, -0.790000, 1.390000, 0.216667, 0.160000, 0.543333, -0.130000, -8.750000, 4.420000, 260.500000, 15.375000, -5.625000
5530, -0.110000, 2.120000, 1.480000, 0.252222, 0.263333, -0.181111, 2.560000, 0.970000, 9.410000, 260.625000, 15.125000, -5.875000, -1.320000, -1.170000, 0.430000, 0.128889, 0.036667, 0.192222, -0.180000, -8.730000, 4.440000, 260.625000, 15.125000, -5.875000
5550, 0.720000, 0.070000, 0.480000, -0.067778, 0.183333, -0.020000, 2.520000, 0.950000, 9.420000, 260.687500, 14.937500, -5.750000, -0.990000, -0.220000, -0.080000, -0.047778, 0.070000, 0.015556, -0.190000, -8.730000, 4.440000, 260.687500, 14.937500, -5.750000
5571, 1.180000, -0.970000, 0.490000, -0.192222, 0.224444, -0.030000, 2.480000, 0.930000, 9.440000, 260.687500, 14.625000, -5.625000, -0.850000, -1.270000, 0.570000, -0.071111, 0.098889, 0.062222, -0.210000, -8.740000, 4.430000, 260.687500, 14.625000, -5.625000
5589, 1.550000, -0.930000, -0.340000, 0.110000, 0.306667, -0.144444, 2.420000, 0.970000, 9.450000, 260.875000, 14.250000, -5.812500, -0.510000, -0.680000, 0.310000, 0.195556, -0.025556, 0.141111, -0.230000, -8.720000, 4.460000, 260.875000, 14.250000, -5.812500
5610, 1.550000, 0.040000, -0.610000, 0.294444, 0.403333, -0.244444, 2.340000, 1.030000, 9.460000, 261.062500, 13.812500, -6.187500, 0.170000, 0.110000, -0.610000, 0.203333, -0.026667, 0.302222, -0.270000, -8.710000, 4.490000, 261.062500, 13.812500, -6.187500
5630, 0.920000, 0.360000, 0.290000, 0.235556, 0.278889, -0.150000, 2.300000, 1.070000, 9.470000, 261.125000, 13.562500, -6.437500, -0.250000, -0.330000, -0.130000, 0.104444, 0.056667, 0.303333, -0.330000, -8.690000, 4.510000, 261.125000, 13.562500, -6.437500
5651, 0.640000, 0.720000, 0.440000, 0.073333, 0.083333, -0.061111, 2.290000, 1.070000, 9.470000, 261.187500, 13.500000, -6.437500, -0.240000, -0.040000, -0.350000, -0.023333, 0.035556, 0.147778, -0.360000, -8.690000, 4.520000, 261.187500, 13.500000, -6.437500
5671, 0.720000, -0.360000, 0.060000, -0.152222, -0.036667, -0.001111, 2.300000, 1.040000, 9.470000, 261.250000, 13.562500, -6.312500, -0.490000, -0.420000, -0.190000, -0.080000, 0.066667, 0.070000, -0.370000, -8.700000, 4.500000, 261.250000, 13.562500, -6.312500
5690, 0.830000, 0.270000, -0.360000, -0.202222, -0.033712, -0.061111, 2.300000, 1.010000, 9.470000, 261.312500, 13.562500, -6.062500, -0.770000, 0.290000, 0.430000, -0.082222, 0.113333, -0.065556, -0.370000, -8.700000, 4.490000, 261.312500, 13.562500, -6.062500
5710, 1.040000, -0.380000, -0.590000, -0.167778, 0.004444, -0.011111, 2.300000, 0.990000, 9.470000, 261.375000, 13.562500, -5.937500, -0.340000, 0.100000, -0.230000, -0.026667, 0.037778, -0.013333, -0.370000, -8.710000, 4.480000, 261.375000, 13.562500, -5.937500
5731, 0.840000, 0.370000, -0.240000, -0.027778, 0.046667, -0.031111, 2.290000, 0.980000, 9.480000, 261.375000, 13.500000, -5.937500, -0.610000, 0.050000, 0.280000, 0.033333, 0.046667, 0.037778, -0.410000, -8.700000, 4.490000, 261.375000, 13.500000, -5.937500
5751, 0.750000, 0.240000, -0.210000, -0.028889, 0.002222, 0.025556, 2.290000, 0.980000, 9.480000, 261.375000, 13.500000, -5.875000, -0.360000, 0.150000, -0.060000, -0.017778, 0.013333, -0.003333, -0.460000, -8.690000, 4.500000, 261.375000, 13.500000, -5.875000
5770, 0.780000, 0.220000, 0.010000, -0.058889, -0.055556, 0.023333, 2.300000, 0.960000, 9.480000, 261.312500, 13.562500, -5.812500, -0.310000, 0.150000, 0.270000, -0.033712, -0.005556, -0.033712, -0.490000, -8.680000, 4.520000, 261.312500, 13.562500, -5.812500
5790, 1.000000, -0.300000, -0.560000, -0.021111, -0.115556, 0.025556, 2.330000, 0.960000, 9.470000, 261.312500, 13.750000, -5.812500, -0.120000, 0.240000, -0.040000, 0.015556, -0.064444, -0.057778, -0.480000, -8.680000, 4.520000, 261.312500, 13.750000, -5.812500
5810, 1.240000, 0.260000, -1.370000, 0.036667, -0.131111, -0.022222, 2.340000, 0.970000, 9.470000, 261.375000, 13.875000, -5.875000, 0.190000, 0.810000, -0.580000, 0.038889, -0.057778, -0.045556, -0.470000, -8.680000, 4.530000, 261.375000, 13.875000, -5.875000
5831, 1.090000, 0.100000, -0.910000, -0.018889, -0.051111, -0.025556, 2.360000, 0.970000, 9.460000, 261.375000, 13.875000, -5.812500, 0.250000, 0.740000, -0.510000, -0.041111, 0.048889, 0.028889, -0.480000, -8.680000, 4.520000, 261.375000, 13.875000, -5.812500
5849, 1.010000, 0.390000, -1.050000, -0.061111, -0.024444, -0.036667, 2.360000, 0.960000, 9.460000, 261.437500, 13.875000, -5.750000, -0.420000, 0.660000, 0.360000, -0.048889, 0.077778, 0.097778, -0.500000, -8.680000, 4.510000, 261.437500, 13.875000, -5.750000
5870, 0.900000, 0.700000, -0.970000, -0.042222, 0.105556, 0.026667, 2.330000, 0.950000, 9.470000, 261.375000, 13.750000, -5.687500, -0.540000, 0.230000, 0.160000, -0.033712, 0.016667, 0.135556, -0.510000, -8.680000, 4.510000, 261.375000, 13.750000, -5.687500
5890, 0.680000, -0.090000, -0.200000, -0.033712, 0.164444, 0.078889, 2.310000, 0.940000, 9.480000, 261.312500, 13.562500, -5.625000, -0.410000, -0.200000, 0.020000, -0.008889, -0.028889, 0.128889, -0.540000, -8.680000, 4.510000, 261.312500, 13.562500, -5.625000
5911, 0.510000, 0.290000, 0.420000, -0.007778, 0.096667, 0.064444, 2.300000, 0.940000, 9.480000, 261.187500, 13.562500, -5.625000, -0.410000, 0.040000, -0.190000, -0.003333, -0.058889, 0.075556, -0.540000, -8.680000, 4.510000, 261.187500, 13.562500, -5.625000
5929, 0.870000, -0.440000, -0.280000, -0.054444, -0.036667, 0.107778, 2.300000, 0.920000, 9.480000, 261.125000, 13.562500, -5.500000, -0.320000, -0.070000, -0.280000, -0.055556, -0.061111, 0.018889, -0.540000, -8.690000, 4.500000, 261.125000, 13.562500, -5.500000
5950, 0.810000, -0.590000, 0.160000, -0.058889, -0.030000, 0.046667, 2.310000, 0.910000, 9.480000, 261.062500, 13.625000, -5.437500, -0.450000, -0.280000, -0.300000, -0.020000, -0.008889, 0.005556, -0.540000, -8.690000, 4.500000, 261.062500, 13.625000, -5.437500
5970, 0.870000, -0.460000, -0.030000, 0.037778, -0.040000, 0.003333, 2.320000, 0.920000, 9.480000, 261.062500, 13.687500, -5.500000, -0.430000, -0.220000, -0.150000, 0.017778, -0.012222, 0.018889, -0.550000, -8.690000, 4.490000, 261.062500, 13.687500, -5.500000
5991, 0.770000, -0.300000, -0.030000, 0.081111, -0.033333, -0.010000, 2.330000, 0.930000, 9.470000, 261.062500, 13.750000, -5.625000, -0.170000, -0.100000, -0.370000, 0.057778, -0.026667, -0.006667, -0.570000, -8.690000, 4.490000, 261.062500, 13.750000, -5.625000
6011, 0.870000, -0.050000, -0.250000, 0.037778, -0.071111, -0.014444, 2.340000, 0.940000, 9.470000, 261.062500, 13.812500, -5.625000, -0.020000, -0.100000, -0.580000, 0.035556, -0.011111, -0.026667, -0.560000, -8.690000, 4.500000, 261.062500, 13.812500, -5.625000
6030, 0.920000, -0.020000, -0.400000, -0.063333, -0.044444, 0.006667, 2.350000, 0.920000, 9.470000, 261.062500, 13.812500, -5.562500, -0.370000, 0.270000, 0.130000, 0.010000, 0.065556, -0.065556, -0.560000, -8.690000, 4.500000, 261.062500, 13.812500, -5.562500
6050, 0.970000, -0.470000, -0.360000, -0.067778, 0.030000, 0.012222, 2.340000, 0.910000, 9.470000, 261.125000, 13.812500, -5.500000, -0.360000, -0.030000, -0.050000, 0.048889, 0.042222, 0.000000, -0.560000, -8.690000, 4.500000, 261.125000, 13.812500, -5.500000
6071, 0.940000, 0.120000, -0.410000, 0.002222, 0.018889, -0.024444, 2.330000, 0.910000, 9.470000, 261.125000, 13.750000, -5.500000, -0.440000, -0.050000, 0.240000, 0.071111, 0.040000, 0.017778, -0.560000, -8.680000, 4.510000, 261.125000, 13.750000, -5.500000
6091, 0.880000, 0.190000, -0.480000, 0.022222, 0.040000, -0.001111, 2.330000, 0.920000, 9.480000, 261.125000, 13.687500, -5.500000, -0.140000, 0.200000, -0.110000, 0.090000, 0.002222, 0.000000, -0.570000, -8.670000, 4.530000, 261.125000, 13.687500, -5.500000
6109, 0.740000, 0.560000, -0.090000, 0.015556, -0.006667, -0.025556, 2.330000, 0.920000, 9.470000, 261.125000, 13.750000, -5.562500, -0.240000, 0.400000, 0.050000, 0.060000, 0.018889, -0.035556, -0.570000, -8.670000, 4.540000, 261.125000, 13.750000, -5.562500
6130, 1.020000, 0.290000, -0.880000, -0.036667, -0.075556, 0.007778, 2.340000, 0.910000, 9.470000, 261.125000, 13.812500, -5.500000, -0.340000, 0.410000, 0.200000, -0.024444, 0.020000, -0.062222, -0.560000, -8.670000, 4.530000, 261.125000, 13.812500, -5.500000
6150, 1.090000, -0.160000, -0.620000, -0.053333, 0.005556, 0.027778, 2.340000, 0.900000, 9.470000, 261.125000, 13.812500, -5.437500, -0.220000, 0.190000, -0.040000, -0.003333, -0.016667, 0.024444, -0.570000, -8.670000, 4.540000, 261.125000, 13.812500, -5.437500
6171, 1.060000, -0.020000, -0.570000, 0.020000, 0.061111, 0.018889, 2.330000, 0.900000, 9.480000, 261.062500, 13.750000, -5.437500, -0.010000, 0.210000, -0.270000, 0.018889, -0.024444, 0.050000, -0.570000, -8.670000, 4.540000, 261.062500, 13.750000, -5.437500
6189, 0.830000, -0.410000, 0.000000, -0.003333, 0.048889, 0.046667, 2.320000, 0.900000, 9.480000, 261.062500, 13.687500, -5.437500, -0.130000, -0.110000, -0.070000, 0.013333, 0.003333, 0.078889, -0.590000, -8.660000, 4.540000, 261.062500, 13.687500, -5.437500
6210, 0.780000, 0.070000, 0.010000, -0.017778, -0.013333, 0.000000, 2.330000, 0.900000, 9.480000, 261.062500, 13.750000, -5.437500, -0.390000, -0.180000, -0.030000, 0.010000, 0.018889, 0.011111, -0.590000, -8.660000, 4.540000, 261.062500, 13.750000, -5.437500
6230, 0.890000, -0.120000, -0.310000, -0.026667, 0.050000, -0.006667, 2.320000, 0.890000, 9.480000, 261.062500, 13.687500, -5.375000, -0.380000, 0.020000, -0.070000, 0.001111, 0.016667, -0.051111, -0.590000, -8.660000, 4.540000, 261.062500, 13.687500, -5.375000
6251, 0.700000, -0.110000, 0.170000, 0.057778, 0.000000, 0.002222, 2.460000, 0.890000, 9.450000, 261.000000, 14.500000, -5.375000, -0.590000, -0.010000, 0.240000, 0.025556, 0.018889, -0.028889, -0.580000, -8.660000, 4.550000, 261.000000, 14.500000, -5.375000
6269, 0.730000, 0.420000, -0.480000, 0.093333, 0.024444, -0.004444, 2.450000, 0.900000, 9.450000, 261.000000, 14.437500, -5.437500, -0.370000, 0.390000, 0.040000, 0.056667, -0.036667, -0.001111, -0.580000, -8.660000, 4.550000, 261.000000, 14.437500, -5.437500
6290, 0.700000, 0.140000, -0.750000, 0.048889, 0.110000, -0.013333, 2.430000, 0.920000, 9.450000, 260.937500, 14.375000, -5.500000, -0.260000, 0.330000, -0.020000, 0.041111, -0.055556, 0.051111, -0.580000, -8.650000, 4.560000, 260.937500, 14.375000, -5.500000
6310, 0.550000, 0.240000, 0.150000, 0.033333, 0.055556, 0.020000, 2.430000, 0.920000, 9.450000, 260.937500, 14.312500, -5.562500, -0.220000, -0.090000, 0.100000, 0.025556, -0.022222, 0.046667, -0.590000, -8.650000, 4.570000, 260.937500, 14.312500, -5.562500
6331, 0.800000, -0.040000, -0.410000, 0.050000, -0.017778, 0.038889, 2.430000, 0.930000, 9.450000, 260.875000, 14.375000, -5.625000, 0.000000, 0.390000, -0.110000, 0.040000, -0.061111, -0.025556, -0.580000, -8.650000, 4.570000, 260.875000, 14.375000, -5.625000
6351, 1.030000, 0.060000, -0.950000, 0.006667, 0.014444, 0.065556, 2.430000, 0.930000, 9.450000, 260.812500, 14.375000, -5.625000, -0.060000, 0.330000, -0.300000, 0.031111, -0.037778, -0.002222, -0.580000, -8.640000, 4.580000, 260.812500, 14.375000, -5.625000
6370, 0.890000, -0.270000, -0.370000, -0.006667, 0.075556, 0.052222, 2.420000, 0.930000, 9.450000, 260.750000, 14.250000, -5.625000, -0.080000, 0.130000, -0.180000, 0.013333, -0.035556, 0.028889, -0.580000, -8.640000, 4.580000, 260.750000, 14.250000, -5.625000
6390, 0.810000, -0.070000, -0.190000, -0.008889, 0.052222, 0.026667, 2.410000, 0.930000, 9.450000, 260.687500, 14.187500, -5.562500, -0.050000, 0.030000, -0.070000, 0.012222, 0.003333, 0.067778, -0.590000, -8.640000, 4.580000, 260.687500, 14.187500, -5.562500
