0, 0.310000, 0.290000, -0.360000, 0.038889, 0.014444, -0.060000, 3.210000, -1.990000, 9.040000, 229.937500, 19.125000, 12.375000, 0.130000, 0.310000, -0.170000, 0.054444, 0.051111, -0.023333, -0.380000, -9.080000, 3.680000, 229.937500, 19.125000, 12.375000
16, 0.300000, 0.130000, -0.450000, 0.030000, 0.044444, -0.045556, 3.200000, -1.980000, 9.050000, 230.000000, 19.062500, 12.375000, 0.000000, 0.220000, 0.130000, 0.013333, 0.071111, 0.020000, -0.380000, -9.080000, 3.680000, 230.000000, 19.062500, 12.375000
35, 0.090000, -0.040000, -0.020000, -0.002222, 0.091111, -0.036667, 3.190000, -1.980000, 9.050000, 230.000000, 18.937500, 12.375000, -0.140000, -0.260000, 0.250000, -0.012222, 0.081111, 0.074444, -0.400000, -9.080000, 3.680000, 230.000000, 18.937500, 12.375000
53, -0.010000, 0.000000, 0.360000, 0.013333, 0.107778, -0.050000, 3.180000, -1.980000, 9.060000, 230.062500, 18.937500, 12.312500, -0.230000, -0.290000, 0.260000, 0.001111, 0.074444, 0.074444, -0.420000, -9.070000, 3.680000, 230.062500, 18.875000, 12.312500
67, -0.060000, 0.100000, 0.520000, 0.023333, 0.078889, -0.060000, 3.170000, -1.970000, 9.060000, 230.125000, 18.812500, 12.250000, -0.260000, -0.240000, 0.360000, 0.002222, 0.061111, 0.070000, -0.430000, -9.070000, 3.680000, 230.125000, 18.812500, 12.250000
86, 0.070000, 0.650000, 0.310000, 0.017778, 0.077778, -0.056667, 3.150000, -1.970000, 9.070000, 230.187500, 18.750000, 12.250000, -0.420000, -0.140000, 0.850000, -0.011111, 0.058889, 0.061111, -0.440000, -9.070000, 3.670000, 230.187500, 18.750000, 12.250000
104, -0.030000, 0.740000, 0.630000, 0.017778, 0.088889, 0.003333, 3.140000, -1.960000, 9.070000, 230.187500, 18.687500, 12.187500, -0.500000, -0.310000, 0.910000, -0.027778, -0.008889, 0.057778, -0.450000, -9.080000, 3.670000, 230.187500, 18.687500, 12.187500
125, -0.090000, 0.660000, 0.590000, 0.030000, 0.071111, 0.082222, 3.120000, -1.960000, 9.080000, 230.062500, 18.562500, 12.187500, -0.450000, -0.010000, 0.830000, -0.021111, -0.090000, 0.030000, -0.460000, -9.080000, 3.670000, 230.062500, 18.562500, 12.187500
145, -0.020000, 0.870000, 0.480000, 0.018889, 0.040000, 0.108889, 3.120000, -1.970000, 9.080000, 230.000000, 18.562500, 12.187500, -0.500000, 0.170000, 0.910000, -0.057778, -0.114444, 0.015556, -0.450000, -9.080000, 3.660000, 229.937500, 18.500000, 12.250000
166, -0.020000, 1.250000, 0.480000, -0.045556, 0.015556, 0.164444, 3.100000, -1.990000, 9.080000, 229.750000, 18.437500, 12.375000, -0.560000, 0.150000, 1.050000, -0.152222, -0.156667, 0.004444, -0.440000, -9.090000, 3.640000, 229.750000, 18.437500, 12.375000
186, 0.000000, 1.430000, 0.340000, -0.118889, 0.003333, 0.264444, 3.090000, -2.030000, 9.070000, 229.437500, 18.375000, 12.625000, -0.530000, 0.580000, 0.960000, -0.237778, -0.234444, -0.002222, -0.430000, -9.100000, 3.600000, 229.437500, 18.375000, 12.625000
205, -0.160000, 1.530000, 0.390000, -0.155556, -0.067778, 0.384444, 3.090000, -2.060000, 9.070000, 229.250000, 18.375000, 12.750000, -0.430000, 0.270000, 0.890000, -0.335556, -0.316667, 0.060000, -0.410000, -9.120000, 3.550000, 229.062500, 18.312500, 12.687500
225, -0.140000, 0.330000, 0.300000, -0.216667, -0.121111, 0.495556, 3.090000, -2.120000, 9.060000, 228.562500, 18.375000, 13.125000, -0.020000, -0.050000, 0.270000, -0.430000, -0.403333, 0.036667, -0.400000, -9.150000, 3.480000, 228.562500, 18.375000, 13.125000
246, -0.300000, 0.330000, 0.470000, -0.294444, -0.134848, 0.397778, 3.090000, -2.150000, 9.050000, 228.375000, 18.375000, 13.375000, -0.440000, 0.250000, 0.400000, -0.446667, -0.326667, -0.033712, -0.370000, -9.180000, 3.410000, 228.187500, 18.437500, 13.625000
266, -0.500000, 0.810000, 0.820000, -0.391111, -0.200000, 0.326667, 3.130000, -2.280000, 9.000000, 227.875000, 18.562500, 14.250000, -0.510000, -0.200000, 0.540000, -0.542222, -0.266667, -0.143333, -0.330000, -9.210000, 3.320000, 227.875000, 18.562500, 14.250000
285, -0.840000, 0.900000, 1.170000, -0.541111, -0.347778, 0.378889, 3.180000, -2.400000, 8.950000, 227.500000, 18.875000, 15.000000, -0.460000, -0.100000, 0.340000, -0.661111, -0.326667, -0.301111, -0.270000, -9.250000, 3.210000, 227.500000, 18.875000, 15.000000
305, -0.420000, 0.040000, -0.750000, -0.585556, -0.617778, 0.534444, 3.220000, -2.470000, 8.920000, 227.187500, 19.125000, 15.500000, -0.220000, -1.130000, -0.550000, -0.757778, -0.482222, -0.455556, -0.170000, -9.300000, 3.080000, 226.812500, 19.375000, 15.937500
326, -0.040000, -4.940000, -2.220000, -0.483333, -0.557778, 0.894444, 3.300000, -2.660000, 8.652500, 225.812500, 19.625000, 16.750000, 3.330000, -3.950000, -4.670000, -0.588889, -0.832222, -0.767778, -0.010000, -9.340000, 2.970000, 225.812500, 19.625000, 16.750000
346, 4.160000, -16.610001, -9.060000, -0.015556, -0.304444, 0.780000, 3.300000, -2.690000, 8.642500, 225.375000, 19.687500, 16.937500, 8.340000, 0.760000, -11.640000, 0.480000, -0.846667, -1.194444, 0.230000, -9.330000, 2.990000, 225.187500, 19.625000, 16.750000
364, 6.020000, -17.100000, -12.950000, 1.124444, 0.284444, -0.705556, 3.260000, -2.350000, 8.940000, 226.250000, 19.437500, 14.750000, 8.640000, 5.270000, -13.490000, 2.063150, 0.215556, -0.520000, 0.380000, -9.220000, 3.290000, 226.250000, 19.437500, 14.750000
385, 1.850000, -7.410000, -11.040000, 1.938889, 1.516667, -2.328889, 3.060000, -1.860000, 9.120000, 229.000000, 18.187500, 11.500000, 2.900000, 5.250000, -10.050000, 2.056667, 1.794444, 1.285556, 0.140000, -9.080000, 3.670000, 229.000000, 18.187500, 11.500000
405, -1.170000, 2.220000, -12.220000, 1.467778, 2.662222, -3.316667, 2.880000, -1.640000, 9.220000, 230.812500, 17.062500, 10.062500, -5.070000, 6.930000, -4.440000, 1.030000, 3.193333, 2.142222, -0.410000, -8.980000, 3.900000, 232.812500, 15.375000, 9.000000
426, -14.550000, 15.810000, 15.550000, 0.025556, 4.572222, -3.267778, 1.970000, -1.390000, 9.500000, 236.375000, 11.625000, 8.312500, -13.750000, 4.790000, 9.210000, -0.462222, 4.040000, 2.298889, -1.080000, -8.960000, 3.830000, 236.375000, 11.625000, 8.312500
444, -12.540000, 22.110001, 14.740000, -0.512222, 2.142222, -1.387778, 1.800000, -1.410000, 9.530000, 237.250000, 10.562500, 8.437500, -17.290001, -3.870000, 21.000000, -2.423333, 4.028889, 1.795556, -1.720000, -9.040000, 3.380000, 237.375000, 9.750000, 8.625000
465, -6.380000, 15.600000, 6.090000, -1.126667, 0.963333, 0.896667, 1.490000, -1.730000, 9.530000, 236.187500, 8.750000, 10.312500, -10.370000, 8.220000, 17.930000, -1.630000, 0.647778, -0.322222, -1.850000, -9.160000, 2.960000, 236.187500, 8.750000, 10.312500
485, -1.980000, 11.270000, -2.050000, -0.918889, 0.537778, 2.250000, 1.280000, -1.930000, 9.520000, 233.562500, 7.500000, 11.500000, -4.640000, 7.270000, 4.770000, -0.440000, -2.785556, 0.345556, -1.720000, -9.190000, 2.930000, 233.562500, 7.500000, 11.500000
506, 0.680000, 8.890000, -7.090000, -0.251111, 1.325556, 3.437778, 1.090000, -2.000000, 9.530000, 231.750000, 6.437500, 11.812500, 0.860000, 8.510000, -3.110000, -0.450000, -2.565556, 1.314444, -1.770000, -9.180000, 2.950000, 229.687500, 5.062500, 12.000000
526, 0.570000, 6.930000, -7.190000, 0.032222, 1.895555, 4.643333, 0.300000, -2.110000, 9.570000, 224.500000, 1.750000, 12.437500, 0.390000, 7.980000, -3.680000, -1.594444, -2.415555, 2.548889, -2.020000, -9.160000, 2.830000, 224.500000, 1.750000, 12.437500
545, 1.680000, -13.990000, -9.050000, -0.923333, 2.758889, 5.457778, -0.060000, -2.200000, 9.550000, 221.750000, -0.312500, 12.937500, 4.390000, -6.450000, -10.630000, -3.096667, -2.935555, 4.794445, -2.600000, -9.120000, 2.460000, 219.312500, -2.812500, 13.687500
565, -2.180000, -31.910000, 2.950000, -1.126667, 3.984444, 3.208889, -1.230000, -2.400000, 9.420000, 217.312500, -7.187500, 14.250000, 5.320000, -23.080000, -13.700000, -2.083333, -1.460000, 5.212222, -3.440000, -8.930000, 2.140000, 217.312500, -7.187500, 14.250000
586, -7.680000, -23.250000, 19.850000, 0.861111, 1.165556, -0.230000, -1.220000, -2.200000, 9.470000, 218.250000, -7.125000, 13.125000, 2.490000, -21.840000, -10.560000, 0.317778, 0.323333, 2.548889, -4.000000, -8.700000, 2.100000, 218.250000, -7.125000, 13.125000
606, -3.950000, -13.310000, 5.800000, 1.612222, -1.982222, -2.013333, -1.000000, -2.080000, 9.520000, 219.312500, -5.812500, 12.312500, 0.030000, -13.380000, -5.260000, 1.177778, 1.003333, -1.104445, -4.000000, -8.670000, 2.200000, 220.562500, -4.312500, 11.687500
625, -4.320000, -10.820000, 2.290000, 1.103333, -2.222222, -3.123333, -0.220000, -1.800000, 9.630000, 224.062500, -1.312500, 10.625000, -0.630000, -7.080000, -6.010000, 1.696667, 0.915556, -3.491111, -3.540000, -8.632500, 2.390000, 224.062500, -1.312500, 10.625000
645, -3.110000, 3.440000, -7.910000, 1.291111, -2.272222, -4.040000, 0.040000, -1.690000, 9.650000, 226.187500, 0.250000, 9.937500, -4.440000, 3.420000, -7.090000, 2.780000, 1.641111, -4.506667, -2.880000, -8.960000, 2.730000, 228.250000, 1.687500, 9.062500
665, 3.410000, 12.450000, -25.049999, 1.544444, -0.875556, -3.562222, 0.340000, -1.230000, 9.720000, 231.750000, 2.000000, 7.250000, -6.120000, 31.030001, 0.100000, 3.886667, 4.223333, -3.600000, -2.390000, -8.960000, 3.180000, 231.750000, 2.000000, 7.250000
686, 5.120000, 22.730000, -31.799999, 1.788889, 4.011111, -2.048889, -0.590000, -0.940000, 9.740000, 233.687500, -3.500000, 5.500000, -5.040000, 31.270000, 8.740000, 2.768889, 6.741111, 0.520000, -2.890000, -8.760000, 3.310000, 233.687500, -3.500000, 5.500000
704, 1.940000, 19.370001, -31.190001, 0.811111, 8.573334, 0.125556, -1.390000, -0.860000, 9.660000, 233.875000, -8.125000, 5.125000, -5.180000, 23.740000, 8.520000, -1.383333, 3.722222, 4.778889, -3.820000, -8.530000, 2.960000, 233.625000, -14.062500, 4.875000
725, -10.000000, 4.380000, -15.220000, 0.028889, 13.100000, 1.632222, -4.740000, -0.730000, 8.550000, 232.250000, -28.937500, 4.875000, -2.610000, 10.820000, 3.220000, -3.012222, 0.555556, 7.954444, -4.980000, -8.080000, 2.420000, 232.250000, -28.937500, 4.875000
745, -13.840000, -7.730000, 2.170000, -0.611111, 13.345555, 1.362222, -5.790000, -0.710000, 7.870000, 231.750000, -36.187500, 5.125000, -1.940000, -2.260000, -4.240000, -3.072222, -0.030000, 8.507778, -6.200000, -7.330000, 1.950000, 231.562500, -42.625000, 5.687500
766, -18.500000, -7.110000, 13.050000, -0.661111, 10.226666, -0.032222, -7.820000, -0.850000, 5.840000, 232.000000, -52.937500, 8.312500, -4.570000, -16.809999, -6.330000, -3.205555, 0.463333, 7.186666, -7.220000, -6.450000, 1.510000, 232.000000, -52.937500, 8.312500
784, -26.370001, -8.260000, 33.700001, -1.067778, 6.023334, -0.926667, -8.220000, -1.110000, 5.220000, 232.750000, -56.937500, 11.937500, -10.620000, -31.600000, 4.700000, -2.904444, 2.078889, 4.096667, -7.750000, -5.940000, 0.870000, 232.750000, -56.937500, 11.937500
805, -23.430000, -7.510000, 30.950001, -0.284444, -1.842222, -1.095556, -8.110000, -1.200000, 5.360000, 233.187500, -55.812500, 12.687500, -12.970000, -33.139999, 9.410000, -0.010000, 1.042222, -3.182222, -7.540000, -6.230000, 0.560000, 233.687500, -53.562500, 12.625000
825, -20.809999, -8.280000, 23.770000, 0.748889, -5.620000, -0.941111, -7.110000, -1.290000, 6.620000, 234.687500, -46.500000, 11.000000, -11.420000, -16.639999, 1.870000, 2.584445, -0.824444, -6.475555, -6.940000, -6.880000, 0.710000, 234.687500, -46.500000, 11.000000
846, -17.700001, -5.620000, 11.540000, 1.766667, -8.400000, -1.094444, -6.550000, -1.240000, 7.180000, 235.312500, -41.875000, 9.812500, -9.570000, -11.780000, -1.790000, 4.002222, -0.473333, -7.863333, -5.930000, -7.700000, 1.250000, 236.062500, -36.687500, 8.562500
866, -12.770000, -0.430000, -2.470000, 2.046667, -10.372222, -1.277778, -4.200000, -0.990000, 8.800000, 237.250000, -25.375000, 6.437500, -7.070000, 1.930000, -0.720000, 3.607778, -1.606667, -7.572222, -4.720000, -8.370000, 1.930000, 237.250000, -25.375000, 6.437500
885, -2.000000, -0.250000, -17.299999, 1.318889, -9.298889, -0.974444, -2.700000, -0.850000, 9.380000, 238.000000, -16.000000, 5.125000, -3.730000, 7.300000, -5.520000, 3.501111, -2.427778, -6.447778, -3.510000, -8.750000, 2.680000, 238.000000, -16.000000, 5.125000
905, 7.470000, -9.120000, -21.570000, 1.038889, -6.113333, -0.821111, -2.150000, -0.770000, 9.530000, 238.437500, -12.625000, 4.625000, -1.430000, 8.540000, -7.890000, 3.725556, -1.643333, -3.950000, -2.620000, -8.810000, 3.410000, 239.000000, -10.250000, 3.937500
926, 9.140000, -13.790000, -20.040001, 1.957778, -2.536667, -1.776667, -1.410000, -0.320000, 9.690000, 241.562500, -8.250000, 1.875000, 7.880000, 5.100000, -15.030000, 3.383333, 0.042222, -1.456667, -2.260000, -8.650000, 4.010000, 241.562500, -8.250000, 1.875000
946, 4.060000, -11.850000, -9.600000, 2.494444, 0.515556, -3.374444, -1.450000, -0.140000, 9.690000, 243.500000, -8.500000, 0.812500, 9.140000, 2.710000, -15.950000, 2.597778, 2.645555, -0.710000, -2.290000, -8.460000, 4.380000, 245.812500, -9.187500, 0.000000
964, -1.480000, -10.640000, -0.930000, 2.775556, 1.348889, -4.911111, -1.800000, 0.410000, 9.620000, 251.625000, -10.562500, -2.437500, 1.020000, 0.170000, -6.570000, 1.992222, 3.977778, -0.382222, -2.530000, -8.300000, 4.550000, 251.625000, -10.562500, -2.437500
985, -5.080000, 3.590000, 0.040000, 3.680000, 0.584444, -5.204444, -1.930000, 0.930000, 9.560000, 257.437500, -11.375000, -5.562500, -6.920000, 3.040000, 4.810000, 1.235556, 2.981111, -0.064444, -2.800000, -8.180000, 4.610000, 257.437500, -11.375000, -5.562500
1005, -7.100000, 16.830000, 1.380000, 3.800000, 0.040000, -3.740000, -1.980000, 1.200000, 9.520000, 259.687500, -11.625000, -7.187500, -9.280000, 2.990000, 7.550000, -0.048889, 1.447778, -0.418889, -2.920000, -8.170000, 4.550000, 261.250000, -11.750000, -8.562500
1026, -12.080000, 19.370001, 12.140000, 2.058889, -0.676667, -1.308889, -1.780000, 1.710000, 9.480000, 262.375000, -10.437500, -10.187500, -11.810000, 2.260000, 15.290000, -0.472222, 0.232222, -0.988889, -2.840000, -8.260000, 4.450000, 262.375000, -10.437500, -10.187500
1044, -12.700000, 22.430000, 15.860000, 0.770000, -4.035555, 0.956667, -1.400000, 1.790000, 9.530000, 262.062500, -8.187500, -10.625000, -11.410000, 1.650000, 17.450001, 0.393333, -2.015556, -1.711111, -2.470000, -8.320000, 4.540000, 261.187500, -4.625000, -10.562500
1065, -15.450000, 14.010000, 13.860000, -0.990000, -8.337778, 3.147778, 1.040000, 1.590000, 9.610000, 258.250000, 6.062500, -9.437500, -5.800000, 1.260000, 8.662500, 0.324444, -3.806667, -1.840000, -1.880000, -8.360000, 4.750000, 258.250000, 6.062500, -9.437500
1085, -12.550000, 11.250000, -4.030000, -1.170000, -11.396667, 4.791111, 3.180000, 1.180000, 9.190000, 253.750000, 18.937500, -7.312500, -4.970000, 1.980000, 4.090000, 0.102222, -5.134444, -2.513333, -1.070000, -8.410000, 4.910000, 253.750000, 18.937500, -7.312500
1106, -5.980000, 1.520000, -15.880000, -0.730000, -9.956667, 5.463333, 4.090000, 0.930000, 8.672500, 251.187500, 24.625000, -6.000000, -2.640000, 4.680000, -0.670000, 0.023333, -5.806667, -2.793333, -0.080000, -8.440000, 4.970000, 248.437500, 29.562500, -4.500000
1124, 0.040000, -3.010000, -22.100000, -0.337778, -7.023334, 5.587778, 5.830000, 0.040000, 7.880000, 242.750000, 36.437500, -0.312500, 8.240000, 12.020000, -12.010000, 0.574444, -4.810000, -1.103333, 0.660000, -8.400000, 5.010000, 242.750000, 36.437500, -0.312500
1145, 7.300000, -20.809999, -34.389999, -0.654444, -3.192222, 4.262222, 6.060000, -0.230000, 7.700000, 240.562500, 38.187500, 1.750000, 11.750000, 13.020000, -17.459999, 1.765556, -1.767778, 1.633333, 0.790000, -8.270000, 5.200000, 239.312500, 38.625000, 3.000000
1165, 9.680000, -16.410000, -47.049999, 0.187778, 2.585556, 0.514444, 5.430000, -0.350000, 8.150000, 239.500000, 33.625000, 2.437500, 9.000000, 14.260000, -26.080000, 1.113333, 5.491111, 3.764444, -0.080000, -8.140000, 5.460000, 239.500000, 33.625000, 2.437500
1186, -1.630000, -5.780000, -48.000000, 0.233333, 10.250000, -1.628889, 3.290000, -0.210000, 9.230000, 241.812500, 19.562500, 1.312500, -0.540000, 13.600000, -14.220000, -2.800000, 8.266666, 4.597778, -1.580000, -8.260000, 5.040000, 241.812500, 19.562500, 1.312500
1206, -37.610001, -14.580000, -47.970001, -1.514444, 22.276667, -2.786667, 1.290000, -0.280000, 9.710000, 243.562500, 7.562500, 1.687500, -5.460000, 14.560000, -13.940000, -4.445556, 8.035556, 6.765555, -3.240000, -8.330000, 4.010000, 245.687500, -6.562500, 2.812500
1225, -35.680000, -13.670000, -17.000000, -2.056667, 26.723333, -3.550000, -5.480000, -0.970000, 8.070000, 250.187500, -33.937500, 6.812500, -9.550000, 10.430000, -12.650000, -4.210000, 6.426667, 10.231112, -5.140000, -7.860000, 2.780000, 250.187500, -33.937500, 6.812500
1245, -32.360001, 13.380000, 20.040001, 0.358889, 20.281111, -2.883333, -6.890000, -1.110000, 6.880000, 252.500000, -44.625000, 9.187500, -20.100000, 5.390000, -3.760000, -4.925556, 4.968889, 11.062222, -6.920000, -6.760000, 1.560000, 254.187500, -52.375000, 12.312500
1266, -30.980000, 16.440001, 18.879999, -2.411111, 9.730000, -0.848889, -8.580000, -1.590000, 4.460000, 253.312500, -61.062500, 19.687500, -22.389999, -6.340000, 6.200000, -6.710000, 2.622222, 8.456667, -8.060000, -5.560000, 0.370000, 253.312500, -61.062500, 19.687500
1286, -30.420000, -7.970000, 32.869999, -3.967778, 5.512222, 1.393333, -8.970000, -1.610000, 3.600000, 250.000000, -66.187500, 24.062500, -21.379999, -33.549999, 19.680000, -4.213333, 1.612222, 3.088889, -8.520000, -4.820000, -0.470000, 250.000000, -66.187500, 24.062500
1304, -30.000000, -6.270000, 35.500000, -1.233333, 0.470000, 1.366667, -9.010000, -1.530000, 3.550000, 248.875000, -66.750000, 23.375000, -21.520000, -34.259998, 26.180000, 1.315556, -3.411111, -3.133333, -8.370000, -5.100000, -0.110000, 247.937500, -65.687500, 20.625000
1325, -23.799999, -5.120000, 23.860001, 0.513333, -4.953333, 1.523333, -8.480000, -1.120000, 4.770000, 246.187500, -59.937500, 13.187500, -13.450000, -14.760000, 5.870000, 1.894444, -5.547778, -5.485556, -7.790000, -5.870000, 0.890000, 246.187500, -59.937500, 13.187500
1345, -24.389999, -3.010000, 21.490000, 0.824444, -9.220000, 1.291111, -8.050000, -0.970000, 5.510000, 245.375000, -55.187500, 10.062500, -9.150000, -9.000000, -1.010000, 1.483333, -4.780000, -6.912222, -6.880000, -6.750000, 1.780000, 244.562500, -49.125000, 7.625000
1366, -23.610001, -2.460000, 7.420000, 0.698889, -12.982223, 1.034444, -5.530000, -0.640000, 8.070000, 243.187500, -34.312500, 4.562500, -8.950000, -5.860000, 0.480000, 1.392222, -4.506667, -7.967778, -5.630000, -7.610000, 2.510000, 243.187500, -34.312500, 4.562500
1384, -24.230000, -0.440000, 1.490000, 0.541615, -15.942223, 0.734444, -2.790000, -0.480000, 9.380000, 241.937500, -16.562500, 2.937500, -8.430000, -0.930000, 0.750000, 1.746667, -4.436666, -8.118889, -4.160000, -8.280000, 3.180000, 241.937500, -16.562500, 2.937500
1405, -18.879999, -2.290000, -16.209999, 1.170000, -17.304445, 1.033333, -1.230000, -0.350000, 9.720000, 241.250000, -7.187500, 2.062500, -8.960000, 1.310000, -0.540000, 2.378889, -4.498889, -7.756667, -2.590000, -8.640000, 3.820000, 240.500000, 1.687500, 1.125000
1425, -9.010000, -3.980000, -27.389999, 1.906575, -14.146667, 1.217778, 2.650000, 0.110000, 9.430000, 239.062500, 15.687500, -0.687500, -7.400000, 5.050000, -3.670000, 3.208889, -4.772222, -7.001111, -1.030000, -8.650000, 4.480000, 239.062500, 15.687500, -0.687500
1446, -1.900000, -3.900000, -18.129999, 1.517778, -9.805555, 1.117778, 3.520000, 0.210000, 9.140000, 238.375000, 21.000000, -1.312500, -3.000000, 9.480000, -8.230000, 3.468889, -4.861111, -6.200000, 0.290000, -8.370000, 5.090000, 237.625000, 25.812500, -1.750000
1466, 3.040000, -5.460000, -25.559999, 0.974444, -7.503334, 0.942222, 5.350000, 0.340000, 8.200000, 236.687500, 33.062500, -2.375000, 6.410000, 15.190000, -15.350000, 2.677778, -3.027778, -1.702222, 1.030000, -8.030000, 5.520000, 236.687500, 33.062500, -2.375000
1485, 4.880000, -0.050000, -26.980000, 0.358889, -3.752222, 0.288889, 5.770000, 0.340000, 7.910000, 236.500000, 36.062500, -2.500000, 8.140000, 15.850000, -18.190001, 0.474444, 0.276667, 0.428889, 1.100000, -7.920000, 5.670000, 236.500000, 36.062500, -2.500000
1505, 2.040000, 5.630000, -26.150000, -0.505556, 0.095556, -0.142222, 5.770000, 0.310000, 7.920000, 236.687500, 36.000000, -2.250000, 2.830000, 16.200001, -13.470000, -0.330000, 2.041111, 1.108889, 0.580000, -8.010000, 5.610000, 236.875000, 34.875000, -1.750000
1526, -0.290000, 10.860000, -25.910000, -1.543333, 3.956667, 0.531111, 4.810000, -0.130000, 8.530000, 236.375000, 29.437500, 0.875000, -2.920000, 15.400000, -6.200000, -1.922222, 4.133333, 2.746667, -0.320000, -8.280000, 5.230000, 236.375000, 29.437500, 0.875000
1546, -7.990000, 5.770000, -23.400000, -2.552222, 8.281111, 1.796667, 4.120000, -0.420000, 8.880000, 235.125000, 19.312500, 4.500000, -6.190000, 13.280000, -1.460000, -3.986667, 3.666667, 4.062222, -1.330000, -8.610000, 4.490000, 235.125000, 19.312500, 4.500000
1565, -13.120000, 5.560000, -13.730000, -2.902222, 11.264444, 2.584445, 1.120000, -1.390000, 9.640000, 233.125000, 6.562500, 8.187500, -7.780000, 7.490000, 0.810000, -5.261111, 0.542726, 6.110000, -2.370000, -8.810000, 3.580000, 233.125000, 6.562500, 8.187500
1585, -21.990000, -15.960000, 28.770000, -3.231111, 10.518888, 3.227778, -0.510000, -1.900000, 9.600000, 230.750000, -3.000000, 11.187500, -5.220000, 0.030000, -0.960000, -4.031111, 0.310000, 6.740000, -3.510000, -8.700000, 2.840000, 230.750000, -3.000000, 11.187500
1606, -15.630000, -12.870000, 29.430000, -0.790000, 0.983333, 1.878889, -0.640000, -1.960000, 9.580000, 228.875000, -2.562500, 11.500000, -4.660000, -24.900000, 0.150000, -3.268889, 0.450000, 5.508889, -4.240000, -8.510000, 2.370000, 228.875000, -2.562500, 11.500000
1626, -8.000000, -17.650000, 15.240000, 0.237778, -4.038889, 0.821111, 0.330000, -1.880000, 9.610000, 228.062500, 1.875000, 11.062500, -5.230000, -30.570000, 2.680000, -0.731111, -0.230000, 0.077778, -4.010000, -8.610000, 2.400000, 228.062500, 1.875000, 11.062500
1644, -6.420000, -18.320000, 10.770000, 0.787778, -4.645555, -1.383333, 0.770000, -1.800000, 9.600000, 228.562500, 4.500000, 10.625000, -3.110000, -17.530001, -3.800000, 1.038889, -1.741111, -4.133333, -3.160000, -8.672500, 2.740000, 229.625000, 7.312500, 9.937500
1665, -3.880000, -6.220000, -1.790000, 1.557778, -4.567778, -3.195555, 2.120000, -1.280000, 9.480000, 232.687500, 12.437500, 7.687500, -4.310000, -6.010000, -7.190000, 2.708889, -0.571111, -5.823333, -2.130000, -9.010000, 3.200000, 232.687500, 12.437500, 7.687500
1685, -1.230000, 2.920000, -8.400000, 1.504444, -3.106667, -3.164444, 2.640000, -0.890000, 9.400000, 235.625000, 15.625000, 5.375000, -4.910000, 2.940000, -5.860000, 3.128889, -0.027778, -5.760000, -1.210000, -8.970000, 3.760000, 235.625000, 15.625000, 5.375000
1706, 4.750000, 9.470000, -19.650000, 1.216667, -1.121111, -2.498889, 2.760000, -0.710000, 9.380000, 237.875000, 16.250000, 3.500000, -0.790000, 21.850000, -5.330000, 3.477778, 1.413333, -4.245555, -0.790000, -8.800000, 4.240000, 237.875000, 16.250000, 3.500000
1724, 8.170000, 13.340000, -28.360001, 0.014444, 2.937778, -1.097778, 2.020000, -0.600000, 9.570000, 238.937500, 11.875000, 3.562500, -0.010000, 24.030001, 2.163125, 0.777778, 2.440000, -0.027778, -1.110000, -8.780000, 4.210000, 238.937500, 11.875000, 3.562500
1745, 1.290000, 5.630000, -16.139999, -0.672222, 6.624444, -0.361111, 1.420000, -0.650000, 9.680000, 239.500000, 4.187500, 4.312500, 0.020000, 9.540000, -0.400000, -1.530000, 1.267778, 3.065556, -1.770000, -8.810000, 3.900000, 239.500000, 4.187500, 4.312500
1765, -11.890000, -10.720000, 24.620001, -1.440000, 7.346667, 0.086667, -0.370000, -0.980000, 9.750000, 239.937500, -2.125000, 5.750000, 2.010000, 1.180000, -1.780000, -1.574444, 1.018889, 3.694444, -2.480000, -8.780000, 3.590000, 239.937500, -2.125000, 5.750000
1786, -11.130000, -8.950000, 28.719999, -0.054444, -0.075556, -0.720000, -0.060000, -0.930000, 9.760000, 240.750000, -0.312500, 5.437500, 0.170000, -15.830000, -1.430000, -1.678889, 1.376667, 2.825556, -2.900000, -8.770000, 3.270000, 240.750000, -0.312500, 5.437500
1806, -3.370000, -13.370000, 2.880000, 0.828889, -4.230000, -1.162222, 0.340000, -0.850000, 9.760000, 242.125000, 4.187500, 4.500000, -2.930000, -22.780001, 0.000000, -0.454444, 0.511111, -0.678889, -2.640000, -8.662500, 3.270000, 242.125000, 4.187500, 4.500000
1825, -2.750000, -10.100000, 2.500000, 1.020000, -2.986667, -2.615556, 1.250000, -0.510000, 9.710000, 245.000000, 7.312500, 3.000000, -2.130000, -10.720000, -6.030000, 1.360000, -0.312222, -3.717778, -1.990000, -8.920000, 3.540000, 245.000000, 7.312500, 3.000000
1845, -1.440000, -3.900000, -0.220000, 1.383333, -2.551111, -3.124444, 1.500000, -0.340000, 9.680000, 246.625000, 8.625000, 2.000000, -2.330000, -1.560000, -3.550000, 1.872222, 0.753333, -3.923333, -1.400000, -8.910000, 3.840000, 248.312500, 10.187500, 0.875000
1866, -1.170000, -3.620000, -0.370000, 1.517778, -2.377778, -3.297778, 2.190000, 0.270000, 9.550000, 251.875000, 12.875000, -1.625000, -0.700000, 2.940000, -1.910000, 2.012222, 1.408889, -3.024444, -0.950000, -8.642500, 4.150000, 251.875000, 12.875000, -1.625000
1886, 3.030000, 2.680000, -9.070000, 1.880000, -2.547778, -3.664444, 2.560000, 0.720000, 9.430000, 255.625000, 15.125000, -4.312500, 2.510000, 5.740000, -3.520000, 1.935556, 1.653333, -2.530000, -0.730000, -8.710000, 4.430000, 255.625000, 15.125000, -4.312500
1905, 0.340000, -4.020000, -4.090000, 0.944444, -1.672222, -3.626667, 2.680000, 0.890000, 9.380000, 259.625000, 16.562500, -6.687500, 3.150000, 4.510000, -4.330000, 1.627778, 2.052222, -1.562222, -0.680000, -8.600000, 4.650000, 259.625000, 16.562500, -6.687500
1925, -1.930000, 7.150000, -6.860000, 1.076667, -1.655556, -3.942222, 2.960000, 1.470000, 9.220000, 263.687500, 17.625000, -9.062500, -2.220000, 9.290000, -0.880000, 1.156575, 2.568889, -0.961111, -0.800000, -8.530000, 4.760000, 263.687500, 17.625000, -9.062500
1945, -3.420000, 23.670000, -9.830000, 0.021111, -0.345556, -2.591111, 2.960000, 1.540000, 9.210000, 265.125000, 17.562500, -9.500000, -11.750000, 15.910000, 9.920000, -0.428889, 2.681111, 0.278889, -1.150000, -8.600000, 4.550000, 265.750000, 17.062500, -9.250000
1966, -8.740000, 33.689999, -1.340000, -1.218889, 1.126667, 0.902222, 2.710000, 1.130000, 9.350000, 263.687500, 16.000000, -6.937500, -15.850000, 7.560000, 19.590000, -2.666667, 1.647778, 1.782222, -1.500000, -8.780000, 4.080000, 263.687500, 16.000000, -6.937500
1984, -10.170000, 22.350000, 3.120000, -1.973333, 1.140000, 4.631111, 2.650000, 0.550000, 9.420000, 258.250000, 15.687500, -3.312500, -11.450000, 9.520000, 19.620001, -2.027778, -1.481111, 1.403333, -1.600000, -8.682500, 3.840000, 258.250000, 15.687500, -3.312500
2005, -7.090000, 15.670000, -3.000000, -1.488889, 0.054444, 7.057778, 2.670000, 0.230000, 9.430000, 250.312500, 15.875000, 0.562500, -8.000000, 8.890000, 12.010000, -1.621111, -4.640000, 2.287778, -1.640000, -8.910000, 3.730000, 250.312500, 15.875000, 0.562500
2025, -3.480000, 6.450000, -12.210000, -1.298889, 0.192222, 8.245556, 2.510000, -0.720000, 9.450000, 241.500000, 14.812500, 4.312500, 0.960000, 8.630000, -7.100000, -1.631111, -5.742222, 3.171111, -1.710000, -8.920000, 3.680000, 241.500000, 14.812500, 4.312500
2046, 2.290000, -9.810000, -23.809999, -1.101111, 2.246667, 7.795556, 2.240000, -0.990000, 9.490000, 234.062500, 10.500000, 7.562500, 6.710000, 5.430000, -14.660000, -1.624444, -3.408889, 4.357778, -2.470000, -8.652500, 3.430000, 234.062500, 10.500000, 7.562500
2064, 2.110000, -23.440001, -27.680000, -2.055556, 6.540000, 4.942222, 0.220000, -1.740000, 9.640000, 230.500000, 1.250000, 10.187500, 10.750000, -1.220000, -19.690001, -2.256667, 0.544444, 5.131111, -3.410000, -8.710000, 2.930000, 230.500000, 1.250000, 10.187500
2085, -3.760000, -24.850000, -32.810001, -1.704444, 12.737778, 1.061111, -2.370000, -1.980000, 9.300000, 231.562500, -14.000000, 12.000000, 0.080000, -5.080000, -10.260000, -2.773333, 3.520000, 5.075555, -4.430000, -8.450000, 2.230000, 231.562500, -14.000000, 12.000000
2105, -24.700001, -9.400000, -0.330000, -0.470000, 17.062222, -0.892222, -3.820000, -2.040000, 8.790000, 234.500000, -31.437500, 14.562500, -4.510000, -1.030000, -4.550000, -2.262222, 3.228889, 5.545556, -5.430000, -8.000000, 1.580000, 234.500000, -31.437500, 14.562500
2126, -30.230000, -3.040000, 29.709999, -0.353333, 13.891111, -0.785556, -6.690000, -2.250000, 6.800000, 236.437500, -43.000000, 18.312500, -6.480000, -15.390000, -0.470000, -2.974444, 1.975556, 5.763333, -5.890000, -7.730000, 1.250000, 236.437500, -43.000000, 18.312500
2146, -26.910000, -5.070000, 32.349998, -1.011111, 0.787778, 0.131111, -6.740000, -2.310000, 6.730000, 235.250000, -40.750000, 18.437500, -7.560000, -29.250000, 6.410000, -2.160000, 1.733333, 2.671111, -6.450000, -7.340000, 0.680000, 235.250000, -40.750000, 18.437500
2165, -23.000000, -14.390000, 25.610001, -0.747778, -8.773334, 0.233333, -4.980000, -2.400000, 8.090000, 233.750000, -30.500000, 16.500000, -10.600000, -22.020000, 9.510000, 0.521111, -0.506667, -2.978889, -5.850000, -7.810000, 0.850000, 233.750000, -30.500000, 16.500000
2185, -20.330000, -14.720000, 8.260000, 0.755556, -12.160000, -0.965556, -2.850000, -2.310000, 9.090000, 233.687500, -16.875000, 14.250000, -8.270000, -10.510000, -0.510000, 1.762222, -3.130000, -6.184444, -5.350000, -8.130000, 1.150000, 233.687500, -16.875000, 14.250000
2206, -17.100000, -11.680000, -4.860000, 2.063150, -13.576667, -2.392222, -1.600000, -2.180000, 9.420000, 235.125000, -2.125000, 11.750000, -4.450000, -3.800000, -8.550000, 2.502222, -3.075556, -6.653333, -4.200000, -8.670000, 1.810000, 235.125000, -2.125000, 11.750000
2226, -5.490000, -4.190000, -19.129999, 2.460000, -11.420000, -3.200000, 1.620000, -1.530000, 9.540000, 237.500000, 9.562500, 9.125000, -3.710000, -1.570000, -8.680000, 3.225556, -1.682222, -6.455555, -3.020000, -8.990000, 2.470000, 237.500000, 9.562500, 9.125000
2244, -0.660000, -3.910000, -21.040001, 1.728889, -7.217778, -3.336667, 2.320000, -1.310000, 9.430000, 238.937500, 13.687500, 7.937500, -0.060000, 5.710000, -8.880000, 4.137778, -0.647778, -5.837778, -1.930000, -9.060000, 3.180000, 240.562500, 16.750000, 6.687500
2265, 3.960000, -5.810000, -27.740000, 1.601111, -3.472222, -4.070000, 3.330000, -0.520000, 9.200000, 245.000000, 19.875000, 3.250000, 4.490000, 14.870000, -14.870000, 4.866667, 1.000000, -4.343333, -0.970000, -8.730000, 4.350000, 245.000000, 19.875000, 3.250000
2285, 7.790000, 6.260000, -37.200001, 1.373333, 1.140000, -5.192222, 2.840000, -0.070000, 9.380000, 250.437500, 16.812500, 0.437500, 6.720000, 21.299999, -16.340000, 3.896667, 4.300000, -2.324445, -0.970000, -8.580000, 4.630000, 250.437500, 16.812500, 0.437500
2306, 0.110000, 5.790000, -30.459999, -0.693333, 7.974444, -4.765555, 2.120000, -0.020000, 9.570000, 255.562500, 6.562500, 0.437500, -0.060000, 20.540001, -6.070000, 0.252222, 7.098889, 0.765556, -1.540000, -8.470000, 4.680000, 255.562500, 6.562500, 0.437500
2324, -5.670000, 3.560000, -34.450001, -1.811111, 14.284445, -4.011111, -1.700000, -0.440000, 9.640000, 259.875000, -10.000000, 2.625000, -7.550000, 15.970000, 1.950000, -3.252222, 6.302222, 3.351111, -2.550000, -8.570000, 4.010000, 259.875000, -10.000000, 2.625000
2345, -25.850000, 16.530001, 2.040000, -2.218889, 17.041111, -2.495556, -3.210000, -0.700000, 9.230000, 261.375000, -19.125000, 4.312500, -14.280000, 3.410000, 11.330000, -5.054444, 3.985556, 5.534444, -3.690000, -8.570000, 2.990000, 262.000000, -27.437500, 6.125000
2365, -22.740000, 15.210000, 21.860001, -2.802222, 12.377778, 0.504444, -6.190000, -1.310000, 7.480000, 260.500000, -39.125000, 9.937500, -14.290000, -4.520000, 16.219999, -5.048889, 0.758889, 4.707778, -4.870000, -8.330000, 1.720000, 260.500000, -39.125000, 9.937500
2386, -25.010000, 8.890000, 31.870001, -3.688889, 3.741111, 1.940000, -6.310000, -1.560000, 7.330000, 256.687500, -40.062500, 12.000000, -9.460000, -3.840000, 14.000000, -3.386667, -2.050000, 2.305556, -5.020000, -8.270000, 1.550000, 256.687500, -40.062500, 12.000000
2404, -17.879999, 18.059999, 14.660000, -4.945556, -7.973333, 3.623333, -5.800000, -1.710000, 7.710000, 248.937500, -31.625000, 12.937500, -4.380000, -1.090000, 5.460000, -3.806667, -4.113333, 0.757778, -5.080000, -8.280000, 1.330000, 248.937500, -31.625000, 12.937500
2425, -16.340000, -6.610000, 6.600000, -5.487778, -10.885555, 6.214445, -3.570000, -2.150000, 8.682500, 239.937500, -21.375000, 13.625000, -0.610000, -9.070000, 4.740000, -2.823333, -3.832222, 0.907778, -5.100000, -8.280000, 1.210000, 239.937500, -21.375000, 13.625000
2445, -7.530000, -24.360001, -7.570000, -1.608889, -11.578889, 3.721111, -2.650000, -2.180000, 9.180000, 237.062500, -15.687500, 13.375000, -2.670000, -19.129999, 0.330000, -0.681111, -4.033333, -0.950000, -4.980000, -8.330000, 1.390000, 235.375000, -10.375000, 12.375000
2466, 1.110000, -13.860000, -16.629999, 1.924444, -8.154445, 1.005556, -0.520000, -1.700000, 9.640000, 233.875000, -3.062500, 10.000000, -0.330000, -10.220000, -11.290000, 1.802222, -5.194445, -3.790000, -3.870000, -8.670000, 2.420000, 233.875000, -3.062500, 10.000000
2486, 5.040000, -17.540001, -14.050000, 1.551111, -4.304444, 0.180000, 0.140000, -1.440000, 9.690000, 233.750000, 0.812500, 8.437500, 8.240000, -0.280000, -22.320000, 3.323333, -2.627778, -3.670000, -3.500000, -8.720000, 2.780000, 233.750000, 0.812500, 8.437500
2505, 4.820000, -22.559999, -12.430000, 1.130000, -1.652222, -1.551111, 0.310000, -1.330000, 9.710000, 236.062500, 2.312500, 7.062500, 10.800000, -1.200000, -21.270000, 2.835556, 0.698889, -1.878889, -3.110000, -8.690000, 3.290000, 236.062500, 2.312500, 7.062500
2525, 1.540000, -11.180000, -13.000000, 1.545556, 0.596667, -3.977778, 0.270000, -0.880000, 9.760000, 240.812500, 1.562500, 5.125000, 1.950000, 1.410000, -11.800000, 2.290000, 3.610000, -1.121111, -3.090000, -8.610000, 3.510000, 240.812500, 1.562500, 5.125000
2546, -3.540000, 4.370000, -9.400000, 1.753333, 2.520000, -4.827778, 0.070000, -0.710000, 9.780000, 243.500000, 0.375000, 4.125000, -8.950000, 16.209999, 2.230000, 1.493333, 4.220000, -0.517778, -3.260000, -8.530000, 3.560000, 245.750000, -1.250000, 3.375000
2566, -6.640000, 26.639999, -7.830000, 0.292222, 4.281111, -2.632222, -1.050000, -0.670000, 9.720000, 248.000000, -6.125000, 3.937500, -12.680000, 16.450001, 13.460000, -1.672222, 3.595556, 0.706667, -3.740000, -8.600000, 2.850000, 248.000000, -6.125000, 3.937500
2584, -7.310000, 22.719999, -2.690000, -2.114444, 5.233333, -0.041111, -1.940000, -1.070000, 9.550000, 247.437500, -11.437500, 6.437500, -8.510000, 7.110000, 13.380000, -3.377778, 0.924444, 1.337778, -3.870000, -8.630000, 2.540000, 247.437500, -11.437500, 6.437500
2605, -6.360000, 12.960000, 12.420000, -2.240000, 2.697778, 2.194444, -2.163125, -1.230000, 9.470000, 244.312500, -13.687500, 7.875000, -5.770000, 3.890000, 11.180000, -2.710000, -1.187778, 1.836667, -4.120000, -8.640000, 2.110000, 244.312500, -13.687500, 7.875000
2625, -0.590000, 3.490000, 1.080000, -1.498889, -0.211111, 4.243333, -2.380000, -1.380000, 9.410000, 239.750000, -14.062500, 8.312500, 1.640000, -4.970000, 0.050000, -1.482222, -3.033333, 2.683333, -4.420000, -8.510000, 2.030000, 239.750000, -14.062500, 8.312500
2646, 1.740000, -22.510000, 0.180000, -0.388889, 0.087778, 2.242222, -2.420000, -1.360000, 9.400000, 238.500000, -14.312500, 8.250000, 6.020000, -13.150000, -9.180000, -0.090000, -2.668889, 2.171111, -4.690000, -8.310000, 2.220000, 238.125000, -14.562500, 8.000000
2664, -0.570000, -20.750000, 9.120000, 0.488889, 0.268889, -0.274444, -2.460000, -1.230000, 9.410000, 239.000000, -14.500000, 7.437500, 7.170000, -18.990000, -13.790000, 0.574444, -1.358889, 0.324444, -4.680000, -8.220000, 2.550000, 239.000000, -14.500000, 7.437500
2685, -1.530000, -20.809999, 8.460000, 1.518889, -0.641111, -2.031111, -2.250000, -1.000000, 9.480000, 241.812500, -13.312500, 6.062500, 4.120000, -18.250000, -11.350000, 1.664444, 0.291111, -1.830000, -4.540000, -8.260000, 2.670000, 241.812500, -13.312500, 6.062500
2705, -2.500000, -8.940000, 1.260000, 2.707778, -1.221111, -3.248889, -2.120000, -0.830000, 9.530000, 245.812500, -11.625000, 3.687500, -1.320000, -5.170000, -5.660000, 2.647778, 1.146667, -3.385556, -4.100000, -8.390000, 2.970000, 245.812500, -11.625000, 3.687500
2726, -2.740000, 0.180000, -5.500000, 3.420000, -1.056667, -3.884444, -1.780000, -0.130000, 9.640000, 250.375000, -10.437500, 0.750000, -6.470000, 12.460000, -3.080000, 3.186667, 2.105556, -3.678889, -3.630000, -8.470000, 3.330000, 250.375000, -10.437500, 0.750000
2746, -1.550000, 25.430000, -12.620000, 2.724444, -0.325556, -3.194444, -1.750000, 0.060000, 9.640000, 253.437500, -10.500000, -0.875000, -7.770000, 27.059999, 7.720000, 1.921111, 3.416667, -2.072222, -3.390000, -8.490000, 3.530000, 253.437500, -10.500000, -0.875000
2765, -1.550000, 32.029999, -14.070000, -0.133333, 1.450000, -0.534444, -2.120000, 0.020000, 9.570000, 253.062500, -12.500000, -0.125000, -10.280000, 16.879999, 17.490000, -1.832222, 1.667778, 0.758889, -3.580000, -8.530000, 3.230000, 251.437500, -13.750000, 0.750000
2785, -4.460000, 27.680000, -5.150000, -2.346667, 2.261111, 2.688889, -2.520000, -0.300000, 9.470000, 248.937500, -14.875000, 1.812500, -8.110000, 12.930000, 14.910000, -3.268889, -1.411111, 1.647778, -3.780000, -8.600000, 2.780000, 248.937500, -14.875000, 1.812500
2806, -5.040000, 15.640000, -2.470000, -3.144444, 1.422222, 5.413333, -2.660000, -0.450000, 9.420000, 242.125000, -16.500000, 3.250000, -7.000000, 10.450000, 8.660000, -3.204444, -3.682222, 2.873333, -4.030000, -8.580000, 2.480000, 242.125000, -16.500000, 3.250000
2826, -5.360000, 9.220000, -7.670000, -2.617778, 1.140000, 7.372222, -3.100000, -0.540000, 9.280000, 233.312500, -18.375000, 3.312500, -8.150000, 7.230000, 4.300000, -2.764444, -5.348889, 4.673333, -4.490000, -8.370000, 2.410000, 233.312500, -18.375000, 3.312500
2845, -6.340000, -0.230000, -6.530000, -1.777778, 1.774444, 8.614445, -3.290000, -0.430000, 9.220000, 223.562500, -21.000000, 1.750000, -6.670000, 4.110000, -5.070000, -2.501111, -6.532222, 6.542222, -5.130000, -7.940000, 2.590000, 223.562500, -21.000000, 1.750000
2865, -6.770000, -37.990002, 2.580000, -1.730000, 2.975556, 7.908889, -4.020000, -0.030000, 8.940000, 216.500000, -24.187500, 0.250000, 3.340000, -27.650000, -17.400000, -1.846667, -4.743333, 8.107778, -5.990000, -7.210000, 2.860000, 216.000000, -25.562500, -0.625000
2886, -4.410000, -38.740002, 5.490000, 1.105556, 2.470000, 1.140000, -4.430000, 0.140000, 8.740000, 216.750000, -26.812500, -0.937500, 6.460000, -32.490002, -28.070000, 0.345556, -2.525556, 3.688889, -6.500000, -6.610000, 3.190000, 216.750000, -26.812500, -0.937500
2906, -8.140000, -37.119999, 10.730000, 1.128889, 1.808889, -2.754444, -4.580000, 0.120000, 8.660000, 220.937500, -28.562500, -0.562500, 2.740000, -17.980000, -27.209999, 1.683333, 0.877778, -1.703333, -6.400000, -6.610000, 3.370000, 220.937500, -28.562500, -0.562500
2924, -9.170000, -35.209999, 13.360000, 2.651111, 0.532222, -5.450000, -4.690000, 0.050000, 8.600000, 228.437500, -28.562500, -0.312500, -2.510000, -23.440001, -19.290001, 2.791111, 4.286667, -2.464444, -6.340000, -6.730000, 3.250000, 228.437500, -28.562500, -0.312500
2945, -12.920000, -31.120001, 3.310000, 4.901111, -1.531111, -8.140000, -4.570000, 0.090000, 8.670000, 239.375000, -26.875000, -1.187500, -6.310000, -14.090000, -14.370000, 4.990000, 4.830000, -4.541111, -6.120000, -6.930000, 3.260000, 239.375000, -26.875000, -1.187500
2965, -16.320000, -8.090000, -6.980000, 6.524445, -1.764444, -9.891111, -4.220000, 0.490000, 8.642500, 251.937500, -25.437500, -3.187500, -9.320000, -4.220000, -12.460000, 6.096667, 4.947778, -5.927778, -5.670000, -7.180000, 3.500000, 257.875000, -24.937500, -4.437500
2986, -18.219999, 14.020000, -7.800000, 6.780000, -1.614444, -9.458889, -4.030000, 0.870000, 8.890000, 263.062500, -24.312500, -5.625000, -15.870000, 13.990000, -1.120000, 4.745555, 4.762222, -6.655556, -5.100000, -7.490000, 3.730000, 263.062500, -24.312500, -5.625000
3004, -17.309999, 38.150002, 1.650000, 4.353333, -2.626667, -5.835556, -3.860000, 1.020000, 8.950000, 268.875000, -21.375000, -7.000000, -16.450001, 26.459999, 17.389999, 0.548889, 4.747778, -5.703333, -4.530000, -7.920000, 3.560000, 268.875000, -21.375000, -7.000000
3025, -16.959999, 34.580002, 4.190000, 0.835556, -5.075555, -0.606667, -2.550000, 1.210000, 9.380000, 268.937500, -15.062500, -7.312500, -18.969999, 14.320000, 29.700001, -2.647778, 3.754444, -2.505556, -4.290000, -8.330000, 2.870000, 268.937500, -15.062500, -7.312500
3045, -14.950000, 26.719999, -0.650000, -0.118889, -7.760000, 2.846667, -1.820000, 1.260000, 9.550000, 265.750000, -5.875000, -7.750000, -18.059999, 7.080000, 32.419998, -0.083333, -0.046667, -1.748889, -4.070000, -8.530000, 2.610000, 265.750000, -5.875000, -7.750000
3066, -9.670000, 18.770000, -12.020000, 0.171111, -7.954444, 4.928889, 0.490000, 1.380000, 9.690000, 260.750000, 2.875000, -8.125000, -11.240000, 15.900000, 19.790001, 3.122222, -4.652222, -0.865555, -3.660000, -8.470000, 3.300000, 257.937500, 6.250000, -8.062500
3086, -0.970000, 12.800000, -21.860001, 0.297778, -5.480000, 5.557778, 1.490000, 1.310000, 9.600000, 254.875000, 8.750000, -7.750000, -2.250000, 10.490000, -3.320000, 2.296667, -7.157778, 0.671111, -3.250000, -8.250000, 4.180000, 254.875000, 8.750000, -7.750000
3105, 3.870000, 13.590000, -28.799999, -0.250000, -1.814444, 6.396667, 1.730000, 1.190000, 9.570000, 247.625000, 10.125000, -5.875000, 6.330000, 13.390000, -20.129999, -0.214444, -6.313334, 0.834444, -2.760000, -8.190000, 4.620000, 247.625000, 10.125000, -5.875000
3125, 8.170000, -15.110000, -42.240002, -1.622222, 4.076667, 6.952222, 0.710000, 0.440000, 9.770000, 240.875000, 4.125000, -2.562500, 13.360000, 13.360000, -22.990000, -1.827778, -1.728889, 3.283333, -2.900000, -8.190000, 4.540000, 240.875000, 4.125000, -2.562500
3146, 1.580000, -39.500000, -32.590000, -2.170000, 11.131111, 2.387778, -0.310000, 0.230000, 9.790000, 239.312500, -9.812500, -1.125000, 1.160000, -5.010000, -17.900000, -2.161111, 3.428889, 6.773334, -4.000000, -7.960000, 4.070000, 239.312500, -9.812500, -1.125000
3166, -16.770000, -9.780000, -33.790001, 0.254444, 19.061111, -0.620000, -5.120000, 0.160000, 8.360000, 239.812500, -31.437500, -1.062500, -6.590000, -0.500000, -4.560000, -2.008889, 4.242222, 7.617778, -5.420000, -7.450000, 3.340000, 239.937500, -41.812500, -0.500000
3185, -32.709999, -8.320000, 8.960000, -0.811111, 19.038889, -0.642222, -7.460000, -0.050000, 6.350000, 240.000000, -49.562500, 0.500000, -8.320000, -2.200000, -5.120000, -2.308889, 1.651111, 8.556666, -6.670000, -6.610000, 2.810000, 240.000000, -49.562500, 0.500000
3205, -31.320000, 6.050000, 33.290001, -1.842222, 7.961111, -0.468889, -7.920000, -0.190000, 5.770000, 238.812500, -55.062500, 2.937500, -7.650000, -23.080000, -3.740000, -4.446667, 1.420000, 7.033333, -7.630000, -5.740000, 2.180000, 238.812500, -55.062500, 2.937500
3225, -26.070000, -4.550000, 33.330002, -2.778889, -1.950000, 1.327778, -7.660000, -0.380000, 6.100000, 236.250000, -51.375000, 3.562500, -12.940000, -33.630001, 16.830000, -3.603333, 3.055556, 0.990000, -8.010000, -5.480000, 1.330000, 236.250000, -51.375000, 3.562500
3246, -19.920000, -18.980000, 23.110001, -0.337778, -7.377778, -0.151111, -7.210000, -0.410000, 6.620000, 236.812500, -42.562500, 3.125000, -12.040000, -25.230000, 12.770000, 1.663333, -0.797778, -5.534444, -7.570000, -6.080000, 1.310000, 236.812500, -42.562500, 3.125000
3264, -19.790001, -11.420000, 11.980000, 2.450000, -9.746667, -1.424444, -5.040000, -0.160000, 8.400000, 239.375000, -30.937500, 1.062500, -8.100000, -9.050000, -5.280000, 3.413333, -3.878889, -8.052222, -6.520000, -6.990000, 2.150000, 239.375000, -30.937500, 1.062500
3285, -14.850000, -3.910000, -7.730000, 2.965556, -12.555555, -1.722222, -2.960000, 0.160000, 9.340000, 241.875000, -17.562500, -0.937500, -6.710000, -1.130000, -11.810000, 3.808889, -3.841111, -9.098886, -5.060000, -7.790000, 3.120000, 241.875000, -17.562500, -0.937500
3305, 3.310000, -3.000000, -33.990002, 1.875556, -10.703333, -1.951111, -2.000000, 0.280000, 9.590000, 244.375000, -5.937500, -2.500000, -3.020000, 14.720000, -19.910000, 3.697778, -2.244444, -9.048889, -3.480000, -8.280000, 3.920000, 244.375000, -5.937500, -2.500000
3326, 24.480000, 5.500000, -49.119999, 0.955556, -2.920000, -3.066667, -1.120000, 0.400000, 9.730000, 247.750000, -6.562500, -2.312500, 9.060000, 44.950001, -20.150000, 3.914444, 2.190000, -5.748889, -2.450000, -8.370000, 4.480000, 247.750000, -6.562500, -2.312500
3344, 3.630000, -4.750000, -42.529999, -0.655556, 3.692222, -3.136667, -1.470000, 0.300000, 9.690000, 251.000000, -16.062500, -1.187500, 1.640000, 36.169998, -9.930000, -0.706667, 6.468889, 3.166667, -3.050000, -8.250000, 4.310000, 251.000000, -16.062500, -1.187500
3365, -4.710000, 2.620000, -46.630001, -0.407778, 13.581111, -3.257778, -5.360000, -0.050000, 8.200000, 254.437500, -33.125000, 0.375000, -12.390000, 5.980000, 0.770000, -3.475556, 7.131111, 8.090000, -4.700000, -7.930000, 3.310000, 254.437500, -33.125000, 0.375000
3385, -29.650000, 2.160000, 14.240000, -0.460000, 20.227777, -2.871111, -7.940000, -0.490000, 5.730000, 257.250000, -54.062500, 4.875000, -11.430000, 10.440000, 5.910000, -2.601111, 4.043334, 8.752601, -6.210000, -7.190000, 2.400000, 257.250000, -54.062500, 4.875000
3406, -24.200001, 9.610000, 19.660000, -1.392222, 7.818889, -1.617778, -8.330000, -0.680000, 5.110000, 258.562500, -62.250000, 11.125000, -13.610000, -9.100000, 4.290000, -3.933333, 1.344444, 8.972222, -7.440000, -6.140000, 1.720000, 258.562500, -62.250000, 11.125000
3426, -28.410000, 9.060000, 22.790001, -2.805556, 5.271111, -0.893333, -9.040000, -1.160000, 3.600000, 256.812500, -67.250000, 17.937500, -13.650000, -25.230000, 10.980000, -6.006667, 1.388889, 5.611111, -8.190000, -5.300000, 0.920000, 256.812500, -67.250000, 17.937500
3445, -30.090000, -3.020000, 35.740002, -3.731111, 2.596667, 1.817778, -9.150000, -1.130000, 3.330000, 252.500000, -67.187500, 14.500000, -17.620001, -33.900002, 24.459999, -3.280000, -0.090000, 0.082222, -8.360000, -5.100000, 0.380000, 252.500000, -67.187500, 14.500000
3465, -22.450001, -7.800000, 20.410000, -1.206667, -4.012222, 2.575556, -8.670000, -0.590000, 4.530000, 249.000000, -62.187500, 7.437500, -11.010000, -13.860000, 6.070000, 1.964444, -4.293334, -4.387778, -7.960000, -5.630000, 1.000000, 249.000000, -62.187500, 7.437500
3486, -20.110001, -1.340000, 13.610000, 0.462222, -7.646667, 1.816667, -7.880000, -0.250000, 5.820000, 247.312500, -53.500000, 2.500000, -9.320000, -8.060000, -1.000000, 1.660000, -5.418889, -6.290000, -7.130000, -6.420000, 1.980000, 247.312500, -53.500000, 2.500000
3506, -20.700001, 2.630000, 12.720000, 0.723333, -9.882222, 1.737778, -7.300000, -0.080000, 6.530000, 245.437500, -41.750000, -0.187500, -7.420000, 0.280000, -0.020000, 1.143333, -4.621111, -7.270000, -5.990000, -7.250000, 2.750000, 245.437500, -41.750000, -0.187500
3524, -22.110001, -1.010000, 4.010000, -0.706667, -13.856667, 1.850000, -4.250000, 0.100000, 8.642500, 243.312500, -25.687500, -0.687500, -5.840000, 1.460000, 0.000000, 0.843333, -3.948889, -7.012222, -4.720000, -7.930000, 3.300000, 243.312500, -25.687500, -0.687500
3545, -7.900000, 1.370000, -22.900000, -0.488889, -15.836667, 1.691111, -2.880000, 0.120000, 9.370000, 241.500000, -9.125000, -0.750000, -4.620000, 2.750000, -2.820000, 1.062222, -3.931111, -6.631111, -3.420000, -8.380000, 3.750000, 241.500000, -9.125000, -0.750000
3565, -0.770000, -1.240000, -19.910000, -0.763333, -12.058888, 1.898889, 0.450000, -0.020000, 9.790000, 239.437500, 2.625000, 0.125000, -2.310000, 8.670000, -6.820000, 1.264444, -4.301111, -6.361111, -2.050000, -8.630000, 4.170000, 239.437500, 2.625000, 0.125000
3586, 1.960000, -0.530000, -20.400000, -1.216667, -7.988889, 2.036667, 1.800000, -0.320000, 9.630000, 237.125000, 10.562500, 1.875000, 3.360000, 13.180000, -12.200000, 0.428889, -4.228889, -4.937778, -0.820000, -8.720000, 4.400000, 237.125000, 10.562500, 1.875000
3604, 8.320000, -9.610000, -24.090000, -1.583333, -5.394444, 2.540000, 2.280000, -0.510000, 9.520000, 234.375000, 15.562500, 4.250000, 9.560000, 11.620000, -16.530001, 0.101111, -3.137778, -1.923333, -0.060000, -8.730000, 4.450000, 234.375000, 15.562500, 4.250000
3625, 7.850000, -23.340000, -23.500000, -1.556667, -2.563150, 2.290000, 2.940000, -1.030000, 9.290000, 232.625000, 17.437500, 6.312500, 8.890000, 6.550000, -19.030001, 0.440000, -0.686667, 1.220000, -0.030000, -8.700000, 4.510000, 232.625000, 17.437500, 6.312500
3645, -0.800000, -6.460000, -13.360000, -0.050000, 0.281111, -0.497778, 2.920000, -1.020000, 9.300000, 233.875000, 16.562500, 5.625000, -1.010000, 5.390000, -10.930000, 0.444444, 2.100000, 2.254444, -0.510000, -8.650000, 4.580000, 233.875000, 16.562500, 5.625000
3666, -6.680000, 4.170000, -4.170000, 0.545556, 2.108889, -2.262222, 2.450000, -0.750000, 9.460000, 236.375000, 14.500000, 4.500000, -5.760000, 6.390000, -3.080000, -0.525556, 3.648889, 1.962222, -1.140000, -8.640000, 4.490000, 236.375000, 14.500000, 4.500000
3684, -12.710000, 8.900000, 11.990000, -0.378889, 1.917778, -1.948889, 2.230000, -0.770000, 9.510000, 238.437500, 13.187500, 4.625000, -10.620000, 1.740000, 7.770000, -1.870000, 3.638889, 1.171111, -1.680000, -8.730000, 4.130000, 238.437500, 13.187500, 4.625000
3705, -8.230000, 16.230000, 0.820000, -0.730000, -0.350000, -1.138889, 2.270000, -0.810000, 9.500000, 239.375000, 13.625000, 5.375000, -12.860000, 3.200000, 12.140000, -1.960000, 2.508889, -0.375556, -1.890000, -8.880000, 3.680000, 239.375000, 13.625000, 5.375000
3725, -3.420000, 15.090000, -7.050000, -1.464444, 0.148889, 0.495556, 2.220000, -1.200000, 9.470000, 238.625000, 13.062500, 7.187500, -5.830000, 14.880000, 9.630000, -0.482222, 0.884444, -0.135556, -1.920000, -8.950000, 3.500000, 238.625000, 13.062500, 7.187500
3746, -1.010000, 10.240000, -7.660000, -1.392222, 1.183333, 2.027778, 2.090000, -1.370000, 9.480000, 236.312500, 11.187500, 9.187500, -2.140000, 8.020000, 4.190000, -1.647778, -0.674444, 1.893333, -2.140000, -8.980000, 3.290000, 236.312500, 11.187500, 9.187500
3766, 2.030000, -7.690000, -6.860000, -0.878889, 1.933333, 3.045556, 1.430000, -1.780000, 9.530000, 233.312500, 8.375000, 10.562500, 5.530000, -6.070000, -7.060000, -1.768889, -1.507778, 2.644444, -2.490000, -8.980000, 3.030000, 233.312500, 8.375000, 10.562500
3785, 1.580000, -29.330000, -2.930000, -1.077778, 2.981111, 2.090000, 0.790000, -2.000000, 9.560000, 232.437500, 4.625000, 11.812500, 7.910000, -22.680000, -15.790000, -0.971111, -0.520000, 2.446667, -2.870000, -8.920000, 2.870000, 232.437500, 4.625000, 11.812500
3805, -8.390000, -31.190001, 29.500000, -0.381111, 2.750000, -1.423333, 0.570000, -2.020000, 9.570000, 234.812500, 3.437500, 11.437500, 2.940000, -29.450001, -11.020000, 0.186667, 1.102222, 0.843333, -3.140000, -8.662500, 2.810000, 234.812500, 3.437500, 11.437500
3826, -9.050000, -27.330000, 23.879999, 1.966667, -2.370000, -3.740000, 1.330000, -1.390000, 9.610000, 238.937500, 7.812500, 8.187500, -4.950000, -24.520000, -0.760000, 2.482222, 1.507778, -2.408889, -2.970000, -8.642500, 3.030000, 238.937500, 7.812500, 8.187500
3846, -7.660000, -8.460000, 4.290000, 3.991111, -5.152222, -5.163333, 1.860000, -0.940000, 9.580000, 244.000000, 13.875000, 2.812500, -6.950000, -8.120000, -3.450000, 4.438889, 0.037778, -5.440000, -2.190000, -8.810000, 3.680000, 244.000000, 13.875000, 2.812500
3864, -7.050000, 10.030000, -4.390000, 4.111111, -4.871111, -5.417778, 3.200000, 0.530000, 9.250000, 249.062500, 19.062500, -3.250000, -7.910000, 9.670000, -1.190000, 4.556667, 0.388889, -5.590000, -1.250000, -8.640000, 4.460000, 249.062500, 19.062500, -3.250000
3885, -8.170000, 21.389999, 0.030000, 3.625556, -4.541111, -4.457778, 3.930000, 1.360000, 8.682500, 252.875000, 23.625000, -8.687500, -9.010000, 14.680000, 6.460000, 3.406667, 1.031111, -4.246666, -0.590000, -8.380000, 5.050000, 252.875000, 23.625000, -8.687500
3905, -8.990000, 23.250000, 0.290000, 2.545556, -5.646667, -1.691111, 4.370000, 1.640000, 8.610000, 253.875000, 30.250000, -12.375000, -8.500000, 13.210000, 13.410000, 2.188889, -0.144444, -2.796667, -0.130000, -8.160000, 5.430000, 253.875000, 30.250000, -12.375000
3926, -7.190000, 20.790001, -7.530000, 1.331111, -7.734445, 1.290000, 6.150000, 1.750000, 7.420000, 252.312500, 38.875000, -13.312500, -4.040000, 8.240000, 4.990000, 1.218889, -2.424444, -2.068889, 0.380000, -8.000000, 5.650000, 252.312500, 38.875000, -13.312500
3944, -1.840000, 9.450000, -19.840000, -0.164444, -6.677778, 3.606667, 6.670000, 1.520000, 7.020000, 248.875000, 46.125000, -10.312500, 0.360000, 14.420000, -2.690000, 0.345556, -3.816667, -2.248889, 1.120000, -7.910000, 5.680000, 248.875000, 46.125000, -10.312500
3965, 0.630000, 2.160000, -22.879999, -0.664444, -3.763333, 4.400000, 7.510000, 0.520000, 6.280000, 244.500000, 50.000000, -4.750000, 5.730000, 19.090000, -8.320000, -0.295556, -2.940000, -0.111111, 1.590000, -7.910000, 5.570000, 244.500000, 50.000000, -4.750000
3985, 4.560000, -12.910000, -39.500000, -0.452222, -0.295556, 4.047778, 7.390000, -0.050000, 6.440000, 240.937500, 48.875000, 0.437500, 8.590000, 17.160000, -19.760000, -0.164444, -0.297778, 3.044445, 1.370000, -8.000000, 5.490000, 240.937500, 48.875000, 0.437500
4006, 0.090000, -8.800000, -44.330002, -0.833333, 5.736667, 1.352222, 7.020000, -0.190000, 6.830000, 240.750000, 40.500000, 1.750000, 3.020000, 11.150000, -19.500000, -1.580000, 4.901111, 5.066667, 0.270000, -8.170000, 5.400000, 240.750000, 40.500000, 1.750000
4026, -22.020000, -3.390000, -47.610001, -0.890000, 14.504444, -0.775556, 3.680000, -0.310000, 9.080000, 242.375000, 22.000000, 1.937500, -4.060000, 16.889999, -7.590000, -3.357778, 5.856667, 5.430000, -1.130000, -8.420000, 4.890000, 242.375000, 22.000000, 1.937500
4045, -39.930000, -8.980000, -35.810001, -2.010000, 23.516666, -1.316667, 1.590000, -0.460000, 9.660000, 244.812500, -4.250000, 4.187500, -4.840000, 12.420000, -12.940000, -5.111111, 5.343333, 7.591111, -2.720000, -8.560000, 3.920000, 244.812500, -4.250000, 4.187500
4065, -36.299999, -12.590000, 5.260000, -2.844445, 24.671112, -1.924444, -4.760000, -1.230000, 8.480000, 247.937500, -29.062500, 8.250000, -16.389999, -1.980000, -7.120000, -5.041111, 4.285555, 9.984445, -4.520000, -8.230000, 2.790000, 247.937500, -29.062500, 8.250000
4086, -29.940001, 0.110000, 18.320000, -1.150000, 17.826666, -2.010000, -6.950000, -1.610000, 6.710000, 250.750000, -45.187500, 13.500000, -17.330000, -5.520000, 1.700000, -3.851111, 3.912222, 9.736667, -6.190000, -7.390000, 1.750000, 250.750000, -45.187500, 13.500000
4106, -23.370001, 2.300000, 13.870000, -2.138889, 8.996667, -0.982222, -7.480000, -1.810000, 6.060000, 251.187500, -52.750000, 20.000000, -16.340000, -6.600000, 4.160000, -3.923333, 2.287778, 8.104445, -7.380000, -6.380000, 0.910000, 251.187500, -52.750000, 20.000000
4125, -28.990000, -0.100000, 33.830002, -3.520000, 3.420000, -0.107778, -8.010000, -2.340000, 5.130000, 249.250000, -54.812500, 24.437500, -12.650000, -33.570000, 14.530000, -4.293334, 2.117778, 4.767778, -8.060000, -5.570000, 0.120000, 249.250000, -54.812500, 24.437500
4145, -29.100000, -12.800000, 33.790001, -2.751111, -2.762222, 1.181111, -7.900000, -2.380000, 5.280000, 245.937500, -50.937500, 22.375000, -15.100000, -33.689999, 20.860001, -1.628889, -0.176667, -2.122222, -8.040000, -5.590000, -0.260000, 245.937500, -50.937500, 22.375000
4166, -26.090000, -17.170000, 22.920000, 0.102222, -9.351111, 0.996667, -6.340000, -2.160000, 7.150000, 244.000000, -40.312500, 16.812500, -12.530000, -20.070000, 4.200000, 2.625556, -4.690000, -8.604445, -7.190000, -6.640000, 0.480000, 244.000000, -40.312500, 16.812500
4186, -24.950001, -10.230000, 0.610000, 2.798889, -13.673333, -0.542726, -4.210000, -1.740000, 8.680000, 244.187500, -25.375000, 11.312500, -14.170000, -1.210000, -7.620000, 3.784444, -5.650000, -11.484445, -5.570000, -7.890000, 1.660000, 244.187500, -25.375000, 11.312500
4204, -12.640000, 5.030000, -28.049999, 4.218889, -14.367778, -1.131111, -2.970000, -1.420000, 9.230000, 245.000000, -10.250000, 6.562500, -15.950000, 7.190000, -10.310000, 4.171111, -4.683333, -12.372222, -3.400000, -8.770000, 2.740000, 245.000000, -10.250000, 6.562500
4225, 10.470000, 27.120001, -49.110001, 3.020000, -12.272223, -1.082222, 0.200000, -0.710000, 9.770000, 245.312500, 1.187500, 4.125000, 3.140000, 48.230000, -11.210000, 4.603333, -0.230000, -7.778889, -1.670000, -8.930000, 3.660000, 245.312500, 1.187500, 4.125000
4245, 11.690000, 11.070000, -41.200001, -1.707778, -1.857778, 1.380000, 0.360000, -0.870000, 9.760000, 243.250000, -0.062500, 7.062500, 4.790000, 48.169998, -1.290000, -3.480000, 1.460000, 5.061111, -2.110000, -8.960000, 3.360000, 243.250000, -0.062500, 7.062500
4266, -3.580000, 3.860000, -1.450000, -3.431111, 6.012222, 3.433333, -1.120000, -1.660000, 9.590000, 239.500000, -6.562500, 9.812500, -12.630000, -7.140000, 5.920000, -4.844444, -0.038889, 9.323334, -3.630000, -8.760000, 2.470000, 239.500000, -6.562500, 9.812500
4284, -7.610000, 11.480000, -10.140000, -0.637778, 4.143333, 5.226666, -2.130000, -1.530000, 9.440000, 233.437500, -12.500000, 9.187500, -8.280000, -1.360000, 7.260000, -2.041111, -3.261111, 7.777778, -4.860000, -8.200000, 2.260000, 233.437500, -12.500000, 9.187500
4305, -14.740000, -6.420000, 16.070000, 0.157778, 5.961111, 7.660000, -2.760000, -1.340000, 9.310000, 225.437500, -19.562500, 7.312500, -1.850000, -5.450000, 1.420000, -1.711111, -5.434444, 7.466667, -5.750000, -7.520000, 2.520000, 225.437500, -19.562500, 7.312500
4325, -14.000000, -38.160000, 29.510000, -1.246667, 1.425556, 5.838889, -3.280000, -1.070000, 9.170000, 220.750000, -19.500000, 6.625000, 4.430000, -31.969999, -20.830000, -1.797778, -3.330000, 2.585556, -6.160000, -7.120000, 2.720000, 220.750000, -19.500000, 6.625000
4346, -9.490000, -25.879999, 9.960000, 0.446667, -4.887778, -0.724444, -2.840000, -1.050000, 9.320000, 222.437500, -13.750000, 6.375000, 2.900000, -31.430000, -22.139999, -0.475556, -0.808889, -5.025556, -5.610000, -7.540000, 2.790000, 222.437500, -13.750000, 6.375000
4366, -5.000000, -21.430000, -0.270000, 0.086667, -4.676667, -3.890000, -1.450000, -1.260000, 9.610000, 226.812500, -8.500000, 7.500000, -3.880000, -12.940000, -17.110001, 0.514444, 2.288889, -7.334445, -4.640000, -8.210000, 2.670000, 226.812500, -8.500000, 7.500000
4385, -0.400000, -23.120001, -17.790001, -0.180000, -2.998889, -5.692222, -0.930000, -1.320000, 9.670000, 233.500000, -5.437500, 7.750000, -4.560000, -9.810000, -18.670000, 2.887778, 4.995555, -8.057777, -3.570000, -8.720000, 2.690000, 233.500000, -5.437500, 7.750000
4405, 7.450000, -10.730000, -49.029999, 2.593333, 3.167778, -7.678889, -1.130000, -1.160000, 9.670000, 242.750000, -11.437500, 5.375000, -3.640000, 11.340000, -13.880000, 4.377778, 6.912222, -5.776667, -2.820000, -8.890000, 3.000000, 242.750000, -11.437500, 5.375000
4426, -10.570000, 12.130000, -28.680000, 5.182222, 14.601111, -8.298889, -4.570000, -0.500000, 8.650000, 252.875000, -27.812500, 3.312500, -6.060000, 24.010000, -4.970000, 2.200000, 5.506667, -1.405556, -2.740000, -8.662500, 3.200000, 252.875000, -27.812500, 3.312500
4446, -25.570000, 16.330000, 18.350000, 2.866667, 16.197773, -6.030000, -5.810000, -0.570000, 7.870000, 259.812500, -43.125000, 5.875000, -9.100000, 26.090000, 4.440000, 0.398889, 5.178889, 1.066667, -3.420000, -8.740000, 2.800000, 259.812500, -43.125000, 5.875000
4465, -26.809999, 32.560001, 28.639999, 1.677778, 7.344444, -3.140000, -7.250000, -0.880000, 6.530000, 263.250000, -47.750000, 7.687500, -19.590000, -5.570000, 20.559999, -4.873333, 4.177778, 4.307778, -4.370000, -8.580000, 1.810000, 263.250000, -47.750000, 7.687500
4485, -28.730000, 20.920000, 31.559999, -0.846667, -3.511111, 0.217778, -6.500000, -0.960000, 7.270000, 261.125000, -41.500000, 7.500000, -19.580000, -23.400000, 33.240002, -2.366667, 0.140000, 0.305556, -4.640000, -8.570000, 1.060000, 261.125000, -41.500000, 7.500000
4505, -27.830000, 8.250000, 21.450001, -1.811111, -12.345555, 2.878889, -5.630000, -0.930000, 7.970000, 256.250000, -27.062500, 5.500000, -10.910000, -6.520000, 19.490000, 1.648889, -4.842222, -1.800000, -4.300000, -8.670000, 1.570000, 256.250000, -27.062500, 5.500000
4526, -20.930000, -0.320000, -1.100000, -0.934444, -16.226667, 4.474444, -1.720000, -0.720000, 9.620000, 250.375000, -10.125000, 4.250000, -6.320000, -6.790000, 6.720000, 1.723333, -5.905556, -2.468889, -3.710000, -8.770000, 2.300000, 250.375000, -10.125000, 4.250000
4544, -7.590000, -13.910000, -13.960000, -0.302222, -14.713333, 4.176667, -0.390000, -0.700000, 9.770000, 246.000000, 4.500000, 4.000000, 0.360000, -11.820000, -8.500000, 1.460000, -5.960000, -3.418889, -2.750000, -8.940000, 2.920000, 246.000000, 4.500000, 4.000000
4565, -4.420000, -6.820000, -14.530000, 1.143333, -11.152223, 1.471111, 2.640000, -0.440000, 9.430000, 244.312500, 15.625000, 2.687500, 0.040000, -5.030000, -10.650000, 2.515556, -3.188889, -6.737778, -1.430000, -9.060000, 3.460000, 244.312500, 15.625000, 2.687500
4585, 4.530000, -2.480000, -24.070000, 1.772222, -7.662222, 0.667778, 3.830000, -0.210000, 9.020000, 243.062500, 23.000000, 1.375000, -0.430000, 12.780000, -8.100000, 3.793333, -2.536667, -5.118889, -0.260000, -8.900000, 4.100000, 243.062500, 23.000000, 1.375000
4606, 10.080000, -3.190000, -36.880001, 1.237778, -4.353333, 0.883333, 4.200000, -0.140000, 8.662500, 242.062500, 26.562500, 0.625000, 7.120000, 27.910000, -16.360001, 3.852222, -1.410000, -1.026667, 0.240000, -8.570000, 4.750000, 242.062500, 26.562500, 0.625000
4624, 6.270000, 3.330000, -47.070000, 0.154444, 1.448889, 0.098889, 3.690000, -0.160000, 9.080000, 242.125000, 22.125000, 1.000000, 8.760000, 32.029999, -26.080000, 0.448889, 4.192222, 4.043334, -0.440000, -8.400000, 5.030000, 242.125000, 22.125000, 1.000000
4645, -3.190000, 4.060000, -44.959999, -1.637778, 10.264444, -0.110000, 2.790000, -0.300000, 9.390000, 242.750000, 9.000000, 3.062500, -4.260000, 19.290001, -12.990000, -2.314445, 6.235556, 5.423333, -1.980000, -8.560000, 4.330000, 242.750000, 9.000000, 3.062500
4665, -27.020000, -5.870000, -31.370001, -3.620000, 17.783333, 0.063333, -1.930000, -1.220000, 9.530000, 243.500000, -11.312500, 7.250000, -9.800000, 12.620000, -6.360000, -5.775556, 5.154444, 8.624444, -3.690000, -8.530000, 3.100000, 243.500000, -11.312500, 7.250000
4686, -32.759998, -0.150000, -3.340000, -2.925555, 19.571112, 0.487778, -5.120000, -1.530000, 8.210000, 243.687500, -31.500000, 10.500000, -19.020000, 3.890000, 3.470000, -4.971111, 2.824445, 11.257778, -5.540000, -7.830000, 1.990000, 243.687500, -31.500000, 10.500000
4706, -28.290001, 14.790000, 12.960000, -0.982222, 15.278889, 2.375556, -6.290000, -1.470000, 7.370000, 241.062500, -47.000000, 11.687500, -19.959999, -7.540000, 10.330000, -3.866667, 0.042222, 10.090000, -7.020000, -6.700000, 1.350000, 241.062500, -47.000000, 11.687500
4725, -30.190001, -2.140000, 26.990000, -2.654444, 9.912222, 4.607778, -8.200000, -0.970000, 5.280000, 235.250000, -56.750000, 10.437500, -12.200000, -22.500000, 11.070000, -2.613333, -1.473333, 7.475555, -7.960000, -5.590000, 1.170000, 235.250000, -56.750000, 10.437500
4745, -30.260000, -14.210000, 33.939999, -2.042222, 1.746667, 3.764444, -8.320000, -0.780000, 5.120000, 230.687500, -56.500000, 6.937500, -8.190000, -33.869999, 5.740000, -1.920000, -1.748889, 4.790000, -8.220000, -5.170000, 1.320000, 230.687500, -56.500000, 6.937500
4766, -25.020000, -15.380000, 26.940001, -1.480000, -6.776667, 1.327778, -7.280000, -0.690000, 6.520000, 228.875000, -47.937500, 6.062500, -7.290000, -28.480000, -1.860000, -0.070000, -2.744444, -5.170000, -7.750000, -5.750000, 1.710000, 228.875000, -47.937500, 6.062500
4786, -27.760000, -13.930000, 22.370001, -0.702222, -11.172222, -0.933333, -5.560000, -0.910000, 8.020000, 229.437500, -34.500000, 6.437500, -9.470000, -14.580000, -2.250000, 0.428889, -1.992222, -7.847778, -6.790000, -6.760000, 2.040000, 229.437500, -34.500000, 6.437500
4804, -25.240000, -10.800000, -2.200000, 0.416667, -15.464444, -2.110000, -2.860000, -0.960000, 9.320000, 231.125000, -16.937500, 5.875000, -10.020000, -11.160000, -1.390000, 0.847778, -2.010000, -8.517777, -5.490000, -7.740000, 2.450000, 231.125000, -16.937500, 5.875000
4825, -15.850000, -10.290000, -23.250000, 1.600000, -16.266666, -2.560000, -0.020000, -0.710000, 9.780000, 233.562500, -0.125000, 4.125000, -11.040000, -5.270000, -7.060000, 3.115556, -2.617778, -9.987778, -3.840000, -8.460000, 3.100000, 233.562500, -0.125000, 4.125000
4845, -8.090000, -3.620000, -17.540001, 2.098889, -11.438889, -3.467778, 1.050000, -0.500000, 9.730000, 237.000000, 11.187500, 1.562500, -9.090000, 4.620000, -11.390000, 3.892222, -2.411111, -10.102222, -2.950000, -8.670000, 3.490000, 237.000000, 11.187500, 1.562500
4866, -7.230000, -5.780000, -16.790001, 1.995556, -8.506667, -3.643333, 3.400000, 0.300000, 9.190000, 240.687500, 20.250000, -1.875000, -3.350000, 15.840000, -12.440000, 4.686666, -0.500000, -7.068889, -0.710000, -8.570000, 4.690000, 240.687500, 20.250000, -1.875000
4884, 0.990000, 0.130000, -33.970001, 2.596667, -6.897778, -4.146667, 4.330000, 1.070000, 8.720000, 245.062500, 26.250000, -7.000000, -1.750000, 20.170000, -11.330000, 4.000000, 0.694444, -3.810000, -0.020000, -8.190000, 5.370000, 245.062500, 26.250000, -7.000000
4905, 0.610000, 9.370000, -30.650000, 2.274444, -2.453333, -4.664444, 4.430000, 1.760000, 8.560000, 249.562500, 26.875000, -11.625000, 2.180000, 28.780001, -13.150000, 3.128889, 1.314444, -2.243333, -0.030000, -7.910000, 5.790000, 249.562500, 26.875000, -11.625000
4925, -3.060000, 9.590000, -23.570000, 0.160000, 2.576667, -3.168889, 3.730000, 1.890000, 8.672500, 252.125000, 22.375000, -12.000000, -2.270000, 18.660000, -10.670000, -0.541111, 5.317778, 3.120000, -0.920000, -7.880000, 5.750000, 252.125000, 22.375000, -12.000000
4946, -1.150000, 9.070000, -35.160000, -1.806667, 6.231111, -1.538889, 3.170000, 1.780000, 9.100000, 253.125000, 14.062500, -9.562500, -3.940000, 13.130000, -5.830000, -1.584444, 6.348889, 3.468889, -1.520000, -7.920000, 5.560000, 253.125000, 14.062500, -9.562500
4964, -11.480000, -9.170000, -34.049999, -3.477778, 12.082222, -0.788889, -0.100000, 0.910000, 9.760000, 253.437500, -0.562500, -5.312500, -3.440000, 11.440000, -5.680000, -3.646667, 5.585556, 5.103333, -3.370000, -8.070000, 4.430000, 253.437500, -0.562500, -5.312500
4985, -19.870001, -16.000000, -25.200001, -3.917778, 17.228889, -1.520000, -3.380000, 0.220000, 9.200000, 254.437500, -20.187500, -1.375000, -4.670000, 3.630000, -6.390000, -3.657778, 5.450000, 6.330000, -4.810000, -7.790000, 3.500000, 254.437500, -20.187500, -1.375000
5005, -29.049999, -18.990000, 4.280000, -1.868889, 19.038889, -2.554445, -4.980000, -0.030000, 8.440000, 257.250000, -40.250000, 2.062500, -5.100000, -7.540000, -3.100000, -2.338889, 4.868889, 7.647778, -6.130000, -7.140000, 2.730000, 257.250000, -40.250000, 2.062500
5026, -31.920000, -10.220000, 32.590000, -0.243333, 15.187778, -3.872222, -7.960000, -0.840000, 5.650000, 261.875000, -54.312500, 8.500000, -3.670000, -13.250000, -4.610000, -2.607778, 3.398889, 5.480000, -7.060000, -6.500000, 2.000000, 261.875000, -54.312500, 8.500000
5046, -31.000000, -6.910000, 33.869999, 0.211111, 5.932222, -3.806667, -8.230000, -1.130000, 5.190000, 266.375000, -56.312500, 14.062500, -9.110000, -32.840000, 4.860000, -2.887778, 4.274445, 3.723333, -7.350000, -6.290000, 1.530000, 266.375000, -56.312500, 14.062500
5065, -25.030001, -6.190000, 25.700001, 2.161111, -6.091111, -2.858889, -7.260000, -1.430000, 6.430000, 269.812500, -47.750000, 12.500000, -18.889999, -32.660000, 16.030001, 1.723333, 2.112222, -6.254445, -6.940000, -6.890000, 0.610000, 269.812500, -47.750000, 12.500000
5085, -25.920000, -5.380000, 16.980000, 3.518889, -9.981112, -2.074445, -5.750000, -1.140000, 7.850000, 272.750000, -35.937500, 8.250000, -18.400000, -11.610000, 0.310000, 4.576667, 0.851111, -8.731112, -5.630000, -7.930000, 1.230000, 272.750000, -35.937500, 8.250000
5106, -23.660000, 22.969999, 0.510000, 4.075555, -13.077778, -1.336667, -3.530000, -0.700000, 9.120000, 273.625000, -21.125000, 4.375000, -12.930000, 22.730000, 3.180000, 4.600000, 0.921111, -9.923333, -4.220000, -8.680000, 1.700000, 273.625000, -21.125000, 4.375000
5126, -16.770000, 20.280001, -16.600000, -0.200000, -14.777778, 1.253333, -0.930000, -0.850000, 9.720000, 271.250000, -5.437500, 5.000000, -13.290000, 17.370001, 11.950000, -0.337778, -1.335556, -4.388889, -3.310000, -9.050000, 1.770000, 271.250000, -5.437500, 5.000000
5144, -1.480000, 11.600000, -26.330000, -2.632222, -12.396667, 2.221111, 0.180000, -1.080000, 9.740000, 268.000000, 5.937500, 7.625000, -10.140000, 8.180000, 13.530000, -0.485556, -2.501111, -3.288889, -2.980000, -9.160000, 1.800000, 268.000000, 5.937500, 7.625000
5165, 0.040000, 5.670000, -16.670000, -0.940000, -6.668889, 2.838889, 1.990000, -1.420000, 9.490000, 264.375000, 11.687500, 8.500000, -7.160000, 8.220000, 9.940000, 0.728889, -4.191111, -1.695556, -2.300000, -9.240000, 2.300000, 264.375000, 11.687500, 8.500000
5185, 2.350000, -2.280000, -14.530000, 1.314444, -3.285556, 3.115556, 2.380000, -1.290000, 9.420000, 260.625000, 14.062500, 7.812500, 0.610000, 7.320000, -1.680000, 2.166667, -5.166667, -0.152222, -2.160000, -9.200000, 2.600000, 260.625000, 14.062500, 7.812500
5206, 2.920000, -3.080000, -13.590000, 1.690000, -0.927778, 2.442222, 2.410000, -1.100000, 9.440000, 258.062500, 14.187500, 6.687500, 6.830000, 2.470000, -12.340000, 2.607778, -4.124444, 0.533333, -1.920000, -8.960000, 3.480000, 258.062500, 14.187500, 6.687500
5224, 0.610000, -3.520000, -3.980000, 0.992222, 0.821111, 1.676667, 2.163125, -1.050000, 9.490000, 256.250000, 13.062500, 6.312500, 8.420000, 4.290000, -12.970000, 1.342222, -2.295556, 0.043333, -1.810000, -8.900000, 3.690000, 256.250000, 13.062500, 6.312500
5245, 0.470000, -7.410000, -2.140000, -0.024444, 0.630000, 1.247778, 2.140000, -1.070000, 9.500000, 255.187500, 12.375000, 6.687500, 3.430000, -2.240000, -7.070000, -0.511111, -0.755556, 0.367778, -1.810000, -8.910000, 3.660000, 255.187500, 12.375000, 6.687500
5265, 0.340000, -8.590000, -1.460000, -0.468889, 0.186667, 0.531111, 2.060000, -1.210000, 9.500000, 254.750000, 12.125000, 7.250000, 1.340000, -4.260000, -4.710000, -0.725556, -0.102222, 0.367778, -1.900000, -8.960000, 3.500000, 254.750000, 12.125000, 7.250000
5286, -0.120000, -8.790000, 0.000000, -0.003333, 0.217778, 0.058889, 2.020000, -1.170000, 9.520000, 254.812500, 11.875000, 7.000000, 0.360000, -4.290000, -2.150000, 0.070000, 0.013333, 0.341111, -1.950000, -8.930000, 3.550000, 254.812500, 11.875000, 7.000000
5306, -0.770000, -4.400000, 1.290000, 0.778889, 0.223333, -0.404444, 2.000000, -0.990000, 9.540000, 255.312500, 11.750000, 5.937500, 0.550000, -2.020000, -1.560000, 0.781111, -0.033712, 0.141111, -1.960000, -8.682500, 3.690000, 255.312500, 11.750000, 5.937500
5325, -0.580000, 1.480000, 0.440000, 0.983333, -0.026667, -0.697778, 2.030000, -0.800000, 9.550000, 255.937500, 11.937500, 4.812500, -0.020000, 0.010000, -0.890000, 0.805556, 0.128889, -0.141111, -1.940000, -8.632500, 3.810000, 255.937500, 11.937500, 4.812500
5345, -0.530000, 2.530000, -0.370000, 0.573333, -0.160000, -0.557778, 2.050000, -0.740000, 9.560000, 256.437500, 12.125000, 4.187500, -1.200000, 1.980000, 1.550000, 0.604444, 0.471111, -0.345556, -1.920000, -8.800000, 3.850000, 256.437500, 12.125000, 4.187500
5366, -0.790000, 3.130000, -0.330000, 0.163333, -0.051111, -0.402222, 2.070000, -0.660000, 9.560000, 256.812500, 12.187500, 4.000000, -1.970000, 1.320000, 2.220000, 0.214444, 0.478889, -0.218889, -1.920000, -8.790000, 3.890000, 256.812500, 12.187500, 4.000000
5386, -1.180000, 1.880000, 0.580000, 0.053333, 0.048889, -0.180000, 2.060000, -0.640000, 9.560000, 256.937500, 12.125000, 3.875000, -1.760000, 0.780000, 2.640000, 0.163333, 0.313333, -0.146667, -1.920000, -8.780000, 3.900000, 256.937500, 12.125000, 3.875000
5405, -0.690000, 2.070000, 0.200000, 0.205556, 0.116667, -0.064444, 2.040000, -0.600000, 9.570000, 256.937500, 12.000000, 3.562500, -1.110000, 0.610000, 1.210000, 0.210000, 0.053333, -0.117778, -1.900000, -8.760000, 3.950000, 256.937500, 12.000000, 3.562500
5425, -0.580000, 0.960000, 0.440000, 0.332222, 0.165556, 0.143333, 2.010000, -0.550000, 9.580000, 256.750000, 11.812500, 3.312500, 0.030000, 0.550000, 0.040000, 0.395556, 0.228889, -0.083333, -1.910000, -8.740000, 4.010000, 256.750000, 11.812500, 3.312500
5446, 0.160000, 1.290000, -1.100000, 0.323333, 0.183333, 0.122222, 1.990000, -0.520000, 9.580000, 256.562500, 11.500000, 2.937500, 0.160000, 0.080000, -1.140000, 0.502222, 0.637778, -0.155556, -1.920000, -8.720000, 4.040000, 256.562500, 11.500000, 2.937500
5466, -0.220000, -0.120000, 0.070000, 0.261111, 0.392222, 0.254444, 1.890000, -0.460000, 9.600000, 256.250000, 11.125000, 2.750000, 0.220000, 1.060000, 0.370000, 0.654444, 1.108889, -0.124444, -2.010000, -8.660000, 4.130000, 256.250000, 11.125000, 2.750000
5484, -0.090000, -0.390000, -0.050000, 0.176667, 0.194444, 0.208889, 1.860000, -0.440000, 9.610000, 256.000000, 10.937500, 2.625000, 0.110000, 0.300000, 0.610000, 0.402222, 0.774444, 0.068889, -2.050000, -8.640000, 4.150000, 256.000000, 10.937500, 2.625000
5505, -0.190000, -1.220000, 0.000000, 0.143333, 0.061111, 0.197778, 1.850000, -0.430000, 9.610000, 255.812500, 10.875000, 2.500000, 0.500000, 0.050000, 0.100000, 0.261111, 0.303333, 0.112222, -2.100000, -8.610000, 4.180000, 255.812500, 10.875000, 2.500000
5525, -0.210000, -0.670000, -0.370000, 0.115556, -0.017778, 0.043333, 1.860000, -0.400000, 9.610000, 255.812500, 10.937500, 2.375000, 0.450000, 0.260000, -0.700000, 0.032222, -0.045556, 0.078889, -2.120000, -8.600000, 4.190000, 255.812500, 10.937500, 2.375000
5546, -0.720000, -0.440000, 1.170000, 0.028889, -0.067778, -0.033712, 1.860000, -0.400000, 9.610000, 255.812500, 11.062500, 2.375000, 0.410000, -1.110000, -0.450000, -0.003333, 0.000000, 0.093333, -2.130000, -8.600000, 4.190000, 255.812500, 11.062500, 2.375000
5564, -0.300000, -0.710000, -0.060000, -0.076667, -0.338889, -0.076667, 1.950000, -0.410000, 9.600000, 255.937500, 11.437500, 2.437500, -0.450000, -0.170000, 0.040000, -0.030000, -0.064444, -0.106667, -2.110000, -8.600000, 4.190000, 255.937500, 11.437500, 2.437500
5585, -0.190000, -0.030000, -0.090000, -0.040000, -0.262222, -0.144444, 1.990000, -0.410000, 9.590000, 256.062500, 11.687500, 2.437500, -0.420000, -0.120000, 0.090000, 0.102222, 0.005556, -0.083333, -2.100000, -8.600000, 4.200000, 256.062500, 11.687500, 2.437500
5605, -0.180000, -0.070000, -0.380000, 0.088889, -0.178889, -0.066667, 2.010000, -0.400000, 9.580000, 256.125000, 11.875000, 2.250000, -0.800000, 0.520000, 0.510000, 0.163333, -0.013333, 0.018889, -2.100000, -8.590000, 4.230000, 256.125000, 11.875000, 2.250000
5626, -0.760000, 1.010000, 0.810000, 0.227778, -0.054444, -0.047778, 2.030000, -0.340000, 9.580000, 256.125000, 12.000000, 2.000000, -0.040000, 0.000000, -0.210000, 0.231111, -0.033333, 0.181111, -2.130000, -8.550000, 4.280000, 256.125000, 12.000000, 2.000000
5646, -0.880000, -0.310000, 0.470000, 0.188889, -0.187778, 0.025556, 2.050000, -0.320000, 9.580000, 256.125000, 12.187500, 1.812500, -0.490000, 0.180000, 0.720000, 0.192222, 0.004444, 0.068889, -2.140000, -8.540000, 4.300000, 256.125000, 12.187500, 1.812500
5665, -0.710000, 0.040000, 0.670000, 0.116667, -0.274444, -0.044444, 2.130000, -0.290000, 9.560000, 256.125000, 12.562500, 1.750000, -0.410000, -0.650000, 0.720000, 0.088889, -0.113333, -0.042222, -2.110000, -8.530000, 4.330000, 256.125000, 12.562500, 1.750000
5685, -0.240000, -0.340000, -0.360000, 0.046667, -0.327778, -0.045556, 2.180000, -0.270000, 9.550000, 256.187500, 12.875000, 1.625000, -0.170000, -0.240000, 0.100000, 0.077778, -0.291111, -0.196667, -2.080000, -8.540000, 4.340000, 256.187500, 12.875000, 1.625000
5706, -0.050000, -0.530000, -0.270000, 0.173333, -0.208889, -0.104444, 2.200000, -0.250000, 9.550000, 256.312500, 13.062500, 1.375000, 0.140000, 0.210000, -0.110000, 0.216667, -0.216667, -0.186667, -2.030000, -8.530000, 4.380000, 256.312500, 13.062500, 1.375000
5726, 0.150000, -0.190000, -0.850000, 0.273333, -0.171111, -0.126667, 2.250000, -0.180000, 9.540000, 256.375000, 13.250000, 1.062500, 0.170000, 0.450000, -0.130000, 0.253333, -0.176667, -0.098889, -1.980000, -8.500000, 4.450000, 256.375000, 13.250000, 1.062500
5745, -0.220000, 0.030000, 0.280000, 0.255556, -0.067778, -0.111111, 2.250000, -0.150000, 9.540000, 256.437500, 13.375000, 0.750000, 0.360000, 0.510000, -0.140000, 0.258889, -0.108889, -0.006667, -1.980000, -8.490000, 4.470000, 256.437500, 13.375000, 0.750000
5765, 0.070000, 0.000000, -0.820000, 0.251111, -0.157778, -0.071111, 2.290000, -0.080000, 9.530000, 256.500000, 13.500000, 0.500000, 0.110000, 0.610000, 0.260000, 0.183333, -0.060000, 0.011111, -1.970000, -8.470000, 4.520000, 256.500000, 13.500000, 0.500000
5785, -0.030000, 0.200000, -0.660000, 0.156667, -0.037778, -0.033712, 2.290000, -0.050000, 9.530000, 256.500000, 13.500000, 0.312500, 0.050000, 1.250000, 0.280000, 0.127778, -0.133333, 0.043333, -1.970000, -8.460000, 4.540000, 256.500000, 13.500000, 0.312500
5806, 0.220000, 0.940000, -1.030000, 0.070000, 0.070000, 0.026667, 2.280000, -0.050000, 9.530000, 256.437500, 13.375000, 0.312500, 0.090000, 0.660000, 0.180000, -0.045556, -0.211111, 0.171111, -1.970000, -8.450000, 4.540000, 256.437500, 13.375000, 0.312500
5824, -0.310000, 0.140000, 0.320000, -0.013333, 0.153333, 0.066667, 2.250000, -0.050000, 9.540000, 256.375000, 13.250000, 0.312500, -0.210000, -0.360000, 0.300000, -0.076667, -0.182222, 0.224444, -2.000000, -8.450000, 4.530000, 256.375000, 13.187500, 0.312500
5845, -0.290000, -0.190000, 0.240000, 0.020000, 0.102222, 0.054444, 2.240000, -0.050000, 9.540000, 256.312500, 13.125000, 0.312500, 0.000000, -0.260000, 0.000000, -0.063333, -0.198889, 0.136667, -2.000000, -8.450000, 4.530000, 256.312500, 13.125000, 0.312500
5865, -0.480000, -0.120000, 0.600000, -0.037778, 0.045556, 0.026667, 2.230000, -0.060000, 9.540000, 256.312500, 13.125000, 0.375000, -0.410000, -0.280000, 0.240000, -0.094444, -0.195556, 0.084444, -2.000000, -8.460000, 4.520000, 256.312500, 13.125000, 0.375000
5886, -0.330000, 0.020000, 0.160000, -0.030000, 0.012222, 0.010000, 2.220000, -0.070000, 9.540000, 256.312500, 13.125000, 0.375000, -0.540000, -0.180000, 0.430000, -0.113333, -0.220000, 0.065556, -1.990000, -8.460000, 4.520000, 256.312500, 13.125000, 0.375000
5904, -0.420000, 0.170000, 0.580000, 0.002222, -0.001111, 0.016667, 2.170000, -0.050000, 9.560000, 256.312500, 12.812500, 0.312500, -0.690000, -0.210000, 0.750000, -0.063333, -0.212222, 0.106667, -1.990000, -8.470000, 4.520000, 256.250000, 12.812500, 0.250000
5925, -0.280000, 0.610000, 0.230000, 0.098889, 0.011111, 0.052222, 2.170000, -0.040000, 9.560000, 256.187500, 12.750000, 0.187500, -0.140000, 0.030000, 0.010000, 0.004444, -0.236667, 0.101111, -1.990000, -8.460000, 4.520000, 256.187500, 12.750000, 0.187500
5945, -0.450000, 0.300000, 0.780000, 0.028889, 0.017778, 0.103333, 2.170000, -0.040000, 9.560000, 256.125000, 12.750000, 0.250000, -0.250000, -0.230000, 0.420000, -0.046667, -0.156667, 0.073333, -1.990000, -8.460000, 4.520000, 256.125000, 12.750000, 0.250000
5966, -0.220000, -0.010000, 0.310000, -0.026667, -0.033712, 0.112222, 2.170000, -0.050000, 9.560000, 256.000000, 12.812500, 0.312500, 0.010000, -0.210000, -0.040000, -0.063333, -0.160000, -0.006667, -1.980000, -8.470000, 4.520000, 255.937500, 12.812500, 0.375000
5986, -0.170000, -0.250000, 0.320000, -0.090000, -0.013333, 0.101111, 2.180000, -0.070000, 9.560000, 255.875000, 12.812500, 0.437500, -0.250000, -0.240000, 0.430000, -0.073333, -0.126667, -0.027778, -1.960000, -8.470000, 4.510000, 255.875000, 12.812500, 0.437500
6005, -0.350000, -0.710000, 0.730000, -0.043333, -0.030000, 0.094444, 2.180000, -0.080000, 9.550000, 255.812500, 12.875000, 0.437500, -0.130000, -0.360000, 0.150000, 0.000000, -0.160000, 0.008889, -1.950000, -8.470000, 4.520000, 255.812500, 12.875000, 0.437500
6025, -0.190000, -0.380000, -0.110000, 0.071111, -0.096667, 0.064444, 2.200000, -0.060000, 9.550000, 255.687500, 13.000000, 0.375000, -0.060000, 0.210000, 0.160000, 0.077778, -0.118889, -0.002222, -1.940000, -8.470000, 4.530000, 255.687500, 13.000000, 0.312500
6046, -0.190000, 0.330000, -0.280000, 0.111111, -0.047778, 0.001111, 2.163125, -0.050000, 9.550000, 255.750000, 13.000000, 0.250000, -0.020000, 0.140000, -0.220000, 0.071111, -0.095556, -0.013333, -1.930000, -8.460000, 4.550000, 255.750000, 13.000000, 0.250000
6066, -0.290000, 0.520000, -0.020000, 0.025556, 0.025556, -0.018889, 2.200000, -0.040000, 9.550000, 255.750000, 13.000000, 0.250000, -0.560000, 0.500000, 0.490000, 0.001111, -0.008889, -0.026667, -1.920000, -8.460000, 4.550000, 255.750000, 12.937500, 0.250000
6084, -0.550000, 0.500000, 0.360000, 0.013333, 0.067778, 0.011111, 2.190000, -0.040000, 9.550000, 255.687500, 12.875000, 0.250000, -0.540000, 0.080000, 0.350000, 0.022222, -0.045556, 0.061111, -1.930000, -8.460000, 4.560000, 255.687500, 12.875000, 0.250000
6105, -0.610000, 0.320000, 0.460000, 0.074444, 0.011111, 0.100000, 2.190000, -0.030000, 9.550000, 255.562500, 12.875000, 0.187500, -0.490000, -0.190000, 0.530000, 0.063333, -0.092222, 0.078889, -1.930000, -8.450000, 4.570000, 255.562500, 12.875000, 0.187500
6125, -0.650000, -0.100000, 0.550000, 0.063333, -0.015556, 0.106667, 2.200000, -0.020000, 9.550000, 255.437500, 12.937500, 0.125000, -0.140000, -0.260000, -0.180000, 0.040000, -0.134444, 0.000000, -1.930000, -8.450000, 4.580000, 255.437500, 13.000000, 0.187500
6146, -0.440000, -0.230000, 0.330000, -0.032222, -0.102222, 0.045556, 2.200000, -0.030000, 9.550000, 255.437500, 13.062500, 0.187500, -0.350000, -0.180000, 0.280000, -0.070000, -0.024444, -0.083333, -1.910000, -8.450000, 4.570000, 255.437500, 13.062500, 0.187500
6164, -0.170000, -0.220000, -0.100000, -0.035556, -0.063333, -0.007778, 2.220000, -0.030000, 9.550000, 255.437500, 13.125000, 0.187500, -0.290000, -0.160000, -0.050000, 0.006667, -0.062222, -0.048889, -1.900000, -8.460000, 4.570000, 255.437500, 13.125000, 0.187500
6185, -0.370000, -0.320000, 0.040000, 0.058889, -0.005556, 0.033712, 2.220000, -0.020000, 9.550000, 255.375000, 13.125000, 0.125000, -0.160000, 0.110000, 0.020000, 0.083333, -0.063333, -0.012222, -1.890000, -8.450000, 4.590000, 255.375000, 13.125000, 0.125000
6205, -0.400000, 0.380000, 0.120000, 0.055556, -0.036667, 0.006667, 2.230000, -0.020000, 9.540000, 255.375000, 13.125000, 0.125000, -0.280000, 0.220000, 0.050000, 0.036667, -0.047778, -0.025556, -1.890000, -8.450000, 4.600000, 255.375000, 13.125000, 0.125000
6226, -0.320000, -0.030000, -0.140000, -0.022222, -0.028889, 0.033712, 2.230000, -0.020000, 9.540000, 255.312500, 13.187500, 0.125000, -0.410000, 0.100000, 0.360000, -0.021111, -0.008889, -0.038889, -1.880000, -8.450000, 4.600000, 255.312500, 13.187500, 0.187500
6244, -0.340000, -0.170000, -0.060000, -0.020000, 0.018889, 0.033333, 2.230000, -0.030000, 9.540000, 255.312500, 13.062500, 0.187500, -0.210000, 0.290000, 0.220000, 0.011111, -0.051111, -0.021111, -1.870000, -8.450000, 4.600000, 255.312500, 13.062500, 0.187500
6265, -0.350000, 0.000000, -0.010000, 0.031111, 0.028889, 0.008889, 2.190000, -0.030000, 9.550000, 255.312500, 12.875000, 0.187500, -0.070000, 0.270000, 0.030000, 0.027778, -0.048889, -0.005556, -1.870000, -8.440000, 4.610000, 255.312500, 12.875000, 0.125000
