0, 0.170000, 0.340000, -0.880000, -0.017778, -0.013333, -0.014444, 3.650000, 0.200000, 9.090000, 249.062500, 21.875000, -1.250000, 0.220000, 0.660000, -0.340000, 0.033333, 0.025556, 0.063333, 0.600000, -8.890000, 4.080000, 249.125000, 21.875000, -1.187500
19, 0.290000, 0.170000, -0.820000, -0.070000, 0.056667, 0.008889, 3.650000, 0.190000, 9.090000, 248.687500, 21.812500, -1.187500, 0.140000, 0.360000, -0.280000, -0.037778, 0.053333, 0.142222, 0.580000, -8.890000, 4.070000, 248.625000, 21.750000, -1.125000
35, 0.320000, -0.180000, -0.650000, -0.082222, 0.104444, 0.021111, 3.620000, 0.170000, 9.100000, 248.625000, 21.687500, -1.062500, 0.180000, 0.070000, -0.190000, -0.050000, 0.053333, 0.227778, 0.550000, -8.900000, 4.060000, 248.625000, 21.687500, -1.062500
56, 0.170000, -0.310000, 0.030000, -0.080000, 0.187778, -0.002222, 3.590000, 0.160000, 9.120000, 248.687500, 21.500000, -1.000000, 0.210000, -0.180000, -0.300000, -0.053333, 0.061111, 0.245556, 0.500000, -8.910000, 4.060000, 248.687500, 21.500000, -1.000000
76, 0.190000, 0.050000, 0.330000, -0.066667, 0.113333, -0.053333, 3.570000, 0.150000, 9.120000, 248.500000, 21.375000, -0.937500, 0.020000, -0.720000, 0.060000, -0.022222, 0.078889, 0.250000, 0.450000, -8.910000, 4.050000, 248.500000, 21.375000, -0.937500
94, 0.290000, 0.100000, 0.370000, -0.090000, 0.074444, -0.088889, 3.560000, 0.140000, 9.130000, 248.562500, 21.312500, -0.875000, 0.200000, -0.550000, 0.160000, 0.026667, 0.074444, 0.193333, 0.410000, -8.910000, 4.060000, 248.562500, 21.312500, -0.875000
115, 0.060000, 0.770000, 1.240000, -0.097778, 0.062222, -0.075556, 3.550000, 0.130000, 9.130000, 248.437500, 21.250000, -0.812500, -0.200000, -0.600000, 1.010000, 0.018889, 0.052222, 0.158889, 0.380000, -8.910000, 4.060000, 248.437500, 21.250000, -0.812500
135, 0.210000, 1.360000, 0.800000, -0.100000, -0.024444, -0.002222, 3.560000, 0.100000, 9.130000, 248.437500, 21.250000, -0.687500, -0.180000, -0.470000, 1.340000, -0.024444, -0.032222, 0.098889, 0.360000, -8.910000, 4.060000, 248.437500, 21.250000, -0.687500
156, 0.200000, 1.590000, 0.890000, -0.206667, -0.021111, 0.100000, 3.560000, 0.070000, 9.130000, 248.375000, 21.312500, -0.437500, -0.130000, -0.260000, 1.390000, -0.127778, -0.086667, 0.038889, 0.350000, -8.920000, 4.050000, 248.375000, 21.312500, -0.437500
174, 0.270000, 1.690000, 0.880000, -0.258889, -0.030000, 0.142222, 3.570000, 0.010000, 9.130000, 247.875000, 21.312500, -0.062500, -0.070000, -0.110000, 1.660000, -0.192222, -0.172222, 0.025556, 0.360000, -8.930000, 4.010000, 247.875000, 21.312500, -0.062500
195, 0.330000, 1.340000, 0.760000, -0.280000, -0.075556, 0.250000, 3.580000, -0.050000, 9.120000, 247.687500, 21.375000, 0.312500, -0.020000, -0.150000, 1.660000, -0.231111, -0.262222, 0.006667, 0.380000, -8.950000, 3.970000, 247.687500, 21.375000, 0.312500
215, 0.100000, 1.610000, 1.170000, -0.210000, -0.153333, 0.261111, 3.600000, -0.020000, 9.110000, 247.125000, 21.562500, 0.125000, -0.120000, -0.230000, 1.540000, -0.230000, -0.347778, -0.026667, 0.400000, -8.970000, 3.930000, 247.125000, 21.562500, 0.125000
236, 0.240000, 1.340000, 0.560000, -0.086667, -0.358889, 0.388889, 3.660000, -0.020000, 9.090000, 246.750000, 21.937500, 0.125000, -0.060000, 0.040000, 1.510000, -0.265556, -0.464444, -0.063333, 0.440000, -8.970000, 3.920000, 246.750000, 21.937500, 0.125000
254, -0.130000, 1.790000, 0.670000, -0.082222, -0.458889, 0.483333, 3.730000, -0.070000, 9.060000, 246.250000, 22.375000, 0.437500, -0.230000, 0.710000, 0.970000, -0.382222, -0.548889, -0.070000, 0.490000, -8.990000, 3.860000, 246.250000, 22.375000, 0.437500
275, -0.410000, 2.280000, 0.570000, -0.096667, -0.571111, 0.574444, 3.780000, -0.100000, 9.040000, 245.375000, 23.062500, 0.875000, -0.360000, 0.720000, 0.990000, -0.537778, -0.728889, -0.072222, 0.550000, -9.030000, 3.770000, 245.375000, 23.062500, 0.875000
295, -1.540000, 2.550000, 1.310000, -0.128889, -1.148889, 1.052222, 4.010000, -0.230000, 8.940000, 244.312500, 24.125000, 1.500000, -1.020000, 1.470000, 0.960000, -0.778889, -1.046667, -0.042222, 0.630000, -9.080000, 3.630000, 244.312500, 24.125000, 1.500000
316, -1.040000, 1.010000, -1.030000, -0.116667, -1.361111, 1.306667, 4.120000, -0.290000, 8.890000, 242.562500, 25.625000, 2.375000, -0.890000, 1.040000, 0.290000, -0.876667, -1.335556, -0.132222, 0.730000, -9.140000, 3.460000, 242.562500, 25.625000, 2.375000
336, 0.640000, -6.480000, -4.630000, -0.428889, -1.290000, 1.185556, 4.450000, -0.550000, 8.710000, 241.125000, 27.000000, 3.562500, 1.770000, 1.010000, -5.890000, -0.631111, -0.567778, -0.214444, 0.820000, -9.180000, 3.340000, 241.125000, 27.000000, 3.562500
355, 0.430000, -6.750000, -5.560000, -0.606667, -1.044444, 0.393333, 4.620000, -0.680000, 8.610000, 240.625000, 28.125000, 4.562500, 3.710000, 3.320000, -11.090000, -0.602222, 0.375556, -0.018889, 0.830000, -9.220000, 3.230000, 240.625000, 28.125000, 4.562500
375, 1.730000, -8.970000, -12.130000, -0.893333, -0.924444, 0.053333, 4.700000, -0.760000, 8.570000, 240.750000, 28.875000, 5.625000, 4.350000, 3.600000, -13.510000, -0.556667, 2.340000, 0.482222, 0.660000, -9.260000, 3.150000, 240.750000, 28.875000, 5.625000
396, 4.020000, -10.430000, -24.480000, -2.226667, 3.087778, -1.903333, 4.450000, -1.030000, 8.670000, 243.062500, 27.000000, 6.812500, 4.730000, 2.460000, -22.590000, 0.318889, 7.925556, 0.892222, 0.140000, -9.260000, 3.210000, 243.062500, 27.000000, 6.812500
416, 2.720000, -13.690000, -41.450001, -2.796667, 6.081111, -2.560000, 3.130000, -1.360000, 9.190000, 247.500000, 18.562500, 8.375000, -0.100000, 5.270000, -13.810000, -1.022222, 9.112223, 1.527778, -0.660000, -9.280000, 3.070000, 247.500000, 18.562500, 8.375000
434, -10.890000, -18.190001, -40.939999, -3.451111, 19.297777, -5.005556, 0.140000, -1.860000, 9.620000, 254.437500, 0.812500, 10.937500, -3.710000, 10.210000, -3.610000, -2.256667, 6.736667, 3.424444, -1.550000, -9.330000, 2.570000, 254.437500, 0.812500, 10.937500
455, -30.379999, -12.840000, 1.480000, -2.498889, 19.017778, -5.348889, -3.130000, -2.510000, 8.940000, 262.437500, -18.625000, 15.687500, -3.630000, 9.360000, -5.210000, -2.495556, 4.744444, 5.985556, -2.720000, -9.220000, 1.920000, 262.437500, -18.625000, 15.687500
475, -26.090000, -3.970000, 18.690001, -1.762222, 15.590000, -5.242222, -5.000000, -3.150000, 7.820000, 269.812500, -30.625000, 21.875000, -9.750000, 3.980000, -2.900000, -3.162222, 3.251111, 6.890000, -4.020000, -8.672500, 1.200000, 269.812500, -30.625000, 21.875000
496, -26.530001, 15.480000, 31.590000, -1.822222, 1.618889, -2.950000, -5.340000, -3.720000, 7.320000, 273.937500, -33.000000, 26.875000, -14.140000, -10.730000, 10.760000, -3.933333, 2.886667, 4.823333, -4.960000, -8.440000, 0.310000, 273.937500, -33.000000, 26.875000
514, -22.270000, 10.270000, 30.959999, -2.268889, -1.771111, -1.357778, -4.900000, -4.120000, 7.420000, 273.000000, -30.000000, 29.000000, -13.660000, -21.780001, 19.170000, -2.752222, 1.877778, 0.417778, -5.220000, -8.280000, -0.410000, 273.000000, -30.000000, 29.000000
535, -18.780001, 3.480000, 24.270000, -1.006667, -7.313334, 1.178889, -4.040000, -4.250000, 7.850000, 269.625000, -24.312500, 28.375000, -14.430000, -17.190001, 22.980000, -0.607778, -1.808889, -3.684444, -4.780000, -8.540000, -0.500000, 269.625000, -24.312500, 28.375000
555, -17.200001, 7.110000, 16.070000, -0.164444, -10.231112, 2.121111, -2.710000, -4.170000, 8.450000, 265.187500, -16.000000, 26.250000, -11.760000, -4.290000, 13.830000, -0.114444, -4.311111, -4.411111, -4.080000, -8.910000, -0.200000, 265.187500, -16.000000, 26.250000
576, -14.590000, 2.400000, 4.350000, 0.072222, -11.173333, 2.606667, -1.040000, -4.030000, 8.682500, 259.437500, -6.062500, 24.375000, -7.280000, 0.610000, 4.570000, -0.370000, -4.753334, -4.015555, -3.370000, -9.200000, 0.060000, 259.437500, -6.062500, 24.375000
596, -5.880000, 0.160000, -10.480000, 0.523333, -10.166667, 3.012222, 0.560000, -3.920000, 8.970000, 253.750000, 3.250000, 23.562500, -5.020000, -1.230000, 0.430000, -0.355556, -4.712222, -4.006667, -2.660000, -9.430000, 0.270000, 253.750000, 3.250000, 23.562500
615, -3.120000, -3.890000, -10.800000, 0.311111, -8.686666, 3.000000, 1.180000, -3.910000, 8.910000, 248.750000, 9.875000, 24.062500, -2.420000, -2.010000, -5.090000, -0.045556, -4.351111, -4.426667, -1.840000, -9.620000, 0.440000, 248.750000, 9.875000, 24.062500
635, 0.800000, -11.210000, -12.920000, 0.466667, -4.063334, 1.852222, 2.320000, -3.960000, 8.660000, 245.250000, 13.687500, 24.562500, -0.280000, 1.020000, -9.980000, 0.526667, -3.564445, -4.020000, -1.030000, -9.730000, 0.610000, 245.250000, 13.687500, 24.562500
656, 0.640000, -12.790000, -8.350000, 0.588889, -2.612222, 0.892222, 2.700000, -3.920000, 8.570000, 243.312500, 15.937500, 24.562500, 2.163125, 2.740000, -13.550000, 0.855556, -2.706667, -2.647778, -0.430000, -9.760000, 0.800000, 243.312500, 15.937500, 24.562500
676, 1.900000, -20.500000, -8.680000, 0.507778, -2.503333, 0.476644, 3.090000, -3.860000, 8.460000, 242.562500, 18.312500, 24.500000, 6.460000, 0.840000, -19.620001, 0.948889, -1.856667, -1.825556, -0.130000, -9.750000, 1.000000, 242.562500, 18.312500, 24.500000
695, 0.760000, -23.700001, -7.070000, 0.210000, -2.148889, -2.365556, 3.560000, -3.700000, 8.340000, 243.937500, 21.312500, 23.937500, 6.490000, -4.310000, -20.120001, 1.838889, 1.424444, -1.176667, 0.040000, -9.710000, 1.310000, 243.937500, 21.312500, 23.937500
715, -2.650000, -24.240000, -4.630000, 0.451111, -2.262222, -3.577778, 3.870000, -3.540000, 8.280000, 247.875000, 25.437500, 21.750000, 3.750000, -9.700000, -17.629999, 2.465556, 2.402222, -1.743333, 0.350000, -9.620000, 1.850000, 247.875000, 25.437500, 21.750000
736, -4.290000, -23.860001, -8.810000, 1.992222, -1.782222, -7.680000, 4.900000, -2.410000, 8.140000, 254.562500, 29.937500, 16.500000, 1.470000, -6.390000, -15.280000, 4.282222, 3.808889, -3.245556, 0.790000, -9.380000, 2.730000, 254.562500, 29.937500, 16.500000
756, -8.400000, -10.510000, -15.310000, 3.530000, 0.120000, -9.763333, 5.270000, -1.020000, 8.200000, 263.750000, 32.500000, 7.062500, -2.630000, 5.150000, -12.610000, 6.324444, 6.295556, -2.775556, 0.960000, -8.950000, 3.880000, 263.750000, 32.500000, 7.062500
774, -9.980000, 7.920000, -21.809999, 4.002222, 1.253333, -10.143333, 5.000000, 0.570000, 8.410000, 273.250000, 30.625000, -3.875000, -11.070000, 20.450001, -1.260000, 6.544445, 6.724444, -1.776667, 0.590000, -8.380000, 5.040000, 273.250000, 30.625000, -3.875000
795, -17.639999, 32.410000, -16.680000, 2.490000, 5.861111, -6.711111, 3.990000, 1.700000, 8.790000, 280.375000, 24.062500, -10.937500, -15.590000, 34.470001, 14.390000, 4.830000, 6.471111, 0.632222, -0.200000, -8.050000, 5.580000, 280.375000, 24.062500, -10.937500
815, -22.230000, 37.340000, 2.760000, 1.278889, 6.631111, -4.217778, 2.800000, 1.920000, 9.190000, 282.562500, 16.562500, -11.812500, -16.240000, 19.910000, 24.280001, -1.228889, 2.926667, 2.953333, -0.840000, -8.240000, 5.230000, 282.562500, 16.562500, -11.812500
836, -17.590000, 31.680000, 6.210000, -3.110000, 2.944444, 3.480000, 2.190000, 1.310000, 9.460000, 279.750000, 12.875000, -7.875000, -10.700000, 12.350000, 17.889999, -3.576667, -0.502222, 2.124444, -1.070000, -8.540000, 4.680000, 279.750000, 12.875000, -7.875000
854, -8.510000, 17.010000, -6.480000, -2.452222, 1.851111, 5.596667, 1.930000, 0.620000, 9.590000, 274.375000, 11.375000, -3.687500, -8.080000, 10.620000, 12.830000, -3.001111, -3.576667, 2.284444, -1.160000, -8.760000, 4.230000, 274.375000, 11.375000, -3.687500
875, -6.810000, 13.460000, -7.420000, -1.851111, 1.716667, 6.460000, 1.670000, 0.070000, 9.660000, 267.000000, 9.812500, -0.437500, -6.450000, 11.070000, 5.890000, -2.936667, -4.747778, 2.945555, -1.330000, -8.920000, 3.840000, 267.000000, 9.812500, -0.437500
895, -7.310000, 2.990000, -10.910000, -1.390000, 2.520000, 8.627778, 1.230000, -0.410000, 9.720000, 258.062500, 7.187500, 2.375000, -6.010000, 7.820000, -5.460000, -3.508889, -6.270000, 4.560000, -1.740000, -9.030000, 3.390000, 258.062500, 7.187500, 2.375000
916, -4.030000, -17.040001, -4.810000, -1.954444, 3.184444, 9.013333, 0.880000, -0.680000, 9.740000, 248.875000, 2.875000, 6.000000, 3.390000, -1.530000, -15.850000, -3.725556, -5.621111, 6.354445, -2.550000, -8.960000, 3.030000, 248.875000, 2.875000, 6.000000
936, -0.180000, -37.770000, 13.170000, -0.533333, 2.713333, 1.352222, -0.130000, -1.330000, 9.710000, 245.437500, -0.750000, 7.812500, 9.750000, -30.180000, -30.139999, -1.061111, -1.377778, 4.786667, -3.110000, -8.790000, 3.010000, 245.437500, -0.750000, 7.812500
955, -3.230000, -34.660000, 19.920000, 1.336667, -0.394444, -2.685555, -0.160000, -1.150000, 9.730000, 247.687500, -0.937500, 6.687500, 1.340000, -20.219999, -18.799999, 1.865556, 2.510000, -0.792222, -3.180000, -8.720000, 3.150000, 247.687500, -0.937500, 6.687500
975, -3.190000, -29.340000, 11.470000, 1.862222, -1.416667, -3.982222, 0.230000, -0.760000, 9.770000, 252.500000, 1.312500, 4.437500, -0.320000, -19.719999, -15.510000, 2.290000, 2.793333, -1.357778, -3.080000, -8.660000, 3.410000, 252.500000, 1.312500, 4.437500
996, -5.730000, -20.860001, 8.960000, 3.261111, -2.978889, -6.540000, 0.790000, -0.130000, 9.770000, 259.125000, 4.625000, 0.750000, -3.920000, -12.130000, -8.090000, 3.666667, 3.178889, -2.758889, -2.790000, -8.550000, 3.880000, 259.125000, 4.625000, 0.750000
1016, -9.950000, 1.840000, -3.570000, 3.527778, -3.156667, -7.021111, 1.300000, 0.660000, 9.690000, 266.687500, 7.625000, -3.875000, -7.450000, -2.510000, -4.290000, 4.505556, 3.104445, -3.938889, -2.380000, -8.400000, 4.450000, 266.687500, 7.625000, -3.875000
1035, -12.890000, 20.730000, -2.110000, 2.783333, -1.282222, -4.657778, 1.480000, 1.340000, 9.590000, 272.437500, 8.687500, -7.937500, -14.890000, 19.770000, 13.400000, 4.240000, 3.775556, -4.034444, -2.230000, -8.300000, 4.710000, 272.437500, 8.687500, -7.937500
1055, -13.090000, 36.660000, -3.010000, 1.957778, -1.661111, -0.960000, 1.700000, 1.810000, 9.480000, 274.500000, 9.937500, -10.750000, -16.440001, 21.750000, 25.180000, 1.331111, -0.344444, -0.972222, -1.980000, -8.100000, 5.150000, 274.500000, 9.937500, -10.750000
1075, -7.870000, 31.760000, -8.900000, 1.082222, -1.905556, 1.087778, 2.120000, 1.870000, 9.380000, 272.500000, 12.437500, -11.250000, -9.090000, 20.780001, 20.459999, 0.741111, -2.247778, -0.351111, -1.680000, -8.060000, 5.310000, 272.500000, 12.437500, -11.250000
1096, -5.280000, 26.719999, -12.310000, -0.292222, -1.765556, 5.053333, 2.610000, 1.640000, 9.300000, 267.812500, 15.437500, -10.000000, -2.170000, 18.500000, 7.350000, -0.887778, -3.951111, 0.937778, -1.470000, -8.160000, 5.220000, 267.812500, 15.437500, -10.000000
1114, -4.320000, 15.590000, -13.720000, -0.487778, -1.415556, 5.962222, 2.990000, 1.190000, 9.260000, 261.187500, 17.750000, -7.312500, -1.320000, 15.240000, 2.810000, -2.724444, -4.468889, 2.034444, -1.380000, -8.410000, 4.840000, 261.187500, 17.750000, -7.312500
1135, -6.430000, 10.600000, -11.880000, -1.747778, 0.120000, 7.605556, 3.130000, 0.500000, 9.270000, 253.437500, 18.625000, -3.062500, -3.300000, 10.770000, -4.260000, -4.828889, -4.835556, 2.793333, -1.390000, -8.590000, 4.510000, 253.437500, 18.625000, -3.062500
1155, -8.180000, -1.430000, -12.760000, -2.725556, 2.159792, 8.783334, 2.860000, -0.420000, 9.360000, 244.625000, 16.937500, 2.562500, -3.800000, 6.590000, -9.190000, -6.844444, -5.220000, 3.667778, -1.780000, -9.140000, 3.060000, 244.625000, 16.937500, 2.562500
1176, -4.500000, -27.680000, -4.180000, -3.360000, 3.062222, 8.780000, 2.140000, -1.490000, 9.450000, 236.562500, 12.625000, 8.937500, 6.960000, -10.680000, -17.690001, -5.845556, -3.766667, 4.888889, -2.470000, -9.200000, 2.300000, 236.562500, 12.625000, 8.937500
1194, 0.580000, -36.910000, -5.610000, -2.227778, 3.554445, 0.402222, 1.450000, -2.100000, 9.460000, 234.750000, 8.500000, 12.500000, 7.280000, -23.719999, -27.480000, -2.578889, -1.178889, 3.337778, -2.730000, -9.170000, 2.110000, 234.750000, 8.500000, 12.500000
1215, 0.480000, -18.450001, -14.060000, -1.493333, 3.921111, -1.424444, 1.120000, -2.220000, 9.480000, 237.250000, 4.062500, 13.875000, 4.420000, -3.580000, -31.480000, 1.162222, 4.586667, -0.237778, -3.060000, -9.100000, 1.960000, 237.250000, 4.062500, 13.875000
1235, -3.160000, -22.150000, -31.420000, -2.276667, 11.384444, -3.102222, -0.900000, -2.740000, 9.360000, 241.562500, -5.250000, 16.312500, -2.810000, 10.150000, -11.550000, 0.786667, 7.385556, 1.318889, -3.310000, -9.050000, 1.800000, 241.562500, -5.250000, 16.312500
1256, -13.840000, -16.200001, -22.830000, -1.714444, 15.840000, -4.140000, -3.250000, -3.230000, 8.660000, 248.250000, -19.375000, 20.437500, -7.030000, 6.320000, -5.900000, -1.058889, 6.623333, 4.184444, -4.580000, -8.630000, 0.830000, 248.250000, -19.375000, 20.437500
1276, -28.360001, 0.680000, -2.220000, -0.996667, 16.790001, -4.158889, -5.530000, -3.680000, 7.200000, 256.000000, -34.312500, 27.062500, -11.230000, -1.270000, 3.480000, -1.817778, 5.198889, 5.144444, -5.420000, -8.160000, 0.040000, 256.000000, -34.312500, 27.062500
1295, -32.840000, 9.010000, 28.879999, -0.040000, 10.448889, -2.513333, -6.900000, -4.040000, 5.660000, 262.500000, -44.687500, 35.500000, -12.800000, -8.650000, 12.460000, -2.595556, 3.923333, 4.236667, -5.740000, -7.930000, -0.360000, 262.500000, -44.687500, 35.500000
1315, -30.700001, 19.780001, 33.509998, -0.167778, 1.726667, -1.084444, -6.650000, -4.110000, 5.910000, 261.812500, -42.687500, 34.812500, -14.940000, -19.090000, 22.950001, -2.067778, 2.452222, 1.570000, -6.020000, -7.640000, -1.170000, 261.812500, -42.687500, 34.812500
1336, -18.330000, 7.860000, 9.720000, -0.572222, -8.921111, 2.681111, -5.740000, -3.930000, 6.900000, 256.437500, -35.812500, 29.687500, -15.520000, -15.420000, 24.230000, -0.250000, -0.966667, -1.910000, -5.890000, -7.750000, -1.130000, 256.437500, -35.812500, 29.687500
1356, -9.720000, -4.450000, 6.670000, 1.042222, -8.235556, 2.130000, -4.740000, -3.600000, 7.780000, 252.125000, -28.875000, 24.812500, -8.000000, -4.670000, 7.760000, 1.646667, -4.495555, -2.944444, -5.310000, -8.240000, -0.130000, 250.375000, -25.312500, 22.687500
1374, -4.160000, -8.790000, -1.080000, 1.311111, -8.056666, 1.884444, -3.640000, -3.250000, 8.500000, 248.875000, -21.750000, 20.937500, -2.130000, -7.440000, -8.570000, 1.301111, -5.908889, -3.274444, -4.720000, -8.570000, 0.620000, 248.875000, -21.750000, 20.937500
1395, -0.440000, -15.890000, -7.170000, 1.535556, -6.366667, 0.847778, -2.580000, -2.950000, 8.980000, 246.687500, -15.250000, 18.125000, 0.910000, -5.800000, -15.340000, 1.643333, -5.197778, -3.920000, -4.350000, -8.720000, 0.980000, 246.687500, -15.250000, 18.125000
1415, 3.660000, -21.600000, -12.270000, 1.711111, -5.394444, 0.167778, -1.720000, -2.640000, 9.280000, 246.437500, -10.062500, 15.875000, 4.480000, -3.880000, -21.430000, 2.615556, -3.341111, -3.586667, -3.300000, -9.000000, 2.010000, 246.437500, -10.062500, 15.875000
1436, 3.180000, -24.219999, -10.920000, 1.978889, -2.892222, -2.813150, -1.040000, -2.350000, 9.460000, 248.562500, -6.125000, 13.937500, 6.040000, -2.580000, -23.250000, 3.234444, -0.997778, -3.432222, -2.990000, -9.040000, 2.310000, 248.562500, -6.125000, 13.937500
1454, -1.060000, -21.580000, -10.610000, 2.488889, -2.341111, -5.373333, -0.400000, -1.990000, 9.590000, 253.562500, -2.375000, 11.687500, 4.480000, 0.070000, -22.870001, 3.663333, 1.605556, -3.496667, -2.230000, -9.010000, 3.150000, 253.562500, -2.375000, 11.687500
1475, -5.000000, -17.150000, -11.440000, 2.767778, -2.118889, -6.515555, 0.180000, -1.450000, 9.690000, 261.000000, 1.062500, 8.500000, 0.650000, 3.140000, -18.570000, 4.036667, 4.337778, -3.480000, -1.950000, -8.880000, 3.660000, 261.000000, 1.062500, 8.500000
1495, -10.300000, -1.950000, -12.270000, 3.975556, -1.705556, -8.726666, 0.680000, -0.680000, 9.750000, 270.062500, 4.000000, 4.000000, -6.560000, 11.530000, -7.300000, 4.452222, 5.845556, -3.403333, -1.880000, -8.780000, 3.930000, 270.062500, 4.000000, 4.000000
1516, -10.110000, 14.730000, -18.870001, 4.285555, -1.166667, -8.650000, 0.820000, 0.210000, 9.760000, 278.812500, 4.750000, -1.250000, -10.310000, 19.080000, 0.580000, 3.835556, 6.214445, -2.190000, -1.930000, -8.550000, 4.380000, 278.812500, 4.750000, -1.250000
1534, -10.920000, 38.730000, -21.430000, 2.020000, 3.390000, -4.501111, 0.290000, 0.780000, 9.770000, 284.625000, 1.687500, -4.562500, -15.080000, 33.150002, 19.379999, 1.735556, 6.488889, 0.404444, -2.420000, -8.350000, 4.520000, 284.625000, 1.687500, -4.562500
1555, -12.130000, 38.520000, -17.100000, -2.397778, 6.054444, 0.266667, -0.730000, 0.540000, 9.760000, 285.312500, -4.250000, -3.187500, -12.840000, 17.980000, 21.530001, -2.896667, 3.130000, 3.180000, -3.500000, -8.390000, 3.650000, 285.312500, -4.250000, -3.187500
1575, -12.340000, 25.190001, -12.290000, -3.968889, 7.175556, 1.997778, -2.110000, -0.180000, 9.570000, 282.062500, -12.437500, 1.062500, -9.570000, 14.920000, 17.540001, -4.440000, -0.001111, 3.512222, -3.790000, -8.420000, 3.290000, 282.062500, -12.437500, 1.062500
1596, -12.160000, 19.660000, -1.700000, -4.054444, 6.688889, 5.664444, -3.440000, -0.680000, 9.150000, 276.125000, -20.562500, 4.250000, -11.100000, 8.930000, 12.800000, -4.533333, -2.766667, 4.857778, -4.380000, -8.330000, 2.720000, 276.125000, -20.562500, 4.250000
1616, -11.380000, 11.600000, 0.600000, -3.435555, 5.195556, 7.333333, -4.340000, -0.590000, 8.770000, 266.625000, -26.250000, 3.875000, -12.200000, 4.370000, 6.450000, -3.573333, -6.651111, 7.145555, -5.110000, -7.930000, 2.630000, 266.625000, -26.250000, 3.875000
1635, -7.200000, -19.670000, -0.960000, -2.385556, 3.957778, 9.407778, -5.040000, -0.130000, 8.400000, 255.250000, -30.937500, 0.875000, -2.870000, -25.080000, -17.820000, -1.462222, -7.965556, 9.627778, -5.980000, -7.080000, 3.180000, 255.250000, -30.937500, 0.875000
1655, -1.600000, -39.099998, 3.500000, 1.505556, 4.244444, 2.066667, -5.680000, 0.340000, 7.980000, 251.062500, -34.625000, -2.437500, 6.880000, -32.820000, -34.020000, 2.231111, -4.744444, 4.985556, -6.480000, -5.980000, 4.260000, 251.437500, -38.000000, -3.000000
1676, -10.250000, -33.910000, 19.770000, 1.150000, 4.755556, -0.445556, -6.350000, 0.290000, 7.450000, 252.750000, -40.375000, -2.250000, 0.630000, -18.840000, -26.350000, 1.175556, 0.933333, 0.351111, -6.540000, -5.910000, 4.270000, 254.875000, -42.187500, -0.687500
1696, -12.370000, -30.240000, 27.200001, 1.011111, 1.606667, -4.767778, -6.700000, -0.130000, 7.150000, 257.687500, -43.062500, 1.062500, -7.960000, -31.850000, -7.820000, 0.567778, 4.736667, -1.183333, -6.760000, -5.970000, 3.830000, 257.687500, -43.062500, 1.062500
1714, -13.780000, -18.520000, 20.059999, 2.467778, -0.032222, -5.438889, -6.570000, -0.390000, 7.260000, 265.187500, -42.062500, 3.062500, -11.860000, -24.910000, 3.100000, 2.541111, 4.540000, -4.727778, -6.650000, -6.320000, 3.430000, 265.187500, -42.062500, 3.062500
1735, -16.200001, -6.660000, 10.390000, 6.372222, -3.811111, -5.674443, -6.070000, -0.240000, 7.690000, 273.687500, -38.187500, 1.812500, -14.920000, -1.430000, 1.900000, 4.083333, 2.088889, -7.456666, -5.960000, -6.900000, 3.590000, 273.687500, -38.187500, 1.812500
1755, -18.230000, 20.760000, -0.260000, 6.247778, -5.105556, -4.136667, -5.330000, 0.220000, 8.220000, 281.062500, -32.937500, -1.500000, -16.200001, 12.290000, 6.000000, 2.921111, 2.067778, -7.787778, -4.610000, -7.730000, 3.860000, 281.062500, -32.937500, -1.500000
1776, -16.180000, 31.170000, 0.240000, 5.090000, -5.662222, -2.430000, -4.370000, 0.780000, 8.730000, 284.000000, -26.500000, -5.062500, -15.380000, 15.770000, 22.770000, 0.953288, 2.322222, -5.190000, -4.310000, -7.920000, 3.830000, 283.625000, -22.437500, -6.562500
1794, -11.760000, 18.930000, 0.140000, 1.983333, -8.132222, 2.666667, -3.010000, 1.290000, 9.240000, 282.687500, -17.875000, -7.937500, -14.420000, 7.390000, 26.190001, 1.391111, -0.751111, -2.241111, -3.890000, -8.060000, 3.990000, 282.687500, -17.875000, -7.937500
1815, -9.690000, 15.030000, -3.160000, 2.040000, -8.348886, 3.647778, -1.410000, 1.840000, 9.520000, 279.250000, -8.250000, -10.937500, -8.160000, 4.110000, 14.310000, 2.786667, -4.314445, -1.050000, -3.400000, -7.940000, 4.620000, 279.250000, -8.250000, -10.937500
1835, -10.140000, 4.870000, 4.920000, 2.655555, -9.015555, 4.972222, 0.340000, 2.360000, 9.500000, 275.000000, 2.000000, -13.937500, -1.560000, 1.520000, 1.470000, 2.337778, -5.956666, -1.226667, -2.710000, -7.770000, 5.330000, 275.000000, 2.000000, -13.937500
1856, -10.430000, -1.620000, 0.220000, 2.298889, -10.338889, 4.331111, 2.360000, 2.670000, 9.130000, 271.312500, 13.937500, -16.312500, 1.210000, 0.560000, -6.730000, 0.780000, -5.993333, -2.722222, -1.180000, -7.780000, 5.840000, 269.875000, 19.687500, -17.375000
1876, -5.810000, -3.870000, -10.540000, 2.143333, -9.895555, 3.796667, 4.120000, 2.780000, 8.440000, 268.562500, 24.875000, -18.250000, 1.020000, 0.190000, -9.080000, -0.322222, -4.320000, -4.025556, -0.640000, -7.830000, 5.850000, 267.250000, 29.562500, -18.875000
1895, -5.640000, -5.560000, -8.370000, 1.234444, -7.447778, 3.085556, 5.470000, 2.700000, 7.670000, 266.000000, 33.937500, -19.375000, 0.390000, 2.020000, -7.290000, -0.078889, -2.877778, -4.608889, 0.380000, -7.870000, 5.830000, 266.000000, 33.937500, -19.375000
1915, -0.430000, -15.410000, -17.900000, 1.101111, -6.947778, 2.764444, 6.040000, 2.630000, 7.260000, 264.062500, 41.437500, -20.562500, 2.940000, 7.440000, -11.030000, 1.110000, -2.511111, -3.924444, 1.290000, -7.710000, 5.910000, 264.062500, 41.437500, -20.562500
1936, 2.200000, -16.920000, -24.389999, 1.370000, -2.982222, -0.195556, 6.990000, 2.690000, 6.320000, 263.750000, 45.437500, -23.062500, 5.770000, 12.440000, -14.930000, 1.780000, -1.743333, -2.004444, 1.880000, -7.450000, 6.080000, 263.750000, 45.437500, -23.062500
1956, -0.200000, -4.960000, -26.110001, 1.357778, 0.307778, -1.626667, 6.970000, 3.040000, 6.180000, 264.687500, 45.312500, -26.250000, 3.930000, 22.770000, -17.280001, 2.444444, 0.778889, 1.116667, 1.850000, -7.180000, 6.400000, 264.875000, 43.812500, -26.562500
1975, -5.150000, 14.460000, -29.980000, 0.657778, 2.571111, -1.174444, 6.480000, 3.130000, 6.650000, 264.500000, 41.375000, -25.250000, -1.790000, 20.290001, -10.130000, 0.556667, 4.573333, 3.740000, 0.930000, -7.120000, 6.670000, 264.500000, 41.375000, -25.250000
1995, -8.740000, 13.570000, -35.139999, -3.448889, 10.348886, 2.302222, 5.360000, 2.570000, 7.790000, 261.937500, 33.125000, -18.250000, -6.730000, 16.139999, -3.470000, -3.158889, 3.852222, 5.055555, -0.240000, -7.420000, 6.400000, 261.937500, 33.125000, -18.250000
2016, -20.990000, 0.440000, -22.129999, -4.412222, 12.845555, 2.778889, 3.260000, 1.600000, 9.100000, 258.375000, 19.437500, -9.937500, -10.290000, 8.430000, -1.380000, -5.750000, 1.645555, 6.322222, -1.380000, -7.920000, 5.600000, 258.375000, 19.437500, -9.937500
2036, -24.680000, -2.230000, -12.080000, -5.507778, 15.527778, 3.253333, 0.520000, 0.520000, 9.770000, 254.562500, 3.062500, -3.062500, -10.170000, 6.070000, -3.000000, -6.882222, -0.993333, 7.363333, -2.440000, -8.310000, 4.580000, 254.562500, 3.062500, -3.062500
2054, -31.469999, -21.270000, 29.280001, -2.435555, 8.307777, 2.631111, -1.520000, -0.090000, 9.680000, 251.125000, -8.937500, 0.500000, -8.682500, -21.580000, -0.250000, -5.436666, -0.825556, 8.975555, -3.730000, -8.270000, 3.700000, 249.875000, -9.375000, 0.687500
2075, -19.670000, -7.980000, 29.389999, -0.643333, 0.723333, 2.264444, -1.200000, -0.060000, 9.730000, 248.437500, -7.000000, 0.375000, -10.170000, -31.059999, 5.340000, -2.573333, 0.503333, 4.605556, -4.710000, -7.990000, 3.150000, 248.437500, -7.000000, 0.375000
2095, -8.020000, -23.639999, 17.040001, 1.384444, -5.502222, 0.783333, -0.180000, 0.150000, 9.800000, 246.937500, -1.062500, -0.875000, -7.290000, -21.760000, -0.690000, 0.858889, -2.324445, -3.575556, -4.370000, -8.130000, 3.300000, 246.937500, -1.062500, -0.875000
2116, -9.690000, -17.610001, 20.520000, 1.947778, -6.500000, -0.650000, 1.140000, 0.540000, 9.720000, 248.187500, 6.687500, -3.187500, -4.590000, -11.220000, -11.150000, 1.477778, -3.215556, -6.365556, -3.200000, -8.470000, 3.750000, 248.187500, 6.687500, -3.187500
2134, -7.900000, -11.320000, 4.590000, 1.901111, -8.686666, -2.337778, 2.670000, 0.980000, 9.380000, 250.687500, 15.812500, -5.937500, -2.830000, -8.660000, -11.670000, 1.591111, -1.233333, -6.641111, -2.000000, -8.670000, 4.100000, 250.687500, 15.812500, -5.937500
2155, -6.330000, -9.280000, -1.500000, 1.376667, -8.005555, -2.686667, 4.040000, 1.410000, 8.810000, 253.812500, 24.375000, -9.062500, -3.590000, -4.470000, -8.030000, 2.617778, 0.198889, -7.101111, -0.840000, -8.680000, 4.470000, 255.687500, 27.875000, -11.000000
2175, -1.990000, -13.770000, -13.010000, 1.450000, -7.173333, -3.127778, 5.010000, 1.980000, 8.180000, 257.875000, 30.750000, -13.562500, -2.840000, 2.940000, -8.090000, 4.742222, 0.794444, -6.646667, 0.210000, -8.330000, 5.150000, 257.875000, 30.750000, -13.562500
2196, -1.410000, -8.760000, -18.620001, 2.588889, -3.640000, -5.213333, 5.430000, 2.840000, 7.640000, 263.062500, 33.625000, -20.375000, -0.040000, 12.050000, -7.650000, 6.008889, 1.443333, -5.163333, 0.910000, -7.650000, 6.050000, 263.062500, 33.625000, -20.375000
2216, -2.190000, 1.830000, -24.490000, 2.706667, -2.415555, -5.536667, 5.440000, 3.320000, 7.440000, 268.687500, 32.937500, -27.437500, 0.540000, 19.290001, -12.320000, 5.620000, 2.302222, -3.785556, 1.240000, -6.860000, 6.890000, 268.687500, 32.937500, -27.437500
2235, 0.120000, 19.230000, -34.040001, 0.316667, 2.497778, -4.230000, 4.760000, 4.430000, 7.330000, 273.312500, 29.062500, -31.125000, 0.870000, 38.180000, -10.090000, 3.632222, 5.042222, -0.163333, 0.820000, -6.200000, 7.540000, 273.312500, 29.062500, -31.125000
2255, -3.260000, 24.870001, -36.070000, -4.841111, 7.838889, -0.786667, 3.680000, 4.040000, 8.130000, 274.187500, 22.000000, -26.437500, -5.030000, 27.990000, -0.360000, -3.027778, 6.551111, 3.894444, -0.470000, -6.400000, 7.410000, 273.562500, 16.875000, -21.687500
2276, -14.810000, 6.220000, -27.870001, -7.040000, 10.427778, 0.285556, 1.800000, 2.750000, 9.230000, 272.437500, 10.562500, -16.562500, -10.340000, 9.290000, 0.030000, -7.260000, 4.266667, 5.002222, -1.740000, -7.150000, 6.470000, 272.437500, 10.562500, -16.562500
2296, -21.629999, 2.180000, -15.200000, -7.586667, 15.047778, 1.807778, -0.790000, 1.300000, 9.680000, 269.312500, -4.625000, -7.625000, -12.470000, 1.450000, 5.420000, -8.732223, 1.301111, 5.383333, -2.730000, -7.860000, 5.180000, 269.312500, -4.625000, -7.625000
2315, -30.270000, -10.450000, 29.490000, -7.208889, 13.916667, 2.452222, -2.850000, 0.180000, 9.380000, 265.187500, -16.875000, -1.062500, -9.570000, -9.750000, 5.690000, -7.748889, -0.672222, 6.214445, -3.620000, -8.210000, 3.940000, 265.187500, -16.875000, -1.062500
2335, -21.270000, -8.810000, 29.700001, -1.353333, -3.788889, 2.950000, -2.670000, -0.100000, 9.430000, 261.625000, -15.750000, 0.562500, -12.610000, -30.690001, 10.310000, -4.121111, -0.573333, 4.533333, -4.410000, -8.150000, 3.180000, 261.625000, -15.750000, 0.562500
2355, -9.080000, -7.850000, 11.880000, -0.741111, -6.041111, 3.853333, -1.600000, -0.080000, 9.670000, 257.375000, -9.375000, 0.500000, -6.970000, -15.600000, 4.180000, -0.882222, -3.347778, -0.716667, -4.340000, -8.200000, 3.160000, 255.687500, -5.937500, 0.187500
2376, -6.460000, -15.290000, 11.800000, 0.100000, -6.315556, 3.115556, -0.410000, 0.040000, 9.790000, 254.500000, -2.375000, -0.187500, -0.320000, -10.480000, -7.690000, -0.403333, -4.010000, -2.105556, -3.770000, -8.380000, 3.400000, 254.500000, -2.375000, -0.187500
2394, 0.780000, -16.530001, -4.990000, 1.043333, -4.932222, 0.323333, 0.610000, 0.210000, 9.780000, 253.625000, 3.562500, -1.250000, -0.030000, -13.580000, -9.420000, 0.385556, -2.505556, -2.958889, -3.160000, -8.540000, 3.620000, 253.625000, 3.562500, -1.250000
2415, 2.740000, -10.100000, -8.550000, 1.015556, -3.485556, -0.396667, 1.120000, 0.400000, 9.730000, 254.250000, 6.562500, -2.312500, 3.710000, -4.170000, -13.600000, 2.004444, -1.357778, -4.490000, -2.350000, -8.650000, 3.960000, 254.250000, 6.562500, -2.312500
2435, 6.700000, -10.590000, -15.000000, 1.263333, -0.198889, -1.567778, 1.230000, 0.620000, 9.700000, 255.625000, 7.187500, -3.687500, 6.320000, 11.780000, -13.480000, 3.736667, 0.848889, -4.040000, -1.670000, -8.550000, 4.500000, 255.625000, 7.187500, -3.687500
2456, 10.150000, -4.230000, -28.410000, 1.013333, 3.416667, -2.641111, 0.770000, 0.890000, 9.730000, 258.062500, 4.500000, -5.250000, 5.060000, 21.760000, -9.550000, 3.631111, 2.572222, -1.552222, -1.510000, -8.260000, 5.050000, 259.562500, 1.000000, -5.437500
2474, 2.090000, 3.400000, -27.690001, 0.191111, 6.114444, -3.068889, -0.620000, 0.840000, 9.750000, 261.125000, -3.625000, -4.937500, -1.620000, 23.129999, -3.790000, 0.193333, 3.242222, 1.726667, -1.950000, -8.110000, 5.140000, 261.125000, -3.625000, -4.937500
2495, -10.920000, 5.000000, -4.910000, -2.065556, 7.434444, -3.152222, -2.200000, 0.400000, 9.540000, 264.250000, -12.937500, -2.375000, -7.290000, 13.860000, 0.330000, -3.950000, 2.798889, 4.412222, -2.830000, -8.200000, 4.550000, 264.250000, -12.937500, -2.375000
2515, -19.690001, 21.209999, 29.510000, -1.873333, 2.585556, -1.702222, -2.230000, 0.050000, 9.540000, 264.375000, -13.187500, -0.312500, -10.590000, -15.320000, 6.870000, -6.413333, 1.773333, 5.564445, -3.820000, -8.330000, 3.470000, 264.375000, -13.187500, -0.312500
2536, -10.770000, -18.320000, 18.730000, -0.663333, -7.666667, 3.292222, -0.990000, -0.050000, 9.750000, 260.750000, -5.812500, 0.312500, -12.580000, -30.780001, 13.680000, -3.300000, 1.721111, 2.815556, -4.550000, -8.270000, 2.630000, 260.750000, -5.812500, 0.312500
2556, -2.960000, -32.880001, 0.660000, 2.577778, -6.554444, -1.065556, 0.330000, 0.290000, 9.790000, 260.562500, 1.937500, -1.687500, -5.770000, -24.000000, -5.230000, 2.864444, -2.942222, -4.544445, -4.030000, -8.410000, 3.010000, 262.062500, 4.437500, -3.500000
2575, -2.410000, -11.570000, 2.790000, 3.140000, -4.806667, -2.754444, 1.120000, 0.910000, 9.690000, 263.937500, 6.562500, -5.312500, -0.500000, -8.180000, -20.400000, 4.565556, -3.420000, -7.373333, -2.650000, -8.570000, 3.950000, 263.937500, 6.562500, -5.312500
2595, 0.180000, -10.230000, -4.360000, 2.818889, -4.198889, -3.781111, 1.820000, 1.540000, 9.510000, 267.937500, 10.687500, -9.187500, 4.020000, 4.540000, -16.459999, 4.541111, 0.011111, -6.636667, -1.460000, -8.460000, 4.730000, 267.937500, 10.687500, -9.187500
2616, 1.200000, -10.250000, -14.210000, 2.478889, -3.687778, -4.338889, 2.080000, 1.840000, 9.400000, 273.187500, 13.312500, -13.125000, 3.020000, 12.700000, -12.480000, 4.520000, 2.235556, -5.164444, -0.770000, -8.130000, 5.410000, 273.187500, 13.312500, -13.125000
2636, 1.800000, 1.950000, -25.990000, 1.952222, -1.311111, -6.224444, 2.310000, 2.830000, 9.090000, 279.750000, 13.625000, -17.250000, 1.310000, 21.950001, -9.920000, 3.871111, 4.321111, -4.137778, -0.510000, -7.740000, 5.980000, 279.750000, 13.625000, -17.250000
2654, 0.820000, 19.379999, -37.939999, -0.598889, 2.725556, -5.710000, 1.700000, 3.090000, 9.140000, 285.937500, 9.937500, -18.625000, -2.200000, 46.160000, -5.920000, 1.807778, 6.028889, -1.112222, -0.850000, -7.480000, 6.270000, 285.937500, 9.937500, -18.625000
2675, -3.920000, 24.260000, -33.490002, -2.910000, 5.277778, -4.380000, 0.340000, 2.450000, 9.480000, 289.187500, 2.000000, -14.437500, -12.710000, 29.520000, 1.330000, -4.331111, 7.234445, 5.245555, -2.240000, -7.670000, 5.670000, 289.187500, 2.000000, -14.437500
2695, -16.700001, 14.970000, -29.570000, -7.338889, 13.035556, -0.580000, -1.820000, 1.160000, 9.560000, 289.062500, -10.687500, -6.937500, -21.000000, 3.940000, 6.340000, -8.088889, 5.204444, 7.231111, -3.830000, -7.970000, 4.230000, 289.062500, -10.687500, -6.937500
2716, -25.719999, 11.120000, -15.230000, -7.480000, 15.081111, 0.747778, -4.500000, -0.010000, 8.710000, 285.750000, -27.312500, 0.062500, -22.750000, 1.030000, 14.310000, -8.166667, 1.000000, 7.481111, -5.110000, -7.880000, 2.790000, 285.750000, -27.312500, 0.062500
2734, -31.110001, 12.780000, 10.850000, -7.385556, 11.540000, 4.951111, -6.530000, -0.650000, 7.280000, 278.937500, -41.750000, 5.125000, -22.790001, 4.640000, 10.420000, -7.372222, -3.997778, 7.908889, -6.110000, -7.390000, 1.990000, 278.937500, -41.750000, 5.125000
2755, -32.189999, 12.390000, 30.610001, -6.178889, 1.708889, 8.577778, -7.170000, -0.490000, 6.660000, 267.937500, -47.000000, 4.187500, -18.040001, -10.920000, 3.620000, -6.533333, -6.057778, 9.780000, -7.130000, -6.470000, 1.830000, 267.937500, -47.000000, 4.187500
2775, -27.799999, -10.240000, 26.750000, -5.670000, -0.446667, 9.998889, -7.050000, 0.260000, 6.810000, 254.875000, -45.937500, -2.187500, -16.650000, -33.820000, 7.860000, -4.528889, -4.711111, 9.361111, -8.050000, -5.230000, 1.990000, 254.875000, -45.937500, -2.187500
2796, -23.389999, -16.790001, 31.059999, 0.447778, -4.905556, 7.654444, -6.370000, 1.270000, 7.340000, 245.875000, -40.500000, -9.812500, -14.840000, -33.130001, 5.510000, -1.504444, -6.296667, 1.808889, -8.190000, -4.680000, 2.640000, 245.875000, -40.500000, -9.812500
2814, -19.670000, -14.450000, 25.820000, 1.062222, -6.378889, 6.751111, -5.100000, 2.130000, 8.090000, 240.125000, -31.375000, -14.687500, -11.640000, -14.230000, -8.580000, -0.131111, -9.300000, -5.531111, -7.240000, -5.300000, 3.930000, 240.125000, -31.375000, -14.687500
2835, -14.150000, -18.980000, 4.750000, 0.810000, -10.382222, 4.070000, -3.280000, 2.640000, 8.662500, 236.875000, -19.562500, -16.562500, -4.870000, -2.380000, -17.309999, 0.063333, -7.285555, -7.284444, -5.790000, -6.180000, 4.920000, 236.875000, -19.562500, -16.562500
2855, -8.480000, -20.530001, -7.370000, 0.273333, -9.381111, 1.742222, -1.470000, 2.820000, 9.270000, 235.875000, -8.625000, -16.937500, -1.740000, -1.310000, -17.430000, 0.360000, -4.314445, -6.861111, -4.430000, -6.830000, 5.450000, 235.875000, -8.625000, -16.937500
2876, -3.550000, -15.990000, -10.360000, -0.042222, -8.462222, 0.443333, -0.040000, 2.790000, 9.390000, 237.250000, -0.250000, -16.500000, 1.990000, -2.270000, -17.709999, 0.186667, -1.922222, -7.038889, -3.230000, -7.310000, 5.670000, 237.250000, -0.250000, -16.500000
2896, 0.330000, -19.010000, -14.840000, -0.974444, -5.562222, -2.358889, 0.940000, 2.650000, 9.390000, 240.250000, 5.500000, -15.750000, 4.830000, -0.050000, -19.209999, 0.975556, -0.064444, -7.200000, -2.160000, -7.600000, 5.790000, 240.250000, 5.500000, -15.750000
2915, 5.990000, -30.590000, -21.040001, -0.842222, -4.464445, -3.666667, 1.410000, 2.660000, 9.330000, 245.812500, 8.250000, -15.875000, 6.840000, 2.670000, -29.059999, 2.691111, 2.688889, -6.430000, -1.390000, -7.570000, 6.060000, 245.812500, 8.250000, -15.875000
2935, 6.330000, -19.809999, -31.840000, 0.564444, 1.302222, -8.248889, 1.020000, 2.950000, 9.290000, 254.312500, 5.937500, -17.625000, 4.970000, 13.450000, -22.889999, 3.713333, 6.965556, -4.431111, -1.410000, -7.270000, 6.410000, 254.312500, 5.937500, -17.625000
2956, -1.740000, -8.600000, -24.030001, -0.452222, 6.290000, -8.585556, -0.390000, 2.970000, 9.330000, 262.687500, -2.250000, -17.687500, -0.700000, 13.400000, -13.170000, 2.175555, 7.795556, -1.387778, -2.070000, -7.020000, 6.520000, 262.687500, -2.250000, -17.687500
2976, -7.180000, -1.520000, -15.240000, -1.095556, 7.386667, -8.572222, -2.150000, 2.520000, 9.220000, 270.625000, -12.687500, -15.312500, -6.500000, 12.560000, -5.490000, 0.188889, 6.918889, 0.133333, -2.920000, -6.940000, 6.270000, 270.625000, -12.687500, -15.312500
2994, -22.080000, 14.010000, 17.370001, 0.437778, 4.487778, -6.038889, -3.400000, 2.100000, 8.950000, 277.250000, -20.312500, -13.187500, -14.380000, 1.740000, 4.730000, -2.455555, 6.338889, 1.452222, -3.820000, -7.050000, 5.640000, 277.250000, -20.312500, -13.187500
3015, -21.260000, 31.670000, 24.120001, 0.786667, 1.944444, -3.483333, -3.600000, 2.020000, 8.890000, 279.625000, -21.562500, -12.812500, -22.639999, -12.280000, 27.209999, -3.338889, 4.786667, -0.577778, -4.370000, -7.370000, 4.740000, 279.625000, -21.562500, -12.812500
3035, -10.400000, 6.160000, 5.650000, -0.772222, -2.740000, 0.693333, -3.150000, 1.920000, 9.080000, 279.062500, -18.750000, -11.937500, -12.500000, 7.210000, 19.350000, 0.847778, 0.690000, -2.420000, -4.200000, -7.590000, 4.550000, 279.062500, -18.750000, -11.937500
3056, -6.430000, 3.940000, 0.840000, 0.437778, -2.031111, 0.383333, -2.740000, 1.980000, 9.200000, 278.875000, -16.250000, -12.125000, -7.450000, -0.830000, 9.070000, 1.723333, -2.193333, -0.376667, -3.930000, -7.500000, 4.930000, 278.875000, -16.250000, -12.125000
3074, -2.660000, 10.410000, 3.090000, 0.464444, -1.865556, 0.805556, -2.370000, 2.100000, 9.280000, 278.062500, -13.937500, -12.687500, 0.240000, 0.990000, -0.190000, 1.268889, -2.920000, -0.577778, -3.590000, -7.400000, 5.320000, 278.062500, -13.937500, -12.687500
3095, 0.410000, 3.190000, -0.690000, 0.338889, -1.660000, 1.314444, -1.990000, 2.200000, 9.340000, 276.812500, -11.750000, -13.250000, 1.850000, 2.070000, -0.430000, 1.032222, -2.056667, -0.400000, -3.270000, -7.320000, 5.630000, 276.812500, -11.750000, -13.250000
3115, 2.850000, -0.090000, -1.170000, 0.412222, -1.418889, 1.126667, -1.710000, 2.310000, 9.370000, 275.875000, -10.000000, -13.875000, 3.000000, -0.220000, -1.810000, 0.701111, -1.620000, 0.005556, -3.080000, -7.240000, 5.840000, 275.875000, -10.000000, -13.875000
3136, 3.250000, -2.590000, -2.230000, 0.168889, -0.826667, 0.773333, -1.500000, 2.380000, 9.390000, 275.062500, -8.625000, -14.187500, 3.940000, -0.040000, -4.480000, 0.362222, -1.456667, -0.033712, -2.910000, -7.190000, 5.990000, 275.062500, -8.625000, -14.187500
3156, 3.100000, -3.180000, -2.810000, 0.120000, -0.400000, 0.225556, -1.390000, 2.410000, 9.400000, 274.750000, -8.187500, -14.375000, 2.710000, -0.060000, -4.350000, 0.075556, -0.660000, -0.080000, -2.800000, -7.180000, 6.060000, 274.750000, -8.187500, -14.375000
3175, 1.820000, -1.060000, -1.640000, 0.082222, -0.211111, 0.096667, -1.360000, 2.420000, 9.400000, 274.687500, -8.000000, -14.437500, 0.670000, 1.110000, -2.020000, -0.024444, -0.035556, 0.036667, -2.780000, -7.180000, 6.060000, 274.687500, -8.000000, -14.437500
3195, 1.120000, 0.120000, -2.360000, -0.074444, 0.161111, 0.183333, -1.370000, 2.420000, 9.400000, 274.500000, -8.000000, -14.437500, -0.740000, 0.000000, -0.090000, -0.003333, 0.017778, 0.418889, -2.830000, -7.160000, 6.060000, 274.500000, -8.000000, -14.437500
3216, -0.570000, 0.410000, 0.490000, -0.058889, 0.314444, 0.248889, -1.410000, 2.420000, 9.390000, 274.125000, -8.250000, -14.437500, -0.690000, 0.020000, -0.140000, 0.087778, -0.128889, 0.484444, -2.880000, -7.130000, 6.070000, 274.125000, -8.250000, -14.437500
3236, -0.220000, -0.770000, 0.140000, 0.066667, 0.180000, 0.378889, -1.420000, 2.440000, 9.380000, 273.687500, -8.312500, -14.562500, 0.060000, 0.000000, -0.540000, 0.270000, -0.164444, 0.537778, -2.930000, -7.070000, 6.110000, 273.687500, -8.312500, -14.562500
3255, -0.210000, -1.270000, -0.460000, 0.102222, 0.488889, 0.045556, -1.490000, 2.460000, 9.370000, 273.500000, -8.750000, -14.687500, 0.260000, -0.610000, -0.720000, 0.257778, 0.005556, 0.354444, -2.980000, -7.020000, 6.150000, 273.500000, -8.750000, -14.687500
3275, -0.760000, 0.410000, 2.240000, 0.134444, 0.313333, -0.031111, -1.530000, 2.480000, 9.360000, 273.500000, -9.000000, -14.875000, 0.000000, -0.400000, -0.420000, 0.166667, 0.184444, 0.120000, -3.020000, -6.990000, 6.170000, 273.500000, -9.000000, -14.875000
3296, -0.590000, 0.670000, 1.650000, 0.254444, -0.152222, -0.024444, -1.520000, 2.520000, 9.350000, 273.625000, -8.875000, -15.062500, -1.230000, -0.910000, 1.510000, 0.180000, 0.146667, 0.104444, -3.060000, -6.960000, 6.180000, 273.625000, -8.875000, -15.062500
3316, -0.370000, -0.170000, 0.990000, 0.328889, -0.234444, 0.041111, -1.470000, 2.590000, 9.340000, 273.625000, -8.625000, -15.500000, -1.200000, -0.770000, 1.460000, 0.396667, -0.088889, 0.104444, -3.070000, -6.910000, 6.230000, 273.625000, -8.625000, -15.500000
3334, -0.090000, 1.460000, 0.230000, 0.347778, -0.133333, 0.201111, -1.440000, 2.660000, 9.320000, 273.500000, -8.437500, -15.937500, 0.220000, 0.600000, -0.310000, 0.355556, -0.253333, 0.072222, -3.050000, -6.860000, 6.290000, 273.500000, -8.437500, -15.937500
3355, 0.070000, 0.450000, 0.070000, 0.055556, -0.147778, 0.116667, -1.400000, 2.690000, 9.320000, 273.375000, -8.250000, -16.062500, 0.200000, 0.140000, -0.320000, 0.092222, -0.081111, 0.036667, -3.040000, -6.840000, 6.320000, 273.375000, -8.250000, -16.062500
3375, 0.060000, 0.490000, 0.240000, -0.057778, -0.122222, 0.090000, -1.370000, 2.680000, 9.330000, 273.250000, -8.062500, -16.000000, 0.010000, 0.200000, -0.010000, -0.046667, 0.023333, -0.035556, -3.040000, -6.850000, 6.320000, 273.250000, -8.062500, -16.000000
3396, 0.520000, 0.700000, -0.900000, -0.141111, 0.022222, 0.147778, -1.360000, 2.660000, 9.330000, 273.125000, -8.000000, -15.875000, 0.110000, 0.040000, 0.060000, 0.001111, -0.033333, -0.004444, -3.040000, -6.850000, 6.320000, 273.125000, -8.000000, -15.875000
3414, 0.320000, -0.270000, 0.130000, -0.143333, 0.107778, 0.160000, -1.370000, 2.640000, 9.340000, 272.937500, -8.062500, -15.812500, 0.210000, 0.020000, -0.260000, 0.018889, -0.051111, 0.022222, -3.030000, -6.850000, 6.320000, 272.937500, -8.062500, -15.812500
3435, 0.030000, 0.740000, 0.420000, -0.168889, 0.028889, 0.187778, -1.370000, 2.620000, 9.340000, 272.750000, -8.062500, -15.625000, -0.130000, 0.150000, 0.170000, -0.005556, -0.021111, -0.025556, -3.030000, -6.850000, 6.320000, 272.750000, -8.062500, -15.625000
3455, 0.220000, 0.040000, 0.210000, -0.200000, -0.031111, 0.214444, -1.360000, 2.590000, 9.350000, 272.500000, -8.000000, -15.437500, -0.030000, 0.130000, 0.230000, -0.026667, -0.056667, 0.003333, -3.020000, -6.850000, 6.320000, 272.500000, -8.000000, -15.437500
3476, 0.380000, -0.480000, 0.220000, -0.160000, -0.025556, 0.183333, -1.350000, 2.570000, 9.360000, 272.312500, -7.875000, -15.375000, 0.000000, -0.180000, 0.070000, -0.017778, -0.062222, 0.052222, -3.020000, -6.850000, 6.320000, 272.312500, -7.875000, -15.375000
3496, 0.160000, -0.830000, 0.680000, 0.124444, -0.147778, 0.048889, -1.320000, 2.590000, 9.360000, 272.250000, -7.750000, -15.437500, -0.040000, -0.250000, 0.190000, 0.068889, -0.086667, 0.068889, -3.020000, -6.840000, 6.330000, 272.250000, -7.750000, -15.437500
3515, 0.330000, -0.160000, -0.170000, 0.215556, -0.162222, -0.005556, -1.300000, 2.630000, 9.350000, 272.312500, -7.625000, -15.687500, 0.030000, -0.060000, -0.310000, 0.151111, -0.078889, 0.073333, -3.020000, -6.820000, 6.360000, 272.312500, -7.625000, -15.687500
3535, 0.310000, 0.180000, -0.840000, 0.220000, 0.028889, -0.056667, -1.300000, 2.670000, 9.340000, 272.375000, -7.562500, -15.937500, 0.100000, 0.320000, -0.420000, 0.104444, -0.075556, 0.062222, -3.020000, -6.800000, 6.380000, 272.375000, -7.562500, -15.937500
3556, 0.380000, 0.970000, -1.310000, 0.024444, 0.337778, -0.020000, -1.340000, 2.690000, 9.330000, 272.375000, -7.875000, -16.062500, 0.060000, 0.090000, -0.060000, 0.007778, -0.030000, 0.040000, -3.020000, -6.800000, 6.380000, 272.375000, -7.875000, -16.062500
3576, -0.400000, 0.120000, 1.560000, 0.012222, 0.225556, 0.006667, -1.370000, 2.690000, 9.320000, 272.312500, -8.000000, -16.125000, -0.140000, -0.450000, -0.280000, 0.037778, -0.037778, 0.003333, -3.010000, -6.790000, 6.390000, 272.312500, -8.000000, -16.125000
3595, 0.300000, -0.130000, -0.390000, 0.147778, 0.025556, 0.095556, -1.370000, 2.720000, 9.320000, 272.250000, -8.000000, -16.250000, -0.210000, 0.500000, 0.340000, 0.152222, -0.080000, 0.038889, -3.010000, -6.780000, 6.410000, 272.250000, -8.000000, -16.250000
3615, 0.220000, 0.020000, 0.260000, 0.167778, -0.008889, 0.116667, -1.360000, 2.750000, 9.310000, 272.125000, -7.937500, -16.437500, 0.000000, 0.230000, -0.110000, 0.188889, -0.061111, 0.150000, -3.020000, -6.750000, 6.440000, 272.125000, -7.937500, -16.437500
3635, 0.160000, 0.390000, -0.110000, 0.102222, -0.002222, 0.100000, -1.350000, 2.780000, 9.300000, 272.000000, -7.937500, -16.625000, -0.040000, 0.030000, -0.080000, 0.107778, -0.051111, 0.094444, -3.020000, -6.720000, 6.460000, 272.000000, -7.937500, -16.625000
3656, 0.150000, 0.560000, -0.330000, -0.084444, 0.037778, 0.046667, -1.350000, 2.780000, 9.300000, 271.937500, -7.937500, -16.625000, 0.130000, 0.270000, -0.350000, -0.080000, 0.046667, 0.071111, -3.040000, -6.720000, 6.450000, 271.937500, -7.937500, -16.625000
3674, 0.140000, -0.020000, -0.020000, -0.121111, 0.074444, 0.014444, -1.360000, 2.760000, 9.300000, 271.750000, -8.000000, -16.562500, -0.070000, 0.140000, -0.030000, -0.112222, 0.075556, 0.067778, -3.050000, -6.730000, 6.430000, 271.750000, -8.000000, -16.562500
3695, -0.090000, 0.120000, 0.550000, -0.003333, 0.022222, 0.077778, -1.370000, 2.760000, 9.300000, 271.687500, -8.000000, -16.500000, -0.430000, -0.330000, 0.540000, -0.031111, -0.017778, 0.046667, -3.060000, -6.740000, 6.420000, 271.687500, -8.000000, -16.500000
3715, 0.140000, -0.640000, 0.120000, 0.057778, 0.012222, 0.063333, -1.370000, 2.770000, 9.300000, 271.437500, -8.000000, -16.625000, -0.120000, -0.240000, 0.000000, 0.050000, -0.025556, 0.050000, -3.070000, -6.730000, 6.430000, 271.437500, -8.000000, -16.625000
3736, 0.080000, 0.100000, 0.430000, 0.116667, -0.092222, -0.002222, -1.350000, 2.790000, 9.290000, 271.500000, -7.937500, -16.750000, -0.010000, 0.000000, -0.040000, 0.030000, 0.000000, 0.077778, -3.070000, -6.720000, 6.430000, 271.500000, -7.937500, -16.750000
3754, 0.000000, 0.570000, 0.120000, 0.068889, -0.093333, 0.008889, -1.340000, 2.810000, 9.290000, 271.500000, -7.812500, -16.812500, -0.200000, -0.120000, 0.270000, 0.002222, -0.024444, -0.001111, -3.070000, -6.720000, 6.440000, 271.500000, -7.812500, -16.812500
3775, 0.200000, 0.410000, -0.270000, 0.021111, -0.075556, 0.037778, -1.330000, 2.810000, 9.290000, 271.500000, -7.750000, -16.812500, -0.190000, 0.110000, 0.200000, -0.020000, -0.050000, -0.037778, -3.060000, -6.720000, 6.440000, 271.500000, -7.750000, -16.812500
3795, 0.250000, 0.210000, -0.170000, 0.016667, 0.014444, 0.047778, -1.330000, 2.820000, 9.290000, 271.437500, -7.750000, -16.875000, -0.030000, 0.220000, 0.100000, 0.007778, -0.055556, 0.011111, -3.060000, -6.720000, 6.440000, 271.437500, -7.750000, -16.875000
3816, 0.320000, 0.300000, -0.130000, 0.047778, 0.000000, 0.064444, -1.320000, 2.820000, 9.290000, 271.375000, -7.750000, -16.937500, -0.010000, -0.050000, 0.110000, 0.048889, -0.073333, 0.033712, -3.050000, -6.710000, 6.450000, 271.375000, -7.750000, -16.937500
3836, 0.230000, -0.250000, 0.070000, 0.028889, 0.010000, 0.004444, -1.320000, 2.830000, 9.290000, 271.312500, -7.750000, -16.937500, 0.280000, 0.130000, -0.390000, -0.005556, -0.026667, 0.041111, -3.050000, -6.710000, 6.450000, 271.312500, -7.750000, -16.937500
3855, 0.140000, 0.190000, 0.120000, -0.056667, -0.030000, 0.001111, -1.320000, 2.830000, 9.290000, 271.312500, -7.750000, -16.937500, 0.070000, 0.010000, -0.180000, -0.056667, 0.035556, 0.002222, -3.060000, -6.720000, 6.450000, 271.312500, -7.750000, -16.937500
3875, 0.220000, 0.250000, 0.090000, -0.058889, -0.056667, 0.012222, -1.310000, 2.820000, 9.290000, 271.312500, -7.687500, -16.875000, -0.120000, -0.210000, -0.040000, -0.056667, 0.006667, 0.004444, -3.060000, -6.720000, 6.440000, 271.312500, -7.687500, -16.875000
3896, 0.330000, -0.280000, 0.090000, -0.012222, -0.031111, 0.006667, -1.300000, 2.810000, 9.300000, 271.312500, -7.625000, -16.812500, 0.000000, -0.320000, -0.060000, -0.022222, 0.007778, 0.033333, -3.060000, -6.720000, 6.430000, 271.312500, -7.625000, -16.812500
3916, 0.310000, 0.010000, -0.200000, -0.018889, 0.006667, 0.002222, -1.300000, 2.810000, 9.300000, 271.312500, -7.625000, -16.812500, 0.030000, 0.070000, -0.190000, -0.028889, 0.036667, 0.007778, -3.070000, -6.730000, 6.430000, 271.312500, -7.625000, -16.812500
3934, -0.050000, 0.210000, 0.530000, -0.040000, -0.057778, 0.005556, -1.300000, 2.810000, 9.300000, 271.312500, -7.625000, -16.750000, -0.190000, -0.130000, 0.100000, -0.043333, 0.025556, 0.020000, -3.070000, -6.730000, 6.420000, 271.312500, -7.625000, -16.750000
3955, 0.000000, 0.340000, 0.120000, -0.001111, -0.068889, 0.015556, -1.280000, 2.810000, 9.300000, 271.312500, -7.500000, -16.750000, -0.310000, 0.030000, 0.220000, -0.024444, 0.015556, 0.011111, -3.080000, -6.730000, 6.420000, 271.312500, -7.500000, -16.750000
3975, 0.140000, 0.610000, -0.260000, -0.014444, 0.041111, 0.027778, -1.280000, 2.800000, 9.300000, 271.312500, -7.500000, -16.750000, -0.220000, 0.180000, 0.130000, -0.028889, -0.013333, 0.054444, -3.080000, -6.730000, 6.420000, 271.312500, -7.500000, -16.750000
3996, 0.080000, 0.180000, 0.050000, 0.016667, 0.060000, 0.038889, -1.290000, 2.810000, 9.300000, 271.250000, -7.562500, -16.750000, -0.100000, 0.160000, 0.130000, -0.028889, -0.022222, 0.054444, -3.090000, -6.730000, 6.420000, 271.250000, -7.562500, -16.750000
4014, 0.160000, 0.000000, 0.250000, 0.040000, 0.033712, 0.041111, -1.290000, 2.820000, 9.300000, 271.187500, -7.562500, -16.812500, 0.130000, -0.060000, 0.050000, 0.006667, -0.036667, 0.072222, -3.090000, -6.720000, 6.420000, 271.187500, -7.562500, -16.812500
4035, 0.100000, 0.180000, 0.480000, 0.061111, -0.150000, 0.014444, -1.270000, 2.830000, 9.300000, 271.187500, -7.437500, -16.937500, 0.160000, 0.160000, -0.070000, 0.007778, -0.013333, 0.002222, -3.090000, -6.720000, 6.430000, 271.187500, -7.437500, -16.937500
4055, 0.210000, 0.420000, -0.220000, -0.077778, -0.134444, 0.002222, -1.250000, 2.820000, 9.300000, 271.187500, -7.312500, -16.875000, 0.120000, 0.280000, -0.230000, -0.038889, 0.003333, -0.015556, -3.090000, -6.730000, 6.420000, 271.187500, -7.312500, -16.875000
4076, 0.350000, 0.370000, -0.490000, -0.151111, -0.056667, 0.033333, -1.240000, 2.790000, 9.310000, 271.125000, -7.250000, -16.687500, -0.390000, 0.040000, 0.210000, -0.121111, 0.057778, -0.005556, -3.100000, -6.740000, 6.400000, 271.125000, -7.250000, -16.687500
4094, 0.190000, -0.190000, 0.090000, -0.082222, 0.122222, 0.103333, -1.260000, 2.780000, 9.310000, 271.000000, -7.375000, -16.562500, -0.390000, -0.310000, 0.390000, -0.078889, 0.018889, 0.096667, -3.120000, -6.740000, 6.390000, 271.000000, -7.375000, -16.562500
4115, 0.070000, -0.500000, 0.740000, -0.017778, 0.126667, 0.117778, -1.270000, 2.780000, 9.310000, 270.875000, -7.437500, -16.625000, 0.000000, -0.500000, -0.140000, 0.027778, -0.065556, 0.114444, -3.120000, -6.730000, 6.400000, 270.875000, -7.437500, -16.625000
4135, 0.120000, -0.310000, 0.380000, 0.025556, 0.050000, 0.003333, -1.280000, 2.790000, 9.310000, 270.812500, -7.500000, -16.687500, 0.150000, -0.200000, -0.360000, 0.003333, -0.032222, -0.020000, -3.120000, -6.730000, 6.410000, 270.812500, -7.500000, -16.687500
4156, -0.050000, -0.180000, 0.650000, 0.015556, -0.061111, -0.072222, -1.280000, 2.790000, 9.310000, 270.875000, -7.500000, -16.687500, 0.000000, 0.040000, -0.220000, -0.040000, 0.007778, -0.053333, -3.110000, -6.740000, 6.400000, 270.875000, -7.500000, -16.687500
