0, 0.060000, -0.250000, -0.210000, -0.002222, 0.053333, -0.028889, 2.600000, -1.560000, 9.320000, 227.437500, 15.375000, 9.500000, 0.010000, 0.070000, -0.330000, 0.038889, 0.053333, 0.017778, -0.430000, -9.020000, 3.800000, 227.437500, 15.375000, 9.500000
18, 0.060000, -0.100000, -0.390000, -0.007778, 0.030000, -0.054444, 2.600000, -1.560000, 9.320000, 227.500000, 15.375000, 9.500000, -0.090000, 0.060000, -0.210000, 0.030000, 0.080000, 0.012222, -0.430000, -9.020000, 3.800000, 227.437500, 15.375000, 9.500000
35, 0.130000, -0.250000, -0.450000, -0.011111, 0.076667, -0.088889, 2.590000, -1.560000, 9.320000, 227.500000, 15.312500, 9.500000, -0.050000, 0.270000, -0.300000, 0.024444, 0.092222, 0.013333, -0.440000, -9.020000, 3.810000, 227.500000, 15.312500, 9.500000
55, 0.180000, 0.050000, -0.450000, 0.018889, 0.127778, -0.106667, 2.580000, -1.550000, 9.330000, 227.625000, 15.250000, 9.437500, -0.280000, 0.140000, 0.250000, 0.033712, 0.125556, 0.063333, -0.460000, -9.020000, 3.810000, 227.625000, 15.250000, 9.437500
74, 0.090000, 0.170000, 0.160000, 0.023333, 0.131111, -0.087778, 2.560000, -1.540000, 9.330000, 227.500000, 15.125000, 9.375000, -0.220000, -0.220000, 0.300000, 0.033333, 0.091111, 0.102222, -0.480000, -9.010000, 3.810000, 227.500000, 15.125000, 9.375000
94, 0.130000, 0.510000, 0.240000, 0.001111, 0.107778, -0.072222, 2.540000, -1.540000, 9.340000, 227.562500, 15.000000, 9.312500, -0.310000, 0.140000, 0.680000, 0.012222, 0.102222, 0.061111, -0.500000, -9.010000, 3.820000, 227.625000, 14.937500, 9.312500
115, 0.200000, 0.980000, 0.420000, -0.094444, 0.111111, -0.026667, 2.520000, -1.550000, 9.340000, 227.625000, 14.875000, 9.375000, -0.360000, -0.090000, 0.750000, -0.097778, 0.074444, 0.060000, -0.520000, -9.020000, 3.810000, 227.625000, 14.875000, 9.375000
135, 0.220000, 1.050000, 0.560000, -0.172222, 0.126667, 0.036667, 2.500000, -1.570000, 9.340000, 227.437500, 14.750000, 9.562500, -0.550000, -0.410000, 1.220000, -0.155556, 0.060000, 0.053333, -0.530000, -9.030000, 3.780000, 227.437500, 14.750000, 9.562500
153, 0.000000, 0.810000, 1.310000, -0.175556, 0.041111, 0.061111, 2.480000, -1.610000, 9.340000, 227.437500, 14.687500, 9.750000, -0.640000, -0.520000, 1.530000, -0.176667, -0.012222, 0.013333, -0.540000, -9.040000, 3.750000, 227.437500, 14.687500, 9.750000
174, 0.130000, 1.090000, 1.330000, -0.153333, -0.052222, 0.120000, 2.490000, -1.640000, 9.340000, 227.125000, 14.687500, 10.000000, -0.460000, -0.540000, 1.630000, -0.162222, -0.124444, -0.037778, -0.530000, -9.050000, 3.720000, 227.125000, 14.687500, 10.000000
194, 0.410000, 1.050000, 1.090000, -0.150000, -0.115556, 0.160000, 2.500000, -1.680000, 9.330000, 226.937500, 14.750000, 10.187500, -0.210000, -0.320000, 1.360000, -0.183333, -0.202222, -0.104444, -0.500000, -9.060000, 3.690000, 226.875000, 14.812500, 10.312500
215, 0.520000, 1.230000, 0.830000, -0.217778, -0.152222, 0.190000, 2.520000, -1.720000, 9.310000, 226.750000, 14.875000, 10.437500, -0.150000, -0.010000, 1.350000, -0.252222, -0.225556, -0.128889, -0.460000, -9.080000, 3.660000, 226.750000, 14.875000, 10.437500
233, 0.480000, 1.400000, 0.920000, -0.275556, -0.212222, 0.263333, 2.550000, -1.780000, 9.290000, 226.312500, 15.062500, 10.812500, -0.240000, -0.360000, 1.420000, -0.313333, -0.272222, -0.113333, -0.420000, -9.100000, 3.610000, 226.312500, 15.062500, 10.812500
254, 0.330000, 0.870000, 1.180000, -0.220000, -0.328889, 0.313333, 2.590000, -1.840000, 9.270000, 226.000000, 15.312500, 11.187500, -0.300000, -0.530000, 1.570000, -0.288889, -0.345556, -0.136667, -0.380000, -9.120000, 3.560000, 226.000000, 15.312500, 11.187500
274, 0.220000, 1.420000, 1.050000, -0.184444, -0.461111, 0.390000, 2.650000, -1.890000, 9.240000, 225.375000, 15.687500, 11.500000, -0.320000, 0.310000, 1.000000, -0.290000, -0.440000, -0.212222, -0.320000, -9.140000, 3.510000, 225.375000, 15.687500, 11.500000
295, -0.420000, 1.380000, 1.440000, -0.238889, -0.706667, 0.490000, 2.740000, -1.950000, 9.200000, 224.812500, 16.250000, 11.937500, -0.340000, 0.200000, 0.730000, -0.385556, -0.492222, -0.245556, -0.240000, -9.170000, 3.450000, 224.500000, 16.687500, 12.187500
315, -0.720000, 1.350000, 1.280000, -0.280000, -1.113333, 0.618889, 2.900000, -2.030000, 9.140000, 224.125000, 17.187500, 12.500000, -0.670000, 0.560000, 0.520000, -0.522222, -0.539392, -0.384444, -0.150000, -9.200000, 3.370000, 224.125000, 17.187500, 12.500000
334, -0.800000, 1.910000, -0.640000, -0.390000, -1.175556, 0.880000, 3.070000, -2.140000, 9.060000, 223.062500, 18.250000, 13.250000, -1.340000, 1.540000, -0.010000, -0.646667, -0.772222, -0.470000, -0.020000, -9.240000, 3.260000, 223.062500, 18.250000, 13.250000
354, -1.080000, 1.550000, -2.870000, -0.394444, -1.002222, 1.442222, 3.200000, -2.280000, 8.980000, 221.562500, 19.062500, 14.250000, 0.160000, 1.750000, -2.200000, -0.727778, -1.308889, -0.368889, 0.110000, -9.290000, 3.130000, 221.562500, 19.062500, 14.250000
375, 0.850000, -6.870000, -7.380000, -0.316667, -0.574444, 1.421111, 3.250000, -2.430000, 8.920000, 219.625000, 19.375000, 15.250000, 3.410000, 2.480000, -8.672500, -0.165556, -1.426667, -0.056667, 0.220000, -9.310000, 3.070000, 219.625000, 19.375000, 15.250000
395, 2.510000, -9.250000, -12.190000, -0.295556, 0.464444, 0.286667, 3.200000, -2.520000, 8.910000, 219.000000, 19.062500, 15.750000, 6.470000, 5.080000, -17.170000, 0.060000, 0.248889, 0.480000, 0.180000, -9.300000, 3.080000, 219.500000, 18.125000, 15.812500
414, 3.930000, -9.040000, -23.990000, -0.906667, 3.876667, -1.484444, 2.750000, -2.580000, 9.050000, 220.687500, 16.312500, 15.875000, 4.670000, 6.750000, -18.910000, 0.163333, 4.343333, 0.700000, -0.120000, -9.300000, 3.090000, 220.687500, 16.312500, 15.875000
434, 2.260000, -5.900000, -26.070000, -2.495556, 8.394444, -2.535556, 1.640000, -2.840000, 9.230000, 224.625000, 9.625000, 17.062500, -0.380000, 5.800000, -10.710000, -1.925556, 7.604445, 1.160000, -0.700000, -9.360000, 2.820000, 224.625000, 9.625000, 17.062500
455, -7.170000, -12.560000, -23.920000, -3.376667, 13.393333, -3.413333, -0.320000, -3.370000, 9.200000, 230.437500, -1.875000, 20.125000, -4.380000, 3.340000, -5.360000, -3.422222, 7.007778, 2.311111, -1.390000, -9.470000, 2.100000, 230.437500, -1.875000, 20.125000
475, -15.120000, -13.630000, -7.370000, -1.394444, 12.998889, -3.674444, -2.350000, -3.820000, 8.710000, 237.062500, -13.875000, 23.625000, -8.220000, 1.650000, -0.770000, -2.527778, 5.741111, 4.415555, -2.290000, -9.430000, 1.390000, 237.062500, -13.875000, 23.625000
493, -19.129999, 5.500000, 13.990000, -0.543333, 8.318889, -2.746667, -3.690000, -4.070000, 8.120000, 242.562500, -22.062500, 26.625000, -11.500000, -1.140000, 7.040000, -2.277778, 3.997778, 5.096667, -3.280000, -9.200000, 0.750000, 244.062500, -23.750000, 28.250000
514, -22.320000, 13.960000, 31.180000, -1.932222, 0.596667, -1.032222, -3.950000, -4.430000, 7.800000, 244.500000, -23.750000, 29.562500, -12.850000, -10.490000, 11.180000, -3.293333, 2.698889, 3.827778, -4.040000, -8.930000, 0.030000, 244.500000, -23.750000, 29.562500
534, -16.020000, 12.940000, 26.260000, -2.613333, -3.287778, 1.065556, -3.620000, -4.770000, 7.760000, 242.437500, -21.625000, 31.562500, -15.130000, -19.850000, 22.930000, -3.205555, 1.977778, 0.508889, -4.270000, -8.790000, -0.700000, 242.437500, -21.625000, 31.562500
555, -12.480000, 2.370000, 18.510000, -0.984444, -4.647778, 1.017778, -3.060000, -4.910000, 7.910000, 239.687500, -18.187500, 31.812500, -12.380000, -4.270000, 16.540001, -0.781111, -1.463333, -2.847778, -3.920000, -8.930000, -0.910000, 239.687500, -18.187500, 31.812500
573, -12.080000, 7.340000, 19.709999, -0.321111, -7.130000, 1.665556, -2.220000, -4.900000, 8.190000, 236.125000, -13.062500, 30.875000, -8.740000, 0.940000, 8.260000, 0.294444, -4.511111, -3.468889, -3.370000, -9.180000, -0.610000, 236.125000, -13.062500, 30.875000
594, -9.510000, 1.720000, 6.000000, -0.422222, -9.005555, 2.952222, -1.100000, -4.890000, 8.420000, 230.625000, -6.437500, 30.125000, -4.370000, -4.620000, -0.030000, 0.112222, -5.507778, -2.874444, -2.890000, -9.360000, -0.270000, 230.625000, -6.437500, 30.125000
614, -5.090000, -6.780000, -7.700000, -0.036667, -7.746666, 2.654444, -0.020000, -4.880000, 8.500000, 225.125000, -0.125000, 29.812500, -2.610000, -7.270000, -6.980000, 0.468889, -5.944445, -3.306667, -2.340000, -9.520000, 0.080000, 225.125000, -0.125000, 29.812500
635, -0.600000, -13.000000, -11.560000, 0.175556, -4.958889, 1.315556, 0.710000, -4.860000, 8.480000, 221.687500, 4.187500, 29.812500, 3.370000, -1.240000, -17.080000, 0.812222, -5.356667, -4.342222, -1.560000, -9.670000, 0.430000, 221.687500, 4.187500, 29.812500
655, -0.710000, -14.410000, -8.080000, -0.330000, -3.880000, 0.002222, 1.340000, -4.900000, 8.380000, 220.187500, 7.812500, 30.312500, 5.230000, -1.190000, -19.200001, 0.541615, -3.174444, -3.992222, -0.750000, -9.750000, 0.620000, 220.187500, 7.812500, 30.312500
674, 0.280000, -19.780001, -9.490000, -0.047778, -3.671111, -1.548889, 2.040000, -4.890000, 8.250000, 220.312500, 12.000000, 30.625000, 5.480000, -2.230000, -17.139999, 1.296667, -0.583333, -2.993333, -0.130000, -9.760000, 0.830000, 220.312500, 12.000000, 30.625000
694, 0.180000, -23.389999, -11.930000, 0.726667, -2.810000, -3.733333, 2.790000, -4.670000, 8.150000, 222.812500, 16.500000, 29.750000, 4.920000, -2.840000, -16.209999, 2.616667, 1.274444, -2.195555, 0.280000, -9.720000, 1.250000, 222.812500, 16.500000, 29.750000
715, -3.290000, -20.920000, -12.230000, 1.908889, -1.986667, -6.218889, 3.600000, -4.070000, 8.150000, 228.000000, 21.562500, 26.500000, 2.770000, -2.360000, -15.140000, 4.022222, 3.016667, -2.078889, 0.580000, -9.590000, 1.950000, 228.000000, 21.562500, 26.500000
735, -5.490000, -15.960000, -17.020000, 3.394444, 0.071111, -8.334444, 4.220000, -3.000000, 8.320000, 235.687500, 25.500000, 19.812500, -2.720000, 5.090000, -11.580000, 5.236667, 4.715556, -2.390000, 0.800000, -9.330000, 2.890000, 235.687500, 25.500000, 19.812500
754, -7.270000, 2.440000, -20.350000, 4.192222, 2.673333, -8.730000, 4.290000, -1.640000, 8.660000, 244.437500, 25.937500, 10.687500, -4.140000, 15.280000, -7.190000, 5.472222, 6.247778, -2.583333, 0.870000, -8.930000, 3.950000, 244.437500, 25.937500, 10.687500
774, -7.740000, 14.940000, -18.610001, 3.254444, 4.573333, -7.158889, 3.740000, -0.430000, 9.050000, 252.250000, 22.437500, 2.750000, -9.950000, 23.780001, 1.400000, 3.970000, 6.190000, -0.546667, 0.530000, -8.540000, 4.770000, 252.250000, 22.437500, 2.750000
794, -10.880000, 32.150002, -5.180000, 0.822222, 5.000000, -3.625556, 2.870000, 0.110000, 9.370000, 257.000000, 17.000000, -0.625000, -14.250000, 25.400000, 13.110000, 0.397778, 5.543334, 1.604445, -0.170000, -8.410000, 5.030000, 257.000000, 17.000000, -0.625000
815, -11.240000, 37.669998, 1.160000, -2.127778, 3.836667, 0.652222, 2.130000, -0.110000, 9.570000, 257.625000, 12.562500, 0.625000, -16.059999, 8.960000, 17.910000, -3.288889, 2.713333, 3.304445, -0.970000, -8.600000, 4.590000, 257.625000, 12.562500, 0.625000
833, -10.490000, 23.010000, 1.630000, -2.853333, 3.125556, 3.357778, 1.510000, -0.730000, 9.660000, 254.937500, 8.625000, 4.312500, -14.370000, 5.850000, 16.809999, -3.572222, -0.144444, 2.944444, -1.530000, -8.642500, 3.960000, 254.937500, 8.625000, 4.312500
854, -7.760000, 14.410000, 3.000000, -0.987778, 2.284444, 4.554444, 0.970000, -1.110000, 9.690000, 250.500000, 5.625000, 6.500000, -10.620000, 4.750000, 13.620000, -2.172222, -2.310000, 2.961111, -1.900000, -8.920000, 3.590000, 250.500000, 5.625000, 6.500000
874, -5.970000, 15.900000, -0.090000, -0.366667, 1.758889, 6.373333, 0.490000, -1.260000, 9.710000, 244.187500, 2.875000, 7.375000, -9.140000, 5.520000, 10.480000, -1.916667, -4.940000, 3.248889, -2.150000, -8.920000, 3.450000, 244.187500, 2.875000, 7.375000
895, -6.780000, 8.160000, -2.760000, -1.145555, 1.358889, 7.553333, 0.040000, -1.460000, 9.690000, 236.375000, 0.187500, 8.562500, -2.960000, 5.790000, -7.380000, -3.226667, -6.502222, 3.308889, -2.310000, -8.960000, 3.230000, 236.375000, 0.187500, 8.562500
913, -4.380000, -3.140000, -6.560000, -3.350000, 2.285556, 7.964445, -0.570000, -1.930000, 9.590000, 227.812500, -3.312500, 11.375000, 5.030000, -2.910000, -16.660000, -4.033333, -5.492222, 4.641111, -2.670000, -8.990000, 2.830000, 227.812500, -3.312500, 11.375000
934, -4.070000, -37.070000, 6.970000, -0.544444, 1.901111, 1.712222, -1.110000, -2.180000, 9.490000, 224.062500, -6.500000, 12.937500, 7.800000, -27.450001, -21.180000, -1.633333, -1.285556, 3.706667, -3.290000, -8.682500, 2.550000, 224.062500, -6.500000, 12.937500
954, -4.650000, -29.660000, 14.760000, 1.758889, -0.474444, -2.007778, -1.070000, -1.940000, 9.550000, 225.750000, -6.250000, 11.500000, 2.630000, -18.350000, -13.790000, 1.446667, 0.426667, -1.080000, -3.300000, -8.642500, 2.660000, 225.750000, -6.250000, 11.500000
975, -3.910000, -26.530001, 8.750000, 1.877778, -1.588889, -3.764444, -0.700000, -1.660000, 9.630000, 229.250000, -4.125000, 9.812500, 2.790000, -17.440001, -14.560000, 2.263333, 1.056667, -2.752222, -2.940000, -8.682500, 2.970000, 229.250000, -4.125000, 9.812500
995, -5.000000, -22.459999, 6.970000, 2.775556, -2.591111, -5.403333, -0.130000, -1.240000, 9.720000, 234.625000, -0.750000, 7.312500, -2.160000, -7.840000, -10.150000, 3.812222, 2.081111, -4.088889, -2.410000, -8.662500, 3.450000, 234.625000, -0.750000, 7.312500
1014, -5.230000, -8.690000, -5.060000, 4.001111, -2.485556, -6.181111, 0.450000, -0.530000, 9.780000, 241.062500, 2.625000, 3.125000, -3.580000, -2.960000, -8.450000, 5.128889, 2.675555, -4.118889, -1.890000, -8.670000, 4.150000, 241.062500, 2.625000, 3.125000
1034, -5.010000, 6.140000, -9.880000, 3.914444, -1.387778, -5.427778, 0.770000, 0.270000, 9.770000, 247.125000, 4.500000, -1.562500, -8.060000, 12.020000, -2.100000, 5.273334, 3.046667, -3.294445, -1.580000, -8.330000, 4.920000, 247.125000, 4.500000, -1.562500
1055, -6.420000, 29.709999, -7.560000, 2.424444, -0.607778, -2.941111, 0.870000, 0.870000, 9.720000, 251.000000, 5.125000, -5.125000, -9.960000, 26.400000, 7.080000, 2.400000, 3.175555, -1.051111, -1.620000, -8.050000, 5.340000, 251.000000, 5.125000, -5.125000
1075, -7.120000, 38.209999, -2.760000, -0.560000, -0.893333, 0.782222, 1.010000, 0.900000, 9.710000, 251.187500, 5.937500, -5.312500, -12.570000, 20.719999, 20.680000, -1.413333, 0.762222, 1.005556, -1.860000, -8.090000, 5.210000, 251.187500, 5.937500, -5.312500
1093, -5.770000, 30.700001, -3.740000, -2.046667, -1.064444, 3.746667, 1.260000, 0.500000, 9.710000, 248.000000, 7.375000, -2.937500, -8.672500, 11.240000, 16.760000, -2.406667, -1.705556, 1.033333, -1.920000, -8.270000, 4.890000, 248.000000, 7.375000, -2.937500
1114, -4.940000, 18.049999, -3.610000, -1.483333, -0.817778, 5.091111, 1.450000, 0.060000, 9.690000, 242.937500, 8.500000, -0.375000, -6.800000, 9.280000, 13.310000, -2.414444, -3.515556, 1.356667, -1.840000, -8.450000, 4.610000, 242.937500, 8.500000, -0.375000
1134, -3.310000, 10.800000, -4.980000, -0.897778, -0.648889, 6.150000, 1.560000, -0.280000, 9.670000, 236.562500, 9.187500, 1.687500, -3.320000, 8.450000, 2.800000, -2.470000, -4.981111, 1.933333, -1.730000, -8.590000, 4.380000, 236.562500, 9.187500, 1.687500
1155, -4.250000, 3.530000, -8.310000, -1.045556, -0.023333, 6.981111, 1.530000, -0.670000, 9.660000, 229.250000, 9.000000, 3.937500, -2.560000, 6.730000, -3.210000, -3.255556, -5.668889, 2.594445, -1.690000, -8.760000, 4.060000, 225.312500, 8.437500, 5.312500
1173, -3.520000, 0.160000, -10.710000, -2.351111, 1.212222, 7.510000, 1.250000, -1.210000, 9.640000, 221.312500, 7.312500, 7.125000, 1.910000, 4.270000, -12.900000, -4.174443, -5.521111, 3.278889, -1.790000, -8.950000, 3.570000, 221.312500, 7.312500, 7.125000
1194, -0.300000, -36.240002, -9.130000, -2.980000, 2.055556, 4.007778, 0.750000, -1.870000, 9.590000, 216.000000, 4.375000, 11.062500, 9.110000, -4.690000, -20.080000, -3.323333, -2.618889, 3.545556, -2.180000, -9.040000, 3.080000, 216.000000, 4.375000, 11.062500
1214, 2.260000, -31.670000, -12.490000, -1.782222, 3.430000, -0.472222, 0.190000, -2.240000, 9.540000, 215.937500, 1.062500, 13.187500, 8.530000, -15.500000, -30.969999, -2.252222, -0.128889, 2.800000, -2.630000, -9.040000, 2.740000, 215.937500, 1.062500, 13.187500
1235, 1.010000, -15.010000, -15.160000, -1.842222, 5.045556, -1.697778, -0.550000, -2.570000, 9.440000, 218.187500, -3.187500, 15.187500, 2.150000, 0.040000, -21.110001, 0.004444, 6.988889, 0.448889, -3.010000, -9.010000, 2.400000, 218.187500, -3.187500, 15.187500
1253, 0.530000, -14.720000, -24.170000, -2.175555, 9.676666, -2.562222, -1.920000, -3.000000, 9.130000, 221.937500, -11.312500, 18.187500, -3.010000, 4.300000, -10.650000, -1.078889, 7.570000, 1.802222, -3.560000, -8.950000, 1.800000, 224.375000, -16.625000, 20.062500
1274, -10.570000, -9.070000, -15.970000, -1.374444, 12.494445, -3.023333, -3.730000, -3.430000, 8.390000, 227.125000, -22.312500, 22.250000, -8.690000, 5.300000, -2.840000, -1.441111, 7.107778, 2.786667, -4.290000, -8.750000, 1.020000, 227.125000, -22.312500, 22.250000
1294, -21.410000, 2.670000, 4.970000, -0.484444, 10.331111, -2.321111, -5.280000, -3.750000, 7.350000, 232.312500, -32.562500, 27.000000, -11.590000, -0.180000, 4.560000, -2.834445, 4.990000, 4.507778, -5.080000, -8.380000, 0.120000, 233.625000, -34.812500, 28.937500
1315, -25.280001, 17.959999, 31.950001, -1.892222, -0.081111, -0.216667, -5.590000, -4.030000, 6.970000, 233.375000, -34.750000, 30.000000, -13.170000, -17.459999, 16.059999, -3.315556, 4.268889, 3.707778, -5.510000, -8.070000, -0.780000, 233.375000, -34.750000, 30.000000
1335, -18.790001, 7.640000, 31.090000, -1.295556, -5.712222, 1.106667, -5.000000, -4.160000, 7.330000, 230.562500, -30.625000, 29.500000, -16.370001, -21.590000, 22.610001, -1.152222, 0.635556, -2.064445, -5.320000, -8.140000, -1.230000, 230.562500, -30.625000, 29.500000
1354, -10.010000, 1.120000, 10.970000, -0.182222, -6.461111, 1.352222, -4.190000, -4.100000, 7.850000, 227.375000, -25.312500, 27.562500, -12.490000, -3.560000, 15.960000, 1.450000, -3.607778, -3.575556, -4.820000, -8.490000, -0.830000, 225.875000, -22.500000, 26.437500
1374, -6.820000, -2.660000, 3.700000, 0.611111, -6.011111, 1.283333, -3.330000, -3.940000, 8.330000, 224.500000, -19.875000, 25.312500, -6.190000, -1.820000, 0.450000, 1.890000, -4.711111, -2.954444, -4.440000, -8.740000, -0.100000, 224.500000, -19.875000, 25.312500
1395, -2.580000, -8.240000, -3.280000, 0.783333, -4.841111, 0.972222, -2.590000, -3.750000, 8.670000, 222.250000, -15.312500, 23.375000, -1.570000, -6.470000, -7.400000, 1.248889, -5.474444, -2.267778, -4.050000, -8.900000, 0.560000, 221.687500, -13.125000, 22.687500
1415, -0.900000, -21.230000, -5.360000, 0.957778, -4.156667, -0.717778, -1.850000, -3.610000, 8.920000, 221.687500, -10.875000, 22.062500, 4.080000, -7.870000, -16.580000, 1.422222, -4.990000, -2.606667, -3.500000, -9.080000, 1.160000, 221.687500, -10.875000, 22.062500
1433, 0.040000, -22.160000, -8.560000, 1.572222, -3.390000, -2.878889, -1.080000, -3.430000, 9.110000, 223.562500, -6.312500, 20.625000, 5.420000, -6.920000, -20.290001, 2.733333, -1.586667, -3.418889, -2.860000, -9.210000, 1.710000, 223.562500, -6.312500, 20.625000
1454, -1.690000, -25.340000, -11.820000, 2.691111, -2.716667, -5.674443, -0.270000, -3.080000, 9.300000, 228.500000, -1.562500, 18.312500, 5.920000, -4.250000, -20.820000, 4.060000, 1.111111, -3.521111, -2.270000, -9.240000, 2.360000, 232.125000, 0.750000, 16.500000
1474, -4.110000, -17.980000, -14.950000, 3.860000, -1.524444, -7.734445, 0.450000, -2.420000, 9.490000, 236.187500, 2.625000, 14.312500, 4.030000, -0.970000, -20.469999, 4.410000, 2.287778, -3.625556, -1.780000, -9.140000, 3.050000, 236.187500, 2.625000, 14.312500
1495, -4.530000, -0.690000, -22.080000, 3.936667, 1.430000, -8.095555, 0.650000, -1.600000, 9.650000, 244.937500, 3.812500, 9.437500, -2.920000, 6.460000, -14.260000, 5.426667, 6.143333, -3.475556, -1.550000, -8.900000, 3.790000, 249.187500, 3.062500, 7.125000
1513, -5.760000, 10.430000, -17.010000, 3.243333, 3.044445, -7.232222, 0.320000, -0.880000, 9.760000, 253.187500, 1.812500, 5.187500, -6.780000, 21.730000, -2.820000, 5.234445, 6.553333, -3.265556, -1.580000, -8.620000, 4.390000, 253.187500, 1.812500, 5.187500
1534, -6.340000, 24.910000, -17.330000, 2.013333, 4.645555, -5.290000, -0.370000, -0.440000, 9.780000, 259.750000, -2.125000, 2.562500, -10.640000, 31.120001, 4.260000, 2.915555, 6.250000, -1.305556, -2.020000, -8.470000, 4.490000, 259.750000, -2.125000, 2.562500
1554, -6.700000, 39.590000, -18.410000, -1.196667, 7.325555, -1.421111, -1.600000, -0.530000, 9.650000, 262.500000, -9.437500, 3.125000, -16.459999, 20.889999, 19.590000, -3.775556, 4.434444, 3.384444, -2.870000, -8.550000, 3.820000, 262.312500, -13.000000, 4.500000
1575, -13.250000, 37.209999, 6.850000, -3.684444, 4.933333, 2.178889, -2.670000, -1.030000, 9.370000, 261.000000, -15.750000, 6.312500, -14.330000, 10.320000, 20.670000, -4.957778, 2.597778, 3.553333, -3.540000, -8.670000, 2.870000, 261.000000, -15.750000, 6.312500
1595, -11.310000, 24.860001, 6.940000, -3.673333, 2.050000, 5.081111, -3.240000, -1.470000, 9.130000, 255.750000, -19.312500, 9.125000, -13.080000, 5.800000, 19.280001, -4.256667, -1.904444, 3.187778, -4.010000, -8.670000, 2.190000, 251.875000, -20.750000, 9.625000
1614, -7.670000, 17.379999, -3.630000, -2.662222, 1.592222, 8.141111, -3.720000, -1.480000, 8.940000, 247.250000, -22.312500, 9.375000, -12.540000, 6.100000, 14.000000, -3.390000, -3.581111, 3.547778, -4.470000, -8.470000, 2.060000, 247.250000, -22.312500, 9.375000
1634, -7.140000, 7.550000, -7.200000, -2.246667, 2.547778, 9.954445, -4.340000, -1.120000, 8.710000, 236.375000, -26.250000, 7.312500, -6.170000, 3.410000, -5.490000, -2.120000, -6.858889, 5.197778, -5.080000, -8.020000, 2.420000, 231.625000, -28.562500, 5.875000
1655, -3.090000, -38.380001, -7.140000, 0.232222, 4.043334, 5.170000, -5.050000, -0.620000, 8.370000, 228.937500, -31.000000, 4.250000, 8.330000, -29.240000, -32.169998, 0.721111, -4.276667, 6.783333, -5.830000, -7.280000, 2.990000, 228.125000, -33.750000, 3.000000
1675, -1.710000, -38.349998, -3.030000, 1.030000, 5.642222, -0.318889, -5.880000, -0.360000, 7.830000, 228.562500, -36.812500, 2.625000, 6.540000, -23.520000, -26.940001, 1.423333, -1.350000, 4.728889, -6.110000, -6.970000, 3.160000, 228.562500, -36.812500, 2.625000
1694, -10.410000, -35.930000, 9.060000, 0.862222, 4.908889, -3.896667, -6.610000, -0.620000, 7.200000, 232.375000, -42.437500, 4.937500, 0.170000, -18.830000, -22.879999, 0.236667, 2.977778, 1.330000, -6.650000, -6.550000, 2.980000, 235.437500, -43.750000, 6.750000
1714, -17.230000, -23.870001, 28.030001, 2.585556, 0.557778, -5.337778, -6.770000, -1.000000, 7.010000, 238.937500, -43.687500, 8.125000, -5.660000, -25.129999, -9.600000, 0.567778, 4.593333, 0.875556, -6.950000, -6.460000, 2.440000, 238.937500, -43.687500, 8.125000
1735, -17.260000, -9.810000, 18.990000, 4.234445, -2.567778, -5.406667, -6.380000, -1.150000, 7.350000, 246.437500, -40.625000, 8.875000, -13.180000, -19.709999, 8.190000, 1.990000, 5.088889, -2.084445, -6.760000, -6.770000, 2.130000, 249.812500, -38.562500, 8.500000
1755, -15.360000, 10.940000, 6.010000, 4.068889, -2.931111, -3.867778, -5.860000, -1.060000, 7.780000, 252.562500, -36.687500, 7.750000, -16.270000, -9.960000, 5.880000, 2.771111, 3.032222, -5.768889, -6.030000, -7.410000, 2.170000, 254.562500, -35.062500, 6.375000
1773, -13.170000, 15.830000, 3.290000, 3.902222, -2.887778, -1.054444, -5.400000, -0.650000, 8.150000, 255.687500, -33.437500, 4.562500, -17.280001, 5.950000, 9.820000, 3.810000, 2.876667, -7.011111, -5.580000, -7.720000, 2.290000, 255.687500, -33.437500, 4.562500
1794, -9.200000, 10.430000, 5.260000, 3.791111, -4.658889, 1.074444, -4.760000, 0.010000, 8.570000, 256.125000, -29.000000, -0.062500, -14.920000, 9.670000, 12.990000, 4.400000, 0.895556, -5.203333, -4.480000, -8.120000, 3.180000, 255.750000, -25.812500, -2.437500
1814, -7.180000, 4.570000, 4.230000, 3.277778, -7.060000, 1.744444, -3.660000, 0.720000, 9.060000, 255.312500, -21.937500, -4.562500, -6.960000, 5.490000, 9.070000, 5.044445, -2.690000, -2.290000, -4.210000, -8.050000, 3.680000, 255.312500, -21.937500, -4.562500
1835, -9.170000, 3.660000, 5.950000, 2.184444, -9.805555, 1.324444, -2.000000, 1.240000, 9.510000, 254.687500, -11.812500, -7.437500, -0.840000, -1.110000, -0.350000, 4.143333, -4.931111, -1.428889, -3.240000, -7.710000, 5.100000, 254.562500, -5.937500, -8.375000
1853, -10.870000, 2.550000, 2.270000, 1.570000, -11.348886, 0.833333, 0.030000, 1.560000, 9.680000, 254.625000, 0.187500, -9.187500, 0.060000, -1.200000, -3.890000, 2.357778, -4.901111, -2.905555, -2.280000, -7.670000, 5.650000, 254.625000, 6.250000, -10.000000
1874, -5.860000, 5.160000, -12.690000, 1.117778, -10.156667, 0.987778, 2.000000, 1.780000, 9.430000, 254.562500, 11.812500, -10.687500, -2.180000, 2.280000, -0.540000, 1.882222, -3.524444, -4.338889, -1.770000, -7.650000, 5.860000, 254.562500, 11.812500, -10.687500
1894, -5.140000, 0.380000, -12.530000, 1.370000, -7.905556, 0.993333, 3.510000, 1.940000, 8.940000, 254.125000, 20.937500, -12.250000, -3.750000, 4.740000, 0.420000, 1.992222, -3.063150, -4.718889, -0.210000, -7.430000, 6.380000, 253.875000, 24.750000, -13.125000
1915, -0.080000, -0.650000, -18.940001, 1.242222, -5.803333, 0.853333, 4.590000, 2.090000, 8.400000, 253.562500, 27.937500, -13.937500, -0.390000, 12.870000, -6.790000, 2.324445, -3.565556, -4.437778, 0.310000, -7.290000, 6.540000, 253.562500, 27.937500, -13.937500
1935, 2.910000, -2.070000, -23.610001, 0.810000, -3.330000, 0.156667, 5.230000, 2.200000, 7.990000, 253.437500, 32.250000, -15.375000, 3.930000, 18.730000, -12.070000, 1.991111, -2.815556, -2.917778, 1.390000, -6.860000, 6.860000, 253.500000, 33.062500, -15.875000
1954, 4.130000, 5.040000, -28.730000, -0.054444, 0.598889, 0.118889, 5.310000, 2.230000, 7.930000, 253.437500, 32.750000, -15.750000, 4.970000, 22.530001, -16.799999, 0.772222, -0.390000, -0.014444, 1.210000, -6.830000, 6.920000, 253.062500, 31.312500, -14.812500
1974, -2.170000, 9.550000, -21.799999, -1.340000, 4.395555, 1.095556, 4.770000, 1.980000, 8.320000, 252.375000, 29.125000, -13.375000, -3.300000, 16.950001, -4.530000, -1.054444, 2.981111, 3.010000, 0.810000, -6.930000, 6.880000, 252.375000, 29.125000, -13.375000
1995, -2.870000, 12.870000, -27.120001, -2.602222, 8.072222, 2.628889, 3.700000, 1.440000, 8.960000, 249.812500, 22.125000, -9.125000, -5.750000, 12.200000, -2.970000, -3.195555, 3.296667, 4.202222, -0.630000, -7.530000, 6.240000, 248.000000, 17.000000, -6.437500
2015, -11.730000, 5.770000, -20.090000, -3.678889, 11.266666, 3.640000, 1.880000, 0.640000, 9.600000, 246.000000, 11.062500, -3.812500, -7.560000, 8.880000, -0.840000, -4.976666, 1.764444, 4.836667, -1.090000, -7.770000, 5.870000, 246.000000, 11.062500, -3.812500
2034, -16.180000, 2.700000, -7.950000, -4.514444, 10.301111, 4.135556, -0.120000, -0.210000, 9.800000, 241.625000, -0.687500, 1.250000, -6.910000, 8.070000, -2.360000, -6.146667, -0.382222, 5.501111, -2.350000, -8.380000, 4.500000, 239.437500, -4.500000, 3.187500
2054, -18.830000, -17.090000, 29.320000, -2.108889, 2.308889, 3.681111, -1.010000, -0.710000, 9.720000, 237.437500, -5.875000, 4.125000, -8.140000, -12.710000, -5.280000, -5.726666, -1.416667, 7.541111, -3.540000, -8.350000, 3.710000, 235.750000, -5.562500, 4.312500
2074, -11.310000, -16.780001, 23.820000, 0.424444, -2.198889, 2.191111, -0.760000, -0.680000, 9.750000, 234.500000, -4.437500, 4.000000, -8.690000, -29.809999, 2.640000, -3.450000, 0.234444, 6.923333, -4.090000, -8.220000, 3.430000, 234.500000, -4.437500, 4.000000
2095, -6.980000, -20.059999, 19.340000, 1.381111, -2.683333, 0.248889, -0.310000, -0.450000, 9.790000, 233.625000, -1.812500, 2.625000, -3.460000, -25.780001, -2.010000, -0.244444, -1.244444, 1.947778, -4.460000, -8.010000, 3.460000, 234.000000, 0.187500, 1.750000
2113, -7.640000, -19.469999, 22.170000, 1.617778, -4.937778, -1.722222, 0.500000, -0.150000, 9.790000, 234.875000, 2.875000, 0.875000, -1.800000, -21.190001, -6.530000, 1.245556, -1.907778, -2.033333, -4.240000, -8.050000, 3.640000, 234.875000, 2.875000, 0.875000
2134, -6.990000, -15.000000, 8.800000, 1.634444, -5.956666, -3.284444, 1.570000, 0.210000, 9.670000, 238.062500, 9.187500, -1.250000, -2.840000, -15.430000, -9.090000, 2.111111, -1.883333, -5.047778, -2.880000, -8.310000, 4.320000, 240.062500, 12.437500, -2.437500
2154, -7.450000, -9.740000, 2.350000, 1.340000, -6.038889, -4.033333, 2.630000, 0.620000, 9.420000, 242.250000, 15.562500, -3.750000, -4.080000, -4.000000, -9.130000, 3.006667, -1.032222, -7.065556, -1.660000, -8.340000, 4.870000, 244.562500, 18.625000, -5.312500
2175, -6.090000, -4.180000, -8.130000, 1.515556, -5.438889, -4.310000, 3.570000, 1.130000, 9.060000, 246.875000, 21.312500, -7.125000, -5.420000, 3.170000, -7.820000, 3.826667, 0.052222, -7.550000, -1.070000, -8.260000, 5.170000, 246.875000, 21.312500, -7.125000
2193, -1.960000, -0.940000, -17.920000, 1.826667, -3.213333, -4.396667, 4.090000, 1.750000, 8.730000, 251.562500, 24.687500, -11.312500, -2.740000, 15.610000, -8.170000, 4.662222, 1.040000, -6.626300, 0.220000, -7.590000, 6.200000, 253.875000, 25.187500, -13.625000
2214, 2.190000, 7.170000, -25.840000, 1.907778, -0.458889, -4.225555, 4.120000, 2.410000, 8.560000, 255.937500, 24.875000, -15.750000, -0.060000, 23.799999, -8.690000, 4.433333, 2.767778, -4.384444, 0.360000, -7.310000, 6.520000, 255.937500, 24.875000, -15.750000
2234, 6.090000, 22.180000, -34.299999, -0.886667, 4.526667, -2.005556, 3.470000, 2.610000, 8.790000, 258.375000, 20.687500, -16.500000, -0.910000, 33.610001, -3.840000, 2.523333, 5.077778, -0.871111, -0.430000, -6.860000, 6.980000, 258.562500, 17.062500, -14.937500
2255, -0.400000, 19.549999, -28.709999, -3.856667, 8.784445, 0.178889, 2.110000, 2.080000, 9.340000, 258.187500, 12.437500, -12.500000, -8.100000, 17.139999, 0.640000, -2.153333, 5.557778, 3.492222, -1.630000, -7.180000, 6.460000, 257.250000, 6.875000, -9.687500
2275, -9.890000, 11.180000, -22.719999, -5.005556, 12.246667, 1.727778, 0.070000, 1.170000, 9.730000, 255.937500, 0.375000, -6.812500, -10.300000, 9.080000, 2.720000, -5.482222, 3.523333, 5.482222, -2.220000, -7.410000, 6.010000, 255.937500, 0.375000, -6.812500
2294, -16.480000, 8.140000, -11.170000, -4.306667, 12.717778, 2.875556, -2.260000, 0.400000, 9.530000, 252.312500, -13.312500, -2.437500, -13.220000, 4.610000, 6.330000, -6.888889, 0.934444, 6.063334, -3.690000, -7.900000, 4.460000, 250.000000, -18.812500, -0.625000
2314, -25.920000, 0.100000, 29.799999, -3.842222, 4.958889, 3.948889, -3.600000, -0.090000, 9.110000, 247.500000, -21.500000, 0.562500, -11.240000, -0.500000, 2.620000, -6.995555, -1.970000, 6.582222, -4.110000, -7.940000, 4.010000, 247.500000, -21.500000, 0.562500
2335, -20.360001, -2.260000, 29.910000, -2.374444, -4.348889, 4.687778, -3.160000, -0.260000, 9.270000, 241.937500, -18.812500, 1.625000, -10.210000, -26.559999, 6.010000, -5.018889, -1.732222, 7.194445, -5.050000, -7.700000, 3.350000, 239.312500, -15.875000, 1.750000
2355, -8.680000, -18.070000, 11.130000, -0.726667, -5.073333, 3.416667, -2.230000, -0.270000, 9.540000, 237.375000, -13.125000, 1.625000, -6.460000, -30.610001, 4.210000, -2.336667, -2.185555, 3.237778, -5.530000, -7.430000, 3.190000, 236.375000, -10.562500, 1.250000
2373, -7.370000, -23.270000, 15.450000, 0.763333, -5.163333, 0.584444, -1.320000, -0.130000, 9.710000, 236.062500, -7.750000, 0.750000, -2.010000, -21.270000, -6.390000, 0.091111, -3.593333, -1.521111, -5.310000, -7.510000, 3.390000, 236.062500, -7.750000, 0.750000
2394, -3.850000, -14.790000, 3.580000, 0.525556, -4.962222, -1.005556, -0.360000, -0.020000, 9.790000, 236.750000, -2.125000, 0.125000, -1.310000, -14.040000, -10.410000, 1.153333, -3.307778, -4.704444, -3.950000, -7.990000, 4.070000, 237.625000, 0.187500, 0.000000
2414, -1.680000, -10.500000, -4.420000, 0.322222, -3.387778, -2.021111, 0.340000, 0.030000, 9.800000, 238.750000, 2.000000, -0.187500, 0.420000, -3.550000, -14.120000, 1.656575, -1.997778, -6.402222, -3.380000, -8.150000, 4.260000, 238.750000, 2.000000, -0.187500
2435, 4.030000, -2.420000, -17.559999, 0.486667, -1.272222, -2.455555, 0.680000, 0.140000, 9.780000, 241.312500, 3.937500, -0.812500, 0.840000, 14.840000, -10.980000, 2.775556, 1.040000, -6.970000, -2.320000, -8.320000, 4.640000, 242.687500, 3.875000, -1.312500
2453, 7.080000, 0.110000, -24.469999, 0.884444, 2.087778, -2.518889, 0.460000, 0.320000, 9.790000, 244.062500, 2.687500, -1.875000, -0.860000, 28.750000, -5.880000, 3.102222, 2.942222, -4.630000, -1.690000, -8.160000, 5.150000, 245.187500, 0.187500, -2.062500
2474, 6.740000, 10.920000, -28.620001, -0.712222, 6.610000, -1.620000, -0.570000, 0.280000, 9.780000, 246.000000, -3.375000, -1.625000, -3.970000, 23.860001, 0.920000, 0.261111, 3.320000, 0.682222, -1.900000, -8.140000, 5.110000, 246.000000, -3.375000, -1.625000
2494, -2.170000, 8.650000, -17.799999, -1.201111, 8.417778, -0.490000, -2.100000, 0.030000, 9.570000, 246.750000, -12.375000, -0.187500, -7.900000, 8.670000, 0.730000, -2.933333, 2.051111, 5.213333, -3.320000, -8.140000, 4.320000, 246.312500, -15.687500, 0.187500
2515, -16.450001, 12.470000, 28.629999, -1.191111, 1.846667, 2.031111, -2.820000, -0.090000, 9.390000, 245.125000, -16.687500, 0.500000, -7.140000, -10.050000, 7.470000, -4.157778, 0.666667, 5.925556, -3.810000, -8.110000, 3.970000, 245.125000, -16.687500, 0.500000
2533, -12.700000, -16.150000, 28.469999, -0.610000, -5.462222, 2.192222, -2.100000, -0.130000, 9.570000, 242.250000, -12.375000, 0.750000, -2.980000, -23.410000, 7.710000, -2.182222, -0.272222, 4.106667, -4.520000, -7.940000, 3.550000, 242.000000, -9.062500, 0.437500
2554, -5.640000, -26.459999, 3.670000, 1.454444, -5.123333, -1.465556, -1.070000, 0.030000, 9.740000, 242.812500, -6.312500, -0.187500, -0.370000, -27.480000, -5.020000, 0.672222, -1.771111, -0.718889, -4.540000, -7.880000, 3.640000, 244.312500, -4.125000, -0.937500
2574, -3.780000, -12.010000, 5.120000, 1.582222, -3.961111, -3.116667, -0.340000, 0.290000, 9.790000, 246.062500, -2.000000, -1.750000, 1.100000, -6.450000, -14.450000, 2.711111, -2.517778, -5.628889, -3.640000, -8.070000, 4.210000, 246.062500, -2.000000, -1.750000
2595, -2.380000, -9.220000, -2.300000, 1.807778, -3.866667, -3.644444, 0.370000, 0.620000, 9.770000, 250.000000, 2.125000, -3.625000, -0.490000, -0.980000, -10.780000, 2.986667, -0.258889, -6.441111, -2.570000, -8.190000, 4.720000, 252.187500, 3.750000, -4.687500
2615, 2.180000, -7.340000, -13.500000, 1.656575, -2.710000, -4.465556, 0.860000, 0.990000, 9.710000, 254.625000, 5.000000, -5.812500, 1.910000, 9.320000, -10.390000, 3.410000, 1.270000, -6.095556, -1.700000, -8.140000, 5.190000, 254.625000, 5.000000, -5.812500
2634, 2.290000, -3.960000, -19.180000, 2.135556, -1.303333, -5.681111, 1.050000, 1.470000, 9.630000, 260.625000, 6.125000, -8.687500, 2.220000, 18.809999, -11.830000, 3.547778, 3.140000, -5.338889, -1.110000, -7.910000, 5.670000, 263.500000, 5.625000, -9.750000
2654, 3.670000, 15.580000, -25.680000, 0.390000, 1.636667, -4.790000, 0.730000, 1.730000, 9.620000, 266.000000, 4.312500, -10.187500, -4.000000, 29.080000, -4.520000, 1.954444, 4.933333, -2.631111, -1.120000, -7.710000, 5.950000, 268.062500, 2.062500, -9.875000
2675, 2.450000, 18.840000, -27.770000, -2.033333, 5.357778, -3.248889, -0.180000, 1.490000, 9.680000, 269.625000, -1.062500, -8.750000, -7.800000, 30.180000, 0.470000, -1.138889, 6.264444, 0.782222, -1.750000, -7.740000, 5.750000, 269.625000, -1.062500, -8.750000
2695, -3.500000, 15.050000, -28.770000, -4.035555, 9.830000, -1.340000, -1.810000, 0.790000, 9.600000, 270.875000, -10.625000, -4.687500, -14.480000, 15.590000, 0.220000, -4.728889, 5.396667, 4.977778, -2.940000, -7.950000, 4.920000, 270.562500, -17.187500, -2.625000
2713, -11.630000, 8.610000, -24.480000, -3.113333, 13.752601, 0.643333, -4.090000, 0.180000, 8.900000, 269.812500, -24.625000, -1.125000, -22.990000, 6.920000, 7.760000, -5.966667, 3.401111, 8.255555, -4.400000, -7.910000, 3.760000, 269.812500, -24.625000, -1.125000
2734, -25.969999, 20.850000, -7.770000, -3.314445, 14.080000, 3.336667, -6.330000, -0.010000, 7.480000, 265.937500, -40.187500, 0.062500, -24.969999, 4.240000, 13.560000, -6.104445, 0.694444, 9.771111, -5.890000, -7.340000, 2.730000, 262.312500, -46.625000, 0.125000
2754, -32.009998, 21.690001, 12.670000, -5.691111, 7.397778, 6.270000, -7.580000, 0.070000, 6.210000, 257.500000, -50.625000, -0.625000, -20.690001, 4.460000, 5.420000, -6.605556, -3.213333, 9.377778, -7.040000, -6.460000, 2.170000, 251.187500, -51.937500, -2.500000
2775, -30.870001, 18.690001, 27.340000, -6.817778, -0.084444, 10.373333, -7.670000, 0.630000, 6.060000, 243.750000, -51.500000, -5.937500, -15.330000, -7.660000, -0.670000, -7.982222, -5.463333, 9.485556, -7.900000, -5.430000, 2.030000, 243.750000, -51.500000, -5.937500
2793, -31.740000, -9.890000, 32.820000, -2.405555, -4.263333, 9.953333, -7.060000, 1.670000, 6.580000, 230.875000, -46.062500, -14.187500, -21.100000, -34.959999, 17.530001, -7.113333, -2.996667, 8.891111, -8.630000, -4.220000, 1.950000, 226.437500, -41.812500, -17.625000
2814, -23.200001, -19.950001, 26.240000, 0.955556, -6.705555, 7.280000, -5.910000, 2.700000, 7.330000, 223.187500, -37.125000, -20.250000, -19.480000, -34.200001, 12.840000, -1.052222, -6.291111, 0.681111, -8.660000, -3.820000, 2.530000, 223.187500, -37.125000, -20.250000
2834, -19.290001, -23.059999, 20.030001, 1.095556, -9.436666, 4.470000, -4.330000, 3.400000, 8.110000, 219.625000, -26.187500, -22.750000, -8.652500, -12.510000, -21.000000, 1.305556, -11.404445, -6.488889, -7.550000, -4.550000, 4.280000, 219.187500, -20.437500, -22.625000
2855, -14.880000, -24.110001, 1.920000, -0.448889, -10.105556, 1.081111, -2.560000, 3.530000, 8.780000, 219.625000, -15.125000, -21.875000, -0.880000, -2.470000, -24.879999, 2.290000, -7.712222, -8.151111, -5.960000, -5.370000, 5.630000, 220.687500, -10.687500, -20.812500
2875, -4.080000, -15.330000, -15.140000, -1.776667, -7.392222, -1.512222, -1.230000, 3.250000, 9.160000, 222.187500, -7.187500, -19.500000, 1.280000, 1.270000, -23.110001, 0.740000, -3.684444, -8.443334, -4.520000, -6.060000, 6.230000, 222.187500, -7.187500, -19.500000
2894, -0.560000, -12.220000, -13.830000, -2.592222, -5.004445, -2.824445, -0.390000, 2.770000, 9.390000, 225.687500, -2.250000, -16.437500, 2.030000, -0.040000, -16.230000, -0.488889, -0.104444, -7.448889, -3.460000, -6.690000, 6.270000, 228.062500, -0.750000, -15.187500
2914, 3.030000, -19.860001, -16.270000, -1.401111, -2.834445, -4.786667, 0.000000, 2.440000, 9.490000, 230.875000, 0.000000, -14.437500, 1.790000, -1.030000, -16.290001, 0.200000, 2.377778, -6.045556, -2.840000, -7.080000, 6.150000, 230.875000, 0.000000, -14.437500
2935, 4.010000, -19.360001, -19.370001, -0.064444, 0.237778, -6.870000, -0.150000, 2.370000, 9.510000, 237.875000, -0.875000, -14.000000, 3.580000, 6.300000, -18.480000, 2.270000, 5.107778, -5.394444, -2.610000, -7.150000, 6.170000, 241.875000, -3.062500, -14.062500
2955, 0.580000, -11.600000, -21.160000, 0.542222, 3.562222, -8.018888, -1.030000, 2.370000, 9.450000, 246.000000, -6.000000, -14.062500, 2.310000, 10.960000, -15.950000, 2.628889, 6.925556, -3.856667, -2.790000, -7.070000, 6.190000, 250.125000, -9.125000, -13.875000
2974, -4.580000, -3.240000, -9.760000, 0.606667, 3.520000, -7.530000, -2.030000, 2.250000, 9.320000, 254.062500, -11.937500, -13.562500, -4.640000, 14.020000, -6.760000, 1.924444, 7.233333, -1.216667, -3.390000, -6.920000, 6.060000, 254.062500, -11.937500, -13.562500
2994, -9.380000, 1.510000, -1.320000, 1.087778, 2.104445, -6.491111, -2.750000, 2.090000, 9.170000, 261.187500, -16.250000, -12.875000, -11.590000, 6.360000, 4.210000, 0.734444, 6.683333, 1.374444, -4.260000, -6.740000, 5.700000, 264.187500, -18.000000, -12.750000
3015, -9.810000, 15.000000, -1.740000, 1.045556, 2.426667, -4.085556, -3.320000, 2.020000, 9.000000, 266.375000, -19.750000, -12.687500, -14.520000, 1.960000, 12.720000, -0.313333, 5.082222, 2.178889, -5.100000, -6.550000, 5.200000, 266.375000, -19.750000, -12.687500
3035, -11.160000, 23.959999, 8.240000, 0.235556, 2.302222, -0.768889, -3.800000, 1.990000, 8.810000, 267.875000, -22.812500, -12.750000, -13.180000, -0.920000, 17.709999, -1.291111, 2.647778, 1.080000, -5.590000, -6.510000, 4.730000, 267.625000, -23.500000, -13.062500
3053, -10.700000, 13.700000, 13.050000, 0.524444, 0.354444, 1.030000, -3.920000, 2.110000, 8.730000, 267.125000, -23.562500, -13.562500, -10.750000, -0.740000, 15.570000, -0.287778, 0.210000, 0.323333, -5.710000, -6.520000, 4.560000, 266.312500, -23.187500, -14.187500
3074, -5.810000, 9.290000, 7.320000, 0.248889, -0.816667, 1.911111, -3.750000, 2.300000, 8.750000, 265.375000, -22.500000, -14.750000, -4.050000, -0.530000, 6.830000, 1.070000, -2.042222, 0.082222, -5.590000, -6.440000, 4.820000, 265.375000, -22.500000, -14.750000
3094, -4.030000, 4.070000, 5.670000, -0.305556, -1.778889, 1.560000, -3.460000, 2.420000, 8.652500, 263.625000, -20.625000, -15.250000, -0.620000, -0.450000, -0.170000, 1.030000, -3.066667, -0.413333, -5.280000, -6.360000, 5.260000, 262.937500, -19.500000, -15.125000
3115, -0.110000, 2.410000, -0.010000, -0.672222, -1.728889, 1.224444, -3.100000, 2.390000, 8.980000, 262.375000, -18.437500, -14.937500, 1.690000, 1.410000, -3.150000, 0.076667, -2.351111, -1.098889, -4.900000, -6.410000, 5.560000, 262.375000, -18.437500, -14.937500
3133, 2.710000, -2.360000, -3.380000, -0.615555, -1.472222, 1.035556, -2.800000, 2.350000, 9.090000, 261.312500, -16.562500, -14.437500, 0.940000, 0.610000, -0.570000, -0.376667, -1.071111, -0.825556, -4.630000, -6.540000, 5.640000, 260.937500, -15.875000, -14.312500
3154, 2.630000, -2.100000, -2.520000, 0.290000, -0.417778, 0.593333, -2.640000, 2.370000, 9.130000, 260.687500, -15.625000, -14.562500, 0.400000, -1.050000, 0.410000, -0.004444, -0.747778, -0.258889, -4.500000, -6.580000, 5.690000, 260.375000, -15.312500, -14.812500
3174, 1.580000, -0.940000, -0.840000, 0.565556, -0.134444, 0.570000, -2.560000, 2.480000, 9.130000, 260.125000, -15.125000, -15.187500, 1.120000, 0.040000, -1.500000, 0.478889, -0.923333, -0.070000, -4.390000, -6.550000, 5.810000, 260.125000, -15.125000, -15.187500
3195, 0.930000, -0.680000, 0.010000, 0.434444, -0.151111, 0.542222, -2.510000, 2.590000, 9.110000, 259.625000, -14.812500, -15.875000, 1.620000, 0.550000, -2.950000, 0.470000, -0.868889, -0.065556, -4.290000, -6.500000, 5.950000, 259.375000, -14.625000, -16.000000
3215, 0.780000, -1.120000, -1.200000, -0.133333, -0.212222, 0.354444, -2.450000, 2.610000, 9.120000, 259.187500, -14.500000, -16.000000, 0.900000, -0.020000, -2.960000, -0.022222, -0.518889, -0.175556, -4.200000, -6.500000, 6.010000, 259.187500, -14.500000, -16.000000
3234, 0.770000, -1.540000, -1.660000, -0.395556, -0.088889, 0.153333, -2.430000, 2.550000, 9.140000, 259.000000, -14.312500, -15.562500, -0.330000, 0.120000, -0.840000, -0.283333, -0.015556, -0.207778, -4.160000, -6.540000, 5.990000, 259.000000, -14.312500, -15.562500
3254, 0.580000, -1.690000, -1.900000, -0.031111, 0.240000, 0.038889, -2.450000, 2.530000, 9.140000, 258.875000, -14.500000, -15.437500, -1.170000, -0.290000, 0.440000, 0.008889, 0.044444, 0.018889, -4.150000, -6.560000, 5.980000, 258.812500, -14.750000, -15.625000
3275, -0.090000, -0.850000, -0.250000, 0.472222, 0.471111, -0.047778, -2.540000, 2.590000, 9.100000, 258.875000, -15.000000, -15.875000, -0.390000, -0.260000, 0.160000, 0.384444, -0.063333, 0.211111, -4.170000, -6.510000, 6.020000, 258.875000, -15.000000, -15.875000
3295, -0.870000, 0.580000, 2.820000, 0.474444, 0.165556, -0.122222, -2.600000, 2.670000, 9.070000, 259.000000, -15.375000, -16.375000, 0.360000, 0.000000, -1.110000, 0.360000, -0.074444, 0.104444, -4.180000, -6.450000, 6.070000, 259.062500, -15.312500, -16.562500
3314, 0.020000, 1.400000, 0.170000, 0.072222, -0.213333, -0.082222, -2.570000, 2.700000, 9.060000, 259.125000, -15.187500, -16.562500, -0.510000, 0.180000, 0.280000, -0.008889, 0.108889, -0.084444, -4.180000, -6.450000, 6.080000, 259.125000, -15.187500, -16.562500
3334, 0.180000, 0.180000, -0.040000, -0.231111, -0.134848, 0.040000, -2.540000, 2.670000, 9.080000, 259.125000, -15.000000, -16.375000, -0.980000, -0.460000, 0.760000, -0.120000, 0.105556, -0.062222, -4.190000, -6.470000, 6.060000, 259.125000, -15.000000, -16.375000
3354, 0.080000, 0.090000, -0.430000, -0.064444, 0.070000, 0.103333, -2.540000, 2.650000, 9.090000, 259.000000, -15.000000, -16.250000, -0.560000, 0.100000, 0.170000, 0.051111, -0.045556, -0.005556, -4.190000, -6.470000, 6.060000, 258.937500, -15.062500, -16.312500
3375, -0.380000, -0.560000, 0.710000, 0.115556, 0.054444, 0.120000, -2.550000, 2.670000, 9.080000, 258.875000, -15.062500, -16.375000, -0.180000, -0.090000, -0.270000, 0.138889, -0.127778, 0.028889, -4.170000, -6.450000, 6.080000, 258.875000, -15.062500, -16.375000
3393, -0.300000, 0.440000, 0.690000, 0.081111, -0.077778, -0.018889, -2.540000, 2.690000, 9.070000, 258.875000, -15.000000, -16.500000, -0.200000, 0.280000, -0.420000, 0.035556, -0.052222, -0.114444, -4.160000, -6.450000, 6.100000, 258.937500, -14.937500, -16.500000
3414, 0.080000, 0.420000, -0.090000, -0.086667, -0.187778, -0.063333, -2.510000, 2.680000, 9.090000, 259.000000, -14.875000, -16.437500, -0.390000, 0.100000, 0.110000, -0.102222, 0.042222, -0.184444, -4.140000, -6.470000, 6.090000, 259.000000, -14.875000, -16.437500
3434, 0.070000, 0.330000, 0.190000, -0.195556, -0.176667, 0.000000, -2.480000, 2.650000, 9.100000, 259.000000, -14.687500, -16.187500, -0.540000, 0.040000, 0.160000, -0.136667, 0.024444, -0.168889, -4.120000, -6.500000, 6.070000, 259.000000, -14.687500, -16.187500
3455, 0.330000, -0.230000, -0.520000, -0.132222, -0.113333, 0.075556, -2.460000, 2.620000, 9.120000, 258.937500, -14.500000, -16.000000, -0.530000, 0.050000, 0.180000, -0.045556, -0.013333, -0.081111, -4.110000, -6.520000, 6.060000, 258.875000, -14.500000, -16.000000
3473, 0.280000, -0.340000, -0.390000, 0.077778, 0.108889, 0.118889, -2.460000, 2.630000, 9.110000, 259.062500, -14.562500, -16.062500, -0.340000, 0.300000, 0.150000, 0.122222, -0.092222, 0.053333, -4.130000, -6.480000, 6.080000, 259.062500, -14.562500, -16.062500
3494, -0.080000, 0.490000, 0.390000, 0.257778, 0.120000, 0.134444, -2.480000, 2.680000, 9.100000, 258.937500, -14.625000, -16.375000, -0.270000, 0.000000, 0.020000, 0.122222, -0.150000, 0.120000, -4.150000, -6.440000, 6.110000, 258.937500, -14.625000, -16.375000
3514, -0.350000, 0.870000, 0.720000, 0.098889, 0.038889, 0.177778, -2.480000, 2.710000, 9.080000, 258.750000, -14.625000, -16.625000, 0.000000, -0.010000, -0.200000, -0.030000, -0.193333, 0.001111, -4.140000, -6.430000, 6.120000, 258.750000, -14.625000, -16.625000
3535, -0.310000, 0.490000, 0.660000, -0.147778, -0.085556, 0.155556, -2.460000, 2.700000, 9.090000, 258.812500, -14.562500, -16.562500, -0.180000, -0.520000, -0.240000, -0.255556, -0.148889, -0.197778, -4.100000, -6.470000, 6.110000, 258.812500, -14.562500, -16.562500
3555, 0.080000, -0.230000, 0.170000, -0.274444, -0.144444, 0.134444, -2.430000, 2.660000, 9.110000, 258.687500, -14.375000, -16.312500, -0.290000, -0.100000, -0.110000, -0.273333, -0.100000, -0.343333, -4.050000, -6.520000, 6.090000, 258.562500, -14.250000, -16.187500
3574, 0.350000, -0.470000, -0.340000, -0.196667, -0.091111, 0.083333, -2.410000, 2.630000, 9.130000, 258.812500, -14.187500, -16.062500, -0.070000, 0.380000, -0.370000, -0.173333, -0.065556, -0.302222, -4.000000, -6.570000, 6.070000, 258.812500, -14.187500, -16.062500
3594, 0.310000, -0.120000, -0.090000, -0.158889, -0.065556, 0.004444, -2.390000, 2.600000, 9.140000, 258.750000, -14.125000, -15.875000, -0.370000, -0.010000, 0.260000, -0.158889, 0.008889, -0.187778, -3.970000, -6.610000, 6.050000, 258.750000, -14.125000, -15.812500
3615, 0.320000, -0.140000, -0.050000, -0.085556, -0.017778, 0.007778, -2.390000, 2.580000, 9.150000, 258.750000, -14.062500, -15.750000, -0.340000, -0.240000, 0.260000, -0.064444, -0.012222, -0.076667, -3.960000, -6.630000, 6.040000, 258.750000, -14.062500, -15.750000
3635, 0.030000, 0.090000, 0.730000, 0.062222, -0.113333, 0.078889, -2.370000, 2.590000, 9.150000, 259.000000, -14.000000, -15.812500, -0.030000, -0.140000, -0.220000, 0.091111, -0.091111, 0.004444, -3.950000, -6.610000, 6.050000, 259.000000, -14.000000, -15.812500
3653, 0.260000, 0.000000, -0.290000, 0.050000, -0.100000, 0.080000, -2.340000, 2.610000, 9.150000, 258.937500, -13.812500, -15.875000, 0.170000, 0.200000, -0.750000, 0.086667, -0.102222, -0.048889, -3.930000, -6.600000, 6.080000, 258.937500, -13.812500, -15.937500
3674, 0.400000, 0.340000, -0.450000, -0.097778, -0.047778, 0.016667, -2.330000, 2.600000, 9.160000, 259.125000, -13.750000, -15.875000, -0.240000, 0.210000, -0.060000, -0.090000, 0.070000, -0.033333, -3.930000, -6.610000, 6.070000, 259.125000, -13.750000, -15.875000
3694, 0.200000, -0.230000, -0.300000, -0.103333, 0.090000, -0.022222, -2.340000, 2.580000, 9.160000, 259.125000, -13.812500, -15.750000, -0.430000, -0.090000, 0.220000, -0.056667, 0.072222, 0.014444, -3.930000, -6.620000, 6.060000, 259.125000, -13.812500, -15.750000
3715, -0.070000, 0.030000, 0.180000, 0.047778, 0.088889, -0.043333, -2.360000, 2.580000, 9.150000, 259.187500, -13.937500, -15.750000, -0.500000, -0.120000, 0.330000, 0.057778, -0.014444, 0.027778, -3.940000, -6.620000, 6.060000, 259.187500, -13.937500, -15.750000
3733, -0.260000, 0.330000, 0.620000, 0.071111, 0.055556, -0.006667, -2.370000, 2.590000, 9.150000, 259.500000, -14.000000, -15.812500, -0.310000, -0.070000, 0.040000, 0.050000, -0.053333, -0.002222, -3.930000, -6.610000, 6.070000, 259.500000, -14.000000, -15.812500
3754, -0.170000, 0.310000, 0.250000, 0.031111, -0.025556, -0.008889, -2.370000, 2.600000, 9.150000, 259.500000, -14.000000, -15.875000, -0.490000, 0.120000, 0.260000, 0.020000, -0.042222, -0.067778, -3.920000, -6.610000, 6.080000, 259.500000, -14.000000, -15.875000
3774, -0.050000, 0.420000, 0.010000, 0.064444, -0.096667, 0.022222, -2.360000, 2.610000, 9.150000, 259.750000, -13.937500, -15.937500, -0.340000, 0.130000, 0.000000, 0.071111, -0.110000, -0.066667, -3.910000, -6.600000, 6.090000, 259.750000, -13.937500, -15.937500
3795, -0.060000, 0.100000, 0.040000, 0.095556, -0.136667, 0.061111, -2.330000, 2.630000, 9.150000, 259.687500, -13.750000, -16.000000, -0.110000, 0.320000, -0.460000, 0.094444, -0.116667, -0.060000, -3.900000, -6.590000, 6.110000, 259.687500, -13.750000, -16.000000
3813, 0.420000, -0.220000, -0.960000, 0.058889, -0.068889, 0.067778, -2.310000, 2.640000, 9.150000, 259.687500, -13.625000, -16.125000, 0.210000, 0.600000, -0.670000, 0.068889, -0.038889, -0.014444, -3.880000, -6.590000, 6.130000, 259.687500, -13.625000, -16.125000
3834, 0.380000, -0.340000, -0.450000, 0.016667, 0.001111, -0.022222, -2.310000, 2.650000, 9.150000, 259.875000, -13.625000, -16.125000, 0.180000, 0.290000, -0.610000, 0.025556, 0.062222, 0.026667, -3.890000, -6.580000, 6.130000, 259.875000, -13.625000, -16.125000
3854, 0.220000, 0.220000, -0.180000, 0.006667, 0.061111, -0.075556, -2.320000, 2.650000, 9.150000, 259.937500, -13.687500, -16.125000, -0.300000, 0.110000, 0.190000, 0.007778, 0.067778, 0.074444, -3.910000, -6.580000, 6.120000, 260.000000, -13.750000, -16.125000
3875, 0.040000, 0.190000, 0.260000, 0.023333, 0.024444, -0.015556, -2.330000, 2.650000, 9.140000, 260.187500, -13.750000, -16.125000, -0.340000, -0.210000, 0.270000, 0.031111, -0.006667, 0.046667, -3.920000, -6.570000, 6.120000, 260.187500, -13.750000, -16.125000
3895, -0.030000, 0.000000, 0.470000, 0.018889, -0.012222, 0.016667, -2.330000, 2.650000, 9.140000, 260.187500, -13.750000, -16.187500, -0.230000, 0.000000, -0.290000, 0.007778, 0.021111, 0.001111, -3.920000, -6.570000, 6.120000, 260.187500, -13.750000, -16.187500
3914, 0.180000, -0.050000, -0.360000, -0.024444, 0.024444, -0.016667, -2.330000, 2.650000, 9.140000, 260.187500, -13.750000, -16.125000, -0.240000, -0.040000, -0.090000, -0.028889, 0.047778, -0.006667, -3.920000, -6.570000, 6.120000, 260.187500, -13.750000, -16.125000
3934, -0.050000, -0.020000, 0.350000, -0.048889, 0.033333, -0.037778, -2.340000, 2.640000, 9.140000, 260.375000, -13.812500, -16.062500, -0.420000, 0.030000, 0.250000, -0.011111, 0.067778, -0.001111, -3.930000, -6.570000, 6.110000, 260.375000, -13.812500, -16.062500
3955, 0.050000, 0.420000, -0.050000, -0.031111, 0.033333, -0.033712, -2.350000, 2.630000, 9.140000, 260.437500, -13.875000, -16.062500, -0.310000, 0.140000, 0.110000, 0.016667, 0.022222, -0.007778, -3.940000, -6.570000, 6.110000, 260.437500, -13.875000, -16.062500
3975, 0.170000, 0.340000, -0.130000, 0.006667, 0.042222, -0.002222, -2.350000, 2.630000, 9.140000, 260.625000, -13.875000, -16.062500, -0.310000, 0.220000, 0.160000, 0.021111, 0.006667, 0.026667, -3.940000, -6.570000, 6.110000, 260.625000, -13.875000, -16.062500
3993, 0.000000, 0.270000, 0.410000, 0.031111, 0.020000, -0.008889, -2.360000, 2.640000, 9.140000, 260.625000, -13.937500, -16.125000, -0.230000, -0.200000, -0.040000, 0.022222, -0.016667, 0.014444, -3.950000, -6.560000, 6.110000, 260.625000, -13.937500, -16.125000
4014, 0.080000, 0.130000, 0.000000, 0.044444, -0.005556, 0.001111, -2.360000, 2.650000, 9.140000, 260.625000, -13.937500, -16.125000, -0.160000, 0.130000, -0.040000, 0.015556, -0.025556, -0.015556, -3.940000, -6.560000, 6.120000, 260.625000, -13.937500, -16.125000
4034, 0.300000, 0.290000, -0.340000, 0.047778, 0.005556, -0.002222, -2.360000, 2.660000, 9.130000, 260.687500, -13.937500, -16.187500, -0.110000, 0.240000, -0.130000, 0.011111, -0.006667, 0.021111, -3.950000, -6.560000, 6.120000, 260.687500, -13.937500, -16.187500
4055, 0.300000, 0.320000, -0.400000, -0.021111, 0.091111, 0.011111, -2.370000, 2.650000, 9.130000, 260.687500, -14.000000, -16.187500, -0.150000, 0.010000, 0.040000, -0.016667, 0.027778, 0.043333, -3.950000, -6.550000, 6.120000, 260.687500, -14.000000, -16.187500
4073, 0.010000, 0.390000, 0.400000, -0.040000, 0.044444, 0.014444, -2.380000, 2.650000, 9.130000, 260.750000, -14.062500, -16.187500, -0.350000, -0.240000, 0.200000, -0.006667, 0.001111, 0.016667, -3.960000, -6.550000, 6.110000, 260.750000, -14.062500, -16.187500
4094, 0.120000, -0.090000, 0.010000, -0.015556, 0.030000, 0.038889, -2.380000, 2.640000, 9.130000, 260.687500, -14.062500, -16.125000, -0.280000, -0.070000, -0.020000, 0.044444, -0.011111, 0.024444, -3.960000, -6.550000, 6.120000, 260.687500, -14.062500, -16.125000
4114, 0.120000, 0.290000, 0.030000, 0.051111, 0.020000, 0.026667, -2.390000, 2.650000, 9.130000, 260.687500, -14.062500, -16.187500, -0.180000, 0.110000, -0.080000, 0.036667, -0.022222, 0.013333, -3.960000, -6.540000, 6.130000, 260.687500, -14.062500, -16.187500
4135, 0.060000, 0.170000, 0.100000, 0.014444, 0.048889, 0.023333, -2.390000, 2.660000, 9.120000, 260.687500, -14.125000, -16.250000, -0.180000, 0.130000, -0.050000, -0.008889, 0.007778, 0.022222, -3.970000, -6.540000, 6.130000, 260.687500, -14.125000, -16.250000
4155, 0.060000, 0.280000, -0.030000, -0.020000, 0.030000, -0.010000, -2.400000, 2.660000, 9.120000, 260.687500, -14.125000, -16.250000, -0.260000, -0.160000, -0.080000, -0.022222, 0.015556, 0.005556, -3.970000, -6.540000, 6.120000, 260.687500, -14.125000, -16.250000
4174, 0.060000, -0.020000, 0.160000, -0.005556, 0.043333, 0.001111, -2.400000, 2.660000, 9.120000, 260.875000, -14.187500, -16.250000, -0.380000, -0.270000, 0.260000, 0.024444, -0.013333, 0.012222, -3.970000, -6.540000, 6.120000, 260.875000, -14.187500, -16.250000
