0, 0.340000, -0.360000, -0.270000, -0.046667, 0.138889, -0.066667, 3.790000, 1.810000, 8.662500, 243.625000, 22.750000, -11.562500, 0.250000, -0.090000, -0.420000, -0.023333, 0.080000, 0.056667, -0.830000, -7.720000, 5.980000, 243.687500, 22.625000, -11.562500
16, 0.380000, -0.550000, -0.240000, -0.028889, 0.168889, -0.100000, 3.760000, 1.810000, 8.682500, 243.750000, 22.562500, -11.562500, 0.340000, -0.260000, -0.290000, -0.024444, 0.116667, 0.065556, -0.850000, -7.720000, 5.980000, 243.750000, 22.562500, -11.562500
33, 0.580000, -0.910000, -0.510000, -0.003333, 0.188889, -0.112222, 3.720000, 1.820000, 8.880000, 243.812500, 22.312500, -11.562500, 0.660000, -0.140000, -0.560000, 0.023333, 0.138889, 0.080000, -0.870000, -7.720000, 5.970000, 243.812500, 22.312500, -11.562500
51, 1.100000, -1.250000, -1.010000, 0.027778, 0.270000, -0.165556, 3.700000, 1.830000, 8.890000, 243.937500, 22.125000, -11.625000, 0.850000, -0.040000, -0.880000, 0.038889, 0.145556, 0.084444, -0.910000, -7.710000, 5.980000, 244.000000, 21.937500, -11.687500
67, 1.380000, -1.370000, -1.360000, 0.042222, 0.464444, -0.264444, 3.620000, 1.850000, 8.920000, 244.125000, 21.687500, -11.750000, 1.110000, -0.110000, -0.570000, 0.063333, 0.228889, 0.197778, -0.930000, -7.710000, 5.980000, 244.125000, 21.687500, -11.750000
84, 2.290000, -1.550000, -2.120000, 0.001111, 0.665556, -0.335556, 3.460000, 1.880000, 8.970000, 244.437500, 20.687500, -11.812500, 1.290000, -0.220000, -0.850000, 0.003333, 0.343333, 0.403333, -1.020000, -7.700000, 5.980000, 244.437500, 20.687500, -11.812500
102, 1.860000, -0.260000, -1.020000, -0.033333, 1.482222, -0.591111, 3.330000, 1.900000, 9.020000, 244.687500, 19.812500, -11.875000, 0.330000, -2.060000, 1.120000, -0.064444, 0.484444, 0.550000, -1.170000, -7.700000, 5.950000, 245.000000, 18.812500, -11.937500
121, -0.420000, 2.670000, 5.000000, 0.106667, 1.808889, -0.596667, 2.990000, 1.940000, 9.130000, 245.187500, 17.750000, -12.000000, -0.830000, -5.270000, 2.890000, -0.341111, 0.518889, 0.157778, -1.280000, -7.720000, 5.890000, 245.312500, 16.875000, -12.062500
141, 0.260000, 3.760000, 6.250000, 0.216667, 1.266667, -0.198889, 2.730000, 1.990000, 9.200000, 245.312500, 16.187500, -12.187500, -1.480000, -3.450000, 5.530000, -0.260000, 0.324444, -0.411111, -1.200000, -7.760000, 5.860000, 245.250000, 15.625000, -12.312500
162, 1.860000, 4.310000, 3.530000, 0.177778, 0.915556, 0.024444, 2.560000, 2.030000, 9.240000, 245.187500, 15.125000, -12.375000, -0.740000, -1.390000, 5.290000, -0.152222, -0.134848, -1.015556, -1.040000, -7.800000, 5.840000, 245.062500, 14.687500, -12.375000
182, 2.250000, 6.040000, 2.100000, -0.100000, 0.948889, 0.186667, 2.400000, 2.020000, 9.280000, 244.937500, 14.187500, -12.250000, -0.560000, 0.920000, 5.510000, -0.492222, -0.374444, -0.843333, -0.870000, -7.860000, 5.790000, 244.750000, 13.687500, -12.000000
201, 1.330000, 6.180000, 3.130000, -0.566667, 0.894444, 0.573333, 2.260000, 1.920000, 9.340000, 244.375000, 13.312500, -11.625000, -0.640000, 1.270000, 5.240000, -0.761111, -0.528889, -0.643333, -0.730000, -7.970000, 5.660000, 244.000000, 13.000000, -11.062500
221, 0.040000, 4.940000, 5.110000, -0.903333, 0.325556, 0.901111, 2.190000, 1.730000, 9.390000, 243.562500, 12.937500, -10.437500, -0.510000, 0.440000, 4.760000, -1.300000, -0.896667, -0.177778, -0.600000, -8.100000, 5.480000, 243.062500, 13.125000, -9.812500
241, -0.100000, 5.200000, 2.270000, -1.021111, -0.713333, 1.168889, 2.310000, 1.510000, 9.400000, 242.500000, 13.625000, -9.125000, -0.960000, 0.000000, 4.000000, -1.358889, -0.993333, -0.168889, -0.470000, -8.240000, 5.280000, 241.875000, 14.250000, -8.312500
262, 0.000000, 3.690000, 0.450000, -1.224444, -0.918889, 1.447778, 2.510000, 1.230000, 9.390000, 241.250000, 14.812500, -7.500000, -1.010000, 0.880000, 3.270000, -1.424444, -1.278889, -0.315556, -0.300000, -8.380000, 5.070000, 240.562500, 15.437500, -6.562500
280, -0.340000, 2.310000, 0.050000, -1.321111, -0.947778, 1.515556, 2.710000, 0.930000, 9.370000, 239.875000, 16.062500, -5.625000, -0.490000, 1.300000, 1.390000, -1.538889, -1.374444, -0.267778, -0.130000, -8.530000, 4.830000, 239.125000, 16.687500, -4.687500
301, -1.460000, 1.500000, 1.580000, -1.365556, -1.377778, 1.556667, 2.950000, 0.600000, 9.330000, 238.437500, 17.500000, -3.687500, -0.380000, 1.300000, 0.520000, -1.583333, -1.371111, -0.238889, 0.030000, -8.670000, 4.570000, 237.687500, 18.500000, -2.687500
321, -1.970000, 0.950000, -0.110000, -1.345556, -1.888889, 1.607778, 3.280000, 0.270000, 9.230000, 237.000000, 19.562500, -1.687500, -0.750000, 0.770000, -0.270000, -1.623333, -1.325556, -0.311111, 0.190000, -8.810000, 4.300000, 236.250000, 20.687500, -0.625000
342, -2.030000, 0.850000, -1.680000, -1.372222, -2.024444, 1.695556, 3.640000, -0.070000, 9.100000, 235.437500, 21.750000, 0.437500, -0.900000, 0.860000, -0.760000, -1.612222, -1.311111, -0.404444, 0.370000, -8.930000, 4.020000, 234.687500, 22.812500, 1.562500
360, -2.740000, -1.080000, -0.720000, -1.355556, -1.872222, 1.647778, 3.960000, -0.420000, 8.960000, 233.875000, 23.812500, 2.687500, -0.930000, 0.700000, -1.540000, -1.572222, -1.235556, -0.715556, 0.570000, -9.040000, 3.730000, 233.125000, 24.875000, 3.812500
381, -3.850000, -0.540000, 1.020000, -1.092222, -2.476667, 1.660000, 4.320000, -0.750000, 8.760000, 232.312500, 26.187500, 4.875000, -1.130000, 0.520000, -2.190000, -1.426667, -1.253333, -0.944444, 0.810000, -9.130000, 3.460000, 231.437500, 27.500000, 6.000000
401, -2.760000, -2.960000, -3.980000, -1.013333, -2.543333, 1.856667, 4.720000, -1.070000, 8.520000, 230.500000, 28.750000, 7.187500, -0.700000, 0.330000, -3.390000, -1.368889, -1.290000, -1.117778, 1.110000, -9.190000, 3.210000, 229.562500, 29.812500, 8.375000
422, -1.400000, -5.140000, -6.860000, -0.973333, -1.693333, 1.712222, 4.990000, -1.390000, 8.320000, 228.687500, 30.562500, 9.500000, 1.430000, 1.180000, -6.420000, -1.166667, -1.314444, -1.536667, 1.460000, -9.220000, 2.990000, 227.937500, 31.125000, 10.562500
442, 0.960000, -9.910000, -7.710000, -0.801111, -1.114444, 1.194444, 5.140000, -1.660000, 8.180000, 227.375000, 31.625000, 11.437500, 3.060000, 3.510000, -8.140000, -0.684444, -0.984444, -1.592222, 1.750000, -9.200000, 2.870000, 226.937500, 32.000000, 12.187500
461, 2.610000, -12.640000, -10.120000, -0.590000, -0.611111, 0.362222, 5.240000, -1.810000, 8.080000, 226.812500, 32.312500, 12.625000, 6.220000, 4.500000, -11.920000, -0.021111, 0.112222, 0.091111, 1.810000, -9.200000, 2.850000, 227.125000, 32.375000, 12.812500
481, 3.170000, -17.870001, -14.790000, -0.514444, 0.704444, -1.376667, 5.220000, -1.810000, 8.090000, 228.000000, 32.187500, 12.562500, 7.290000, 3.540000, -13.570000, 0.145556, 1.557778, 1.308889, 1.560000, -9.230000, 2.900000, 229.562500, 31.687500, 11.875000
502, -0.430000, -14.150000, -13.600000, -0.193333, 2.447778, -3.796667, 5.010000, -1.540000, 8.280000, 231.750000, 30.750000, 10.562500, 4.110000, -0.020000, -12.610000, 0.203333, 2.460000, 1.596667, 1.110000, -9.260000, 3.020000, 234.000000, 29.812500, 9.375000
522, -3.440000, -7.500000, -13.700000, 0.076667, 5.092222, -5.060000, 4.520000, -1.150000, 8.620000, 236.937500, 27.437500, 7.562500, -1.860000, 3.570000, -6.540000, 0.617778, 3.846667, 1.813333, 0.510000, -9.240000, 3.230000, 239.937500, 24.437500, 6.000000
540, -12.010000, 2.060000, -1.830000, 0.043333, 6.276667, -5.221111, 3.560000, -0.740000, 9.100000, 242.937500, 21.250000, 4.625000, -4.820000, 7.520000, -3.650000, 1.096667, 4.353333, 2.162014, -0.170000, -9.170000, 3.440000, 245.687500, 18.000000, 3.562500
561, -18.000000, 14.590000, 14.540000, 0.021111, 6.422222, -4.892222, 2.480000, -0.450000, 9.470000, 248.500000, 14.625000, 2.750000, -14.230000, 7.320000, 4.810000, 0.056667, 4.065556, 3.017778, -0.960000, -9.110000, 3.470000, 250.750000, 12.062500, 2.062500
581, -16.010000, 25.760000, 13.260000, 0.198889, 3.015556, -2.818889, 1.790000, -0.280000, 9.630000, 252.312500, 10.500000, 1.625000, -18.549999, 0.890000, 17.100000, -1.948889, 3.370000, 1.692222, -1.460000, -9.200000, 3.050000, 252.937500, 9.625000, 1.625000
602, -11.410000, 19.209999, 5.920000, -1.238889, 0.112222, 1.146667, 1.620000, -0.410000, 9.660000, 252.375000, 9.562500, 2.437500, -16.280001, 5.640000, 19.540001, -2.042222, 1.943333, 0.480000, -1.540000, -9.290000, 2.720000, 251.812500, 9.437500, 3.187500
620, -5.370000, 14.540000, 0.440000, -1.457778, -0.057778, 1.872222, 1.600000, -0.700000, 9.640000, 250.875000, 9.437500, 4.187500, -11.010000, 8.780000, 14.590000, -1.046667, -1.042222, -0.055556, -1.520000, -9.340000, 2.560000, 249.500000, 9.312500, 5.187500
641, -2.670000, 11.040000, -4.670000, -1.258889, -0.013333, 3.412222, 1.560000, -1.050000, 9.620000, 247.687500, 9.125000, 6.187500, -4.770000, 5.100000, 2.920000, -1.386667, -3.137778, 1.053333, -1.560000, -9.370000, 2.400000, 245.187500, 8.437500, 6.937500
661, -2.700000, 7.190000, -4.220000, -0.641111, 0.738889, 4.618889, 1.320000, -1.290000, 9.620000, 239.937500, 6.750000, 8.250000, -4.350000, 6.120000, 0.210000, -2.853333, -4.890000, 2.738889, -1.750000, -9.410000, 2.120000, 239.937500, 6.750000, 8.250000
682, -2.610000, 2.163125, -4.860000, -0.556667, 1.310000, 5.962222, 0.950000, -1.510000, 9.640000, 233.187500, 4.062500, 9.625000, -2.950000, 3.050000, -3.840000, -3.318889, -5.565556, 3.292222, -2.130000, -9.410000, 1.730000, 233.187500, 4.062500, 9.625000
700, 1.480000, -34.509998, -0.190000, -1.273333, 2.226667, 7.124444, 0.380000, -1.790000, 9.630000, 229.437500, 2.187500, 10.562500, 6.430000, -15.360000, -15.100000, -2.567778, -4.985556, 4.421111, -2.450000, -9.350000, 1.610000, 226.312500, 0.187500, 11.312500
721, 1.430000, -37.119999, 8.710000, -0.213333, 2.660000, 3.702222, -0.270000, -1.930000, 9.600000, 224.437500, -1.562500, 11.375000, 7.930000, -24.209999, -20.660000, -0.027778, -2.620000, 2.782222, -2.950000, -9.200000, 1.650000, 223.937500, -2.875000, 10.875000
741, -2.080000, -18.400000, 12.940000, 1.766667, 0.962222, -0.725556, -0.560000, -1.690000, 9.640000, 224.375000, -3.312500, 9.937500, 5.460000, -12.950000, -18.920000, 1.750000, -0.165556, -0.481111, -2.980000, -9.130000, 1.960000, 225.312500, -2.875000, 8.875000
762, -2.850000, -16.860001, 9.120000, 1.760000, -1.670000, -2.160903, -0.310000, -1.360000, 9.700000, 227.937500, -0.250000, 7.125000, 3.250000, -9.320000, -12.760000, 1.788889, 2.367778, -3.062222, -2.500000, -9.200000, 2.280000, 227.937500, -0.250000, 7.125000
782, -4.270000, -7.790000, 0.650000, 1.484444, -3.318889, -3.595556, 0.300000, -1.080000, 9.740000, 229.750000, 1.750000, 6.312500, -1.400000, -5.290000, -7.160000, 2.084445, 2.815556, -3.920000, -1.900000, -9.260000, 2.570000, 231.937500, 4.000000, 5.437500
801, -2.260000, 6.650000, -15.090000, 1.472222, -3.788889, -4.508889, 1.070000, -0.750000, 9.710000, 234.250000, 6.312500, 4.437500, -7.080000, 11.380000, -4.060000, 3.377778, 3.545556, -4.672222, -1.580000, -9.260000, 2.810000, 236.562500, 8.187500, 3.437500
821, 0.740000, 13.960000, -25.280001, 0.971111, -1.937778, -4.115556, 1.600000, -0.430000, 9.660000, 240.625000, 9.437500, 1.875000, -6.760000, 24.620001, -0.210000, 3.662222, 5.040000, -2.900000, -1.230000, -9.130000, 3.350000, 240.625000, 9.437500, 1.875000
842, 1.460000, 18.680000, -33.369999, 0.539392, 2.292222, -2.677778, 1.410000, -0.230000, 9.700000, 242.062500, 8.250000, 1.312500, -4.410000, 33.080002, 3.610000, 1.506667, 5.977778, 0.941111, -1.620000, -8.990000, 3.560000, 243.062500, 5.562500, 1.125000
862, -3.050000, 16.790001, -24.200001, -0.462222, 6.886667, -1.025556, 0.310000, -0.230000, 9.790000, 243.875000, -2.500000, 1.750000, -5.030000, 22.080000, 4.170000, -2.418889, 4.127778, 4.871111, -3.190000, -8.652500, 2.780000, 243.875000, -2.500000, 1.750000
880, -8.340000, 7.600000, -18.230000, -1.103333, 9.416667, 0.568889, -1.310000, -0.400000, 9.710000, 243.062500, -13.500000, 3.000000, -7.080000, 11.680000, 5.580000, -3.297778, 1.990000, 6.580000, -4.400000, -8.490000, 2.130000, 243.062500, -13.500000, 3.000000
901, -10.750000, -2.470000, -6.880000, -1.620000, 11.387777, 1.533333, -3.310000, -0.610000, 9.200000, 242.250000, -19.687500, 3.750000, -5.090000, 5.350000, 1.760000, -3.556667, -0.196667, 8.096666, -5.040000, -8.200000, 1.860000, 241.437500, -26.062500, 4.625000
921, -15.310000, -13.730000, 4.010000, -1.683333, 11.362223, 1.247778, -5.240000, -0.790000, 8.250000, 240.500000, -38.375000, 6.500000, -4.180000, -15.560000, -8.200000, -2.871111, -0.588889, 7.998889, -6.240000, -7.410000, 1.460000, 240.500000, -38.375000, 6.500000
942, -21.549999, -12.170000, 18.360001, -1.305556, 10.958889, -0.357778, -6.840000, -0.980000, 6.950000, 240.750000, -44.250000, 8.000000, -5.530000, -22.790001, -7.180000, -2.156667, 0.891111, 4.741111, -7.020000, -6.750000, 1.090000, 241.375000, -49.625000, 10.187500
960, -29.950001, -8.810000, 33.360001, -0.964444, 7.235556, -1.286667, -7.860000, -1.270000, 5.710000, 242.812500, -54.000000, 13.937500, -10.010000, -28.990000, 2.560000, -1.125556, 2.186667, 0.790000, -7.210000, -6.620000, 0.490000, 242.812500, -54.000000, 13.937500
981, -23.910000, -8.560000, 32.430000, 0.604444, -4.465556, -0.980000, -7.670000, -1.430000, 5.930000, 243.625000, -47.250000, 12.125000, -15.080000, -25.650000, 11.330000, 0.672222, 0.853333, -3.363333, -6.990000, -6.850000, 0.480000, 243.625000, -47.250000, 12.125000
1001, -14.700000, -8.250000, 9.050000, 2.132222, -8.978889, -0.600000, -6.610000, -1.300000, 7.110000, 244.062500, -42.437500, 10.312500, -13.300000, -13.680000, 5.090000, 2.495556, -1.917778, -6.362222, -6.190000, -7.540000, 0.930000, 244.625000, -37.500000, 8.437500
1022, -15.140000, -2.270000, 8.030000, 3.283333, -9.353333, -0.916667, -5.250000, -0.940000, 8.220000, 246.125000, -26.875000, 4.562500, -8.290000, -2.070000, -1.300000, 3.563150, -2.557778, -7.288889, -5.050000, -8.220000, 1.700000, 246.125000, -26.875000, 4.562500
1042, -6.340000, 2.690000, -11.520000, 3.280000, -10.308888, -0.330000, -3.550000, -0.430000, 9.120000, 246.500000, -21.250000, 2.687500, -8.030000, 2.390000, -2.410000, 3.384444, -2.727778, -7.243333, -3.770000, -8.700000, 2.480000, 246.500000, -16.000000, 1.125000
1061, 3.560000, -6.730000, -18.190001, 2.057778, -8.478889, 0.556667, -1.940000, 0.000000, 9.610000, 246.187500, -7.625000, -0.875000, -2.020000, 8.320000, -6.700000, 3.245556, -2.653333, -6.284444, -2.000000, -8.930000, 3.510000, 246.187500, -7.625000, -0.875000
1081, 8.340000, -15.040000, -17.930000, 1.241111, -5.354445, 0.005556, -0.800000, 0.270000, 9.760000, 246.750000, -2.562500, -2.125000, 3.840000, 6.890000, -13.380000, 3.011111, -1.381111, -4.140000, -1.600000, -8.900000, 3.790000, 246.750000, -2.562500, -2.125000
1102, 8.682500, -19.110001, -14.380000, 1.284444, -2.570000, -2.084445, -0.210000, 0.480000, 9.790000, 247.937500, -1.187500, -2.812500, 11.010000, -0.090000, -19.969999, 3.074445, 1.033333, -2.160000, -1.200000, -8.730000, 4.290000, 249.937500, -0.687500, -3.562500
1122, 2.030000, -16.400000, -4.190000, 1.576667, 0.052222, -4.823333, -0.160000, 0.750000, 9.770000, 255.625000, -1.500000, -5.500000, 4.720000, 0.240000, -15.660000, 2.983333, 3.314445, -1.412222, -1.180000, -8.510000, 4.720000, 255.625000, -1.500000, -5.500000
1141, -4.530000, -2.660000, -3.200000, 2.932222, 0.528889, -6.144444, -0.370000, 1.190000, 9.720000, 259.000000, -2.125000, -7.000000, -3.070000, 3.830000, -5.200000, 2.887778, 4.578889, -0.787778, -1.440000, -8.260000, 5.080000, 262.437500, -2.750000, -8.625000
1161, -10.470000, 12.890000, -6.560000, 3.687778, 0.093333, -6.205555, -0.580000, 1.780000, 9.620000, 269.062500, -4.187500, -12.437500, -12.080000, 9.700000, 6.600000, 1.797778, 3.717778, -0.597778, -1.850000, -8.050000, 5.270000, 269.062500, -4.187500, -12.437500
1182, -14.840000, 36.750000, 3.080000, 3.714444, 0.782222, -4.468889, -0.880000, 2.410000, 9.460000, 272.875000, -5.875000, -15.437500, -15.680000, 10.690000, 17.559999, -1.035556, 3.017778, -1.173333, -1.910000, -8.120000, 5.140000, 272.875000, -5.875000, -15.437500
1202, -13.720000, 27.260000, 8.770000, 0.342222, -0.191111, -0.302222, -0.990000, 2.630000, 9.390000, 273.062500, -5.812500, -15.625000, -15.070000, 5.700000, 23.629999, -1.436667, 0.373333, -1.685556, -1.780000, -8.330000, 4.850000, 272.437500, -4.625000, -15.125000
1220, -8.030000, 14.480000, 2.360000, -1.527778, -3.342222, 2.627778, -0.430000, 2.430000, 9.480000, 269.500000, 0.125000, -13.437500, -10.150000, 8.200000, 16.190001, -0.284444, -2.613333, -1.107778, -1.380000, -8.410000, 4.830000, 269.500000, 0.125000, -13.437500
1241, -7.630000, 10.170000, 4.960000, -1.275556, -5.050000, 4.232222, 0.560000, 2.150000, 9.540000, 267.562500, 3.312500, -12.687500, -4.750000, 3.130000, 6.410000, -0.163333, -3.936667, -0.634444, -0.940000, -8.440000, 4.880000, 265.312500, 7.187500, -12.250000
1261, -7.880000, 5.560000, 0.880000, 0.033712, -7.441111, 5.385556, 2.000000, 1.990000, 9.390000, 260.000000, 16.875000, -11.437500, 0.380000, 1.690000, -2.070000, -0.808889, -4.802222, -0.988889, -0.040000, -8.560000, 4.760000, 260.000000, 16.875000, -11.437500
1282, -9.490000, -7.570000, 1.410000, -0.188889, -8.982223, 6.375556, 3.720000, 1.640000, 8.910000, 254.187500, 28.000000, -9.187500, 3.210000, -1.420000, -6.200000, -1.228889, -4.245555, -1.803333, 0.290000, -8.620000, 4.660000, 254.187500, 28.000000, -9.187500
1300, 2.370000, -13.550000, -21.820000, -0.097778, -9.206667, 5.205555, 5.390000, 1.130000, 8.100000, 251.687500, 33.375000, -7.937500, 3.950000, -0.910000, -9.820000, -0.601111, -3.596667, -2.345556, 0.990000, -8.660000, 4.470000, 249.562500, 37.687500, -6.562500
1321, 4.500000, -17.100000, -22.120001, 0.104444, -5.173333, 3.516667, 6.390000, 0.690000, 7.390000, 246.375000, 42.625000, -4.437500, 5.040000, 5.480000, -10.740000, 0.826667, -2.421111, -1.272222, 1.490000, -8.580000, 4.490000, 246.375000, 42.625000, -4.437500
1341, 6.180000, -16.290001, -32.750000, 0.521111, -1.897778, 1.308889, 6.780000, 0.510000, 7.060000, 245.625000, 43.687500, -4.125000, 10.070000, 11.860000, -18.879999, 1.264444, -1.177778, 0.782222, 1.590000, -8.490000, 4.630000, 245.500000, 43.625000, -4.375000
1362, -1.290000, -9.290000, -35.599998, -0.033333, 3.082222, -0.927778, 6.550000, 0.590000, 7.260000, 246.750000, 38.625000, -4.937500, 9.660000, 15.610000, -27.700001, 1.856667, 3.472222, 3.585556, 0.280000, -8.370000, 5.090000, 246.750000, 38.625000, -4.937500
1382, -7.600000, -9.670000, -47.459999, -0.907778, 9.107778, -2.177778, 5.420000, 0.710000, 8.130000, 249.437500, 26.000000, -4.562500, -1.780000, 19.980000, -12.720000, -0.585556, 8.078889, 4.951111, -0.500000, -8.390000, 5.030000, 249.437500, 26.000000, -4.562500
1401, -38.650002, -15.040000, -44.700001, -2.694444, 18.976667, -3.657778, 2.640000, 0.590000, 9.420000, 251.312500, 15.625000, -3.562500, -4.870000, 18.469999, -10.080000, -3.302222, 7.345556, 7.201111, -2.240000, -8.460000, 4.400000, 253.562500, 3.000000, -2.125000
1421, -37.410000, -11.750000, -19.370001, -3.300000, 25.145555, -4.751111, -1.810000, 0.030000, 9.630000, 258.312500, -24.000000, 2.375000, -10.360000, 14.100000, -11.050000, -3.761111, 6.230000, 9.670000, -4.170000, -8.180000, 3.410000, 258.312500, -24.000000, 2.375000
1442, -33.500000, 0.250000, 16.120001, -2.461111, 22.129999, -4.323333, -5.740000, -0.770000, 7.900000, 260.687500, -35.875000, 5.500000, -22.000000, 5.560000, -4.450000, -3.740000, 4.351111, 11.842222, -6.120000, -7.270000, 2.390000, 262.937500, -45.187500, 9.125000
1462, -30.480000, 15.760000, 14.210000, -1.423333, 12.676666, -3.053333, -7.690000, -1.390000, 5.920000, 265.562500, -56.062500, 17.937500, -23.820000, -4.790000, 4.090000, -4.766667, 3.608889, 10.632222, -8.190000, -5.310000, 0.820000, 265.562500, -56.062500, 17.937500
1483, -30.780001, -0.800000, 23.920000, -3.920000, 7.224444, -0.431111, -8.460000, -1.900000, 4.560000, 263.812500, -63.000000, 26.750000, -23.320000, -26.330000, 15.540000, -6.140000, 2.386667, 7.822222, -8.580000, -4.720000, 0.340000, 263.812500, -63.000000, 26.750000
1501, -30.320000, -4.970000, 35.610001, -2.996667, 4.880000, 1.191111, -8.930000, -2.010000, 3.500000, 262.500000, -65.625000, 29.812500, -23.010000, -35.029999, 24.719999, -3.023333, 0.690000, 2.425555, -8.920000, -4.060000, -0.230000, 261.375000, -67.000000, 30.500000
1521, -24.240000, -2.520000, 30.670000, -0.140000, -1.102222, 1.575556, -9.020000, -1.810000, 3.380000, 259.375000, -65.500000, 23.562500, -17.350000, -18.870001, 10.410000, 1.361111, -4.020000, -3.717778, -8.720000, -4.460000, 0.290000, 259.375000, -65.500000, 23.562500
1542, -20.520000, -3.730000, 20.459999, 1.188889, -5.665555, 2.007778, -8.730000, -1.410000, 4.210000, 258.375000, -63.000000, 18.500000, -12.330000, -8.050000, -1.060000, 1.436667, -5.341111, -5.977778, -8.120000, -5.330000, 1.280000, 257.437500, -59.500000, 13.937500
1560, -18.750000, -1.010000, 13.150000, 1.322222, -8.711111, 1.811111, -8.040000, -0.990000, 5.520000, 255.500000, -49.750000, 7.250000, -7.900000, -4.640000, -2.200000, 0.497778, -3.768889, -7.013333, -7.240000, -6.300000, 1.970000, 255.500000, -49.750000, 7.250000
1583, -19.170000, -1.580000, 9.370000, 0.974444, -11.007778, 1.673333, -6.800000, -0.620000, 7.030000, 253.750000, -37.312500, 3.375000, -8.670000, -3.620000, 3.440000, -0.003333, -2.738889, -8.037778, -6.120000, -7.290000, 2.350000, 253.750000, -37.312500, 3.375000
1601, -21.160000, 1.770000, 0.510000, 1.162222, -13.896667, 1.434444, -4.870000, -0.300000, 8.500000, 253.000000, -29.812500, 2.000000, -10.060000, -0.730000, 3.650000, 0.206667, -2.788889, -8.656944, -4.700000, -8.180000, 2.650000, 252.187500, -21.625000, 0.687500
1622, -14.940000, 1.550000, -16.299999, 1.483333, -15.098886, 2.140000, -2.280000, 0.070000, 9.530000, 249.812500, -5.812500, -1.437500, -10.570000, 4.300000, 1.760000, 1.295556, -3.266667, -8.656667, -3.120000, -8.780000, 3.040000, 249.812500, -5.812500, -1.437500
1640, -4.850000, -5.200000, -21.240000, 1.552222, -12.240000, 2.845556, 0.140000, 0.400000, 9.790000, 248.437500, 0.812500, -2.312500, -8.300000, 8.190000, -1.860000, 2.474444, -3.908889, -7.475555, -1.550000, -8.990000, 3.580000, 247.000000, 6.500000, -3.187500
1661, -1.010000, -5.420000, -15.640000, 1.770000, -8.691112, 2.636667, 1.920000, 0.660000, 9.590000, 244.312500, 15.500000, -4.625000, -1.270000, 8.350000, -9.670000, 2.503333, -4.400000, -5.833333, -0.180000, -8.900000, 4.090000, 244.312500, 15.500000, -4.625000
1681, 0.100000, -8.632500, -13.430000, 1.447778, -6.837778, 2.342222, 3.250000, 0.830000, 9.210000, 242.062500, 22.937500, -5.500000, 2.860000, 10.140000, -13.200000, 2.240000, -3.617778, -4.330000, 0.930000, -8.680000, 4.450000, 242.062500, 22.937500, -5.500000
1702, 0.480000, -5.950000, -14.130000, 1.188889, -6.372222, 1.416667, 4.370000, 0.910000, 8.720000, 241.312500, 26.437500, -5.937500, 6.510000, 10.860000, -13.590000, 1.430000, -1.973333, -2.297778, 1.590000, -8.470000, 4.670000, 240.812500, 29.812500, -6.500000
1722, 1.360000, -4.280000, -18.400000, 0.690000, -5.470000, 0.662222, 5.320000, 0.980000, 8.170000, 240.375000, 35.187500, -6.937500, 3.240000, 5.220000, -9.300000, 0.074444, -0.245556, -1.196667, 1.870000, -8.390000, 4.710000, 240.375000, 35.187500, -6.937500
1741, 0.920000, -6.040000, -16.410000, -0.470000, -2.931111, 0.122222, 5.870000, 0.920000, 7.790000, 240.500000, 36.812500, -6.750000, 1.540000, 7.350000, -7.280000, -0.190000, 0.610000, -0.951111, 1.990000, -8.370000, 4.700000, 240.812500, 37.750000, -6.625000
1761, 1.830000, -2.410000, -22.139999, -0.652222, -0.594444, -0.656667, 6.040000, 0.880000, 7.670000, 241.875000, 37.437500, -6.437500, -1.280000, 15.260000, -9.350000, 0.232222, 1.368889, 0.494444, 1.880000, -8.360000, 4.760000, 241.875000, 37.437500, -6.437500
1782, -1.670000, 8.560000, -25.860001, -0.833333, 2.675555, -0.968889, 5.750000, 0.860000, 7.890000, 242.937500, 33.375000, -5.750000, -3.050000, 18.549999, -6.450000, -0.033333, 3.725556, 2.947778, 1.230000, -8.400000, 4.890000, 242.937500, 33.375000, -5.750000
1802, -5.270000, 11.460000, -31.090000, -1.495556, 6.803333, 0.037778, 4.860000, 0.700000, 8.480000, 242.937500, 29.750000, -4.750000, -7.870000, 16.209999, 0.370000, -2.521111, 4.023334, 4.858889, 0.150000, -8.630000, 4.650000, 242.687500, 24.625000, -3.000000
1820, -17.510000, 1.180000, -16.600000, -3.393333, 11.854445, 1.290000, 3.060000, 0.130000, 9.310000, 241.750000, 10.937500, 1.312500, -8.140000, 7.210000, 1.530000, -4.972222, 1.957778, 5.865556, -1.010000, -8.940000, 3.880000, 241.750000, 10.937500, 1.312500
1841, -23.170000, -2.560000, 13.270000, -3.570000, 13.824445, 1.568889, 0.580000, -0.570000, 9.770000, 241.125000, 3.375000, 3.312500, -5.750000, -2.900000, -0.080000, -4.926667, 0.462222, 5.966667, -2.080000, -9.100000, 2.980000, 240.437500, -2.937500, 5.187500
1861, -15.430000, -3.800000, 29.400000, -2.318889, 6.040000, 1.721111, -1.080000, -1.090000, 9.680000, 238.500000, -6.625000, 6.937500, -7.180000, -26.040001, 1.600000, -3.690000, 0.406667, 4.912222, -3.030000, -9.040000, 2.270000, 238.500000, -6.625000, 6.937500
1882, -5.810000, -17.059999, 13.980000, -0.867778, -2.680000, 2.333333, -0.910000, -1.230000, 9.680000, 236.062500, -3.750000, 7.312500, -5.520000, -27.820000, 1.420000, -0.704444, -0.348889, 0.547778, -3.330000, -9.000000, 2.000000, 236.062500, -3.750000, 7.312500
1900, -5.530000, -19.020000, 20.010000, 0.541111, -2.958889, 0.195556, -0.370000, -1.200000, 9.720000, 235.875000, -2.125000, 7.000000, -0.750000, -15.610000, -7.830000, 1.121111, -1.706667, -2.730000, -2.910000, -9.090000, 2.250000, 236.437500, -0.125000, 6.312500
1921, -1.260000, -12.040000, 1.370000, 1.664444, -4.642222, -1.911111, 0.420000, -0.920000, 9.750000, 238.437500, 5.250000, 4.437500, -0.830000, -13.470000, -9.550000, 1.746667, -0.996667, -4.242222, -2.170000, -9.200000, 2.580000, 238.437500, 5.250000, 4.437500
1941, -0.650000, -8.290000, -3.180000, 1.671111, -4.350000, -2.805556, 1.310000, -0.570000, 9.700000, 239.812500, 7.687500, 3.375000, -1.830000, -3.470000, -6.720000, 2.741111, 0.178889, -5.435555, -1.260000, -9.240000, 3.020000, 241.500000, 9.687500, 2.187500
1962, 0.440000, 4.150000, -10.280000, 1.796667, -2.898889, -3.563150, 1.920000, -0.140000, 9.610000, 245.187500, 12.687500, -0.562500, -3.770000, 5.950000, -5.250000, 3.601111, 0.893333, -5.238889, -0.360000, -9.110000, 3.600000, 245.187500, 12.687500, -0.562500
1982, 4.200000, 12.810000, -20.270000, 1.812222, -1.806667, -3.250000, 2.310000, 0.320000, 9.520000, 248.187500, 13.875000, -3.000000, -3.420000, 27.190001, -0.090000, 3.440000, 1.897778, -2.783333, 0.130000, -8.652500, 4.230000, 248.187500, 13.875000, -3.000000
2001, 4.460000, 11.090000, -25.000000, 0.417778, 1.314444, -1.810000, 2.230000, 0.570000, 9.530000, 249.125000, 13.125000, -3.437500, -2.400000, 23.290001, 5.710000, -0.053333, 2.357778, 1.682222, -0.170000, -8.760000, 4.380000, 249.750000, 11.125000, -3.250000
2021, -0.240000, 8.880000, -19.959999, -1.205556, 5.535555, -0.946667, 1.380000, 0.450000, 9.690000, 250.625000, 4.187500, -1.812500, -2.390000, 7.450000, 0.560000, -2.302222, 1.296667, 3.600000, -0.840000, -8.880000, 4.050000, 250.625000, 4.187500, -1.812500
2042, -12.250000, 1.120000, 27.250000, -1.962222, 7.817778, -0.388889, 0.000000, 0.130000, 9.800000, 250.812500, 0.000000, -0.750000, 0.880000, -6.020000, 0.290000, -3.014444, 0.805556, 3.350000, -1.500000, -9.010000, 3.540000, 250.812500, -3.062500, 0.312500
2062, -8.890000, -10.230000, 29.000000, -1.852222, 1.260000, 0.225556, -0.650000, -0.230000, 9.780000, 250.562500, -2.312500, 2.000000, 0.370000, -21.850000, -2.430000, -2.075556, 0.885556, 1.808889, -1.950000, -9.090000, 3.080000, 250.562500, -2.312500, 2.000000
2083, -1.020000, -20.049999, 7.850000, -0.263333, -4.177778, -0.464444, -0.010000, -0.360000, 9.790000, 251.562500, 2.187500, 1.687500, -1.100000, -21.370001, -2.680000, 0.716667, 0.541615, -1.775556, -1.850000, -9.130000, 3.050000, 251.562500, 2.187500, 1.687500
2101, -1.000000, -15.520000, 8.672500, 1.607778, -3.911111, -2.336667, 0.740000, -0.130000, 9.770000, 252.750000, 4.312500, 0.750000, -0.430000, -13.300000, -8.170000, 2.628889, -0.154444, -3.886667, -1.240000, -9.090000, 3.440000, 254.250000, 6.500000, -0.500000
2122, 0.330000, -6.970000, -2.220000, 2.913333, -4.303333, -3.474444, 1.500000, 0.400000, 9.680000, 258.062500, 11.000000, -4.562500, 0.590000, -0.620000, -9.320000, 3.444444, 0.610000, -4.233333, -0.530000, -8.930000, 4.000000, 258.062500, 11.000000, -4.562500
2142, 0.790000, -6.220000, -7.620000, 3.061111, -3.965556, -3.900000, 2.200000, 1.120000, 9.480000, 260.125000, 12.937500, -6.687500, 0.440000, 5.050000, -7.230000, 3.457778, 1.627778, -3.365556, -0.050000, -8.660000, 4.580000, 262.375000, 14.500000, -8.875000
2160, -3.610000, 6.970000, -9.690000, 2.723333, -2.905555, -4.594444, 2.640000, 1.820000, 9.260000, 267.250000, 16.375000, -13.187500, -4.350000, 17.440001, -0.890000, 2.941111, 2.464444, -2.221111, 0.150000, -8.380000, 5.090000, 267.250000, 16.375000, -13.187500
2183, -6.910000, 22.150000, -9.360000, 2.101111, -2.118889, -3.981111, 2.860000, 2.440000, 9.050000, 270.937500, 17.500000, -16.312500, -12.430000, 16.690001, 12.770000, 0.704444, 2.736667, -0.308889, 0.000000, -8.240000, 5.310000, 270.937500, 17.500000, -16.312500
2201, -10.770000, 30.110001, -2.980000, 0.375556, -1.543333, -1.154444, 3.050000, 2.690000, 8.920000, 271.625000, 18.125000, -16.750000, -13.900000, 11.950000, 17.760000, -1.584444, 1.065556, 0.602222, -0.210000, -8.340000, 5.140000, 271.375000, 19.000000, -16.625000
2222, -7.830000, 21.469999, -7.580000, -0.577778, -1.650000, 2.557778, 3.400000, 2.530000, 8.652500, 268.187500, 21.687500, -14.625000, -9.820000, 9.660000, 14.890000, -1.822222, -1.556667, 0.680000, -0.250000, -8.520000, 4.830000, 268.187500, 21.687500, -14.625000
2240, -6.640000, 14.390000, -7.090000, -1.165556, -1.082222, 5.231111, 3.830000, 2.020000, 8.790000, 265.500000, 22.937500, -12.937500, -5.980000, 9.940000, 8.060000, -1.994444, -3.764444, 1.190000, -0.120000, -8.690000, 4.530000, 262.375000, 24.000000, -11.062500
2261, -2.910000, 6.880000, -12.940000, -0.686667, -0.437778, 6.620000, 4.120000, 1.400000, 8.780000, 255.062500, 25.437500, -6.875000, -1.320000, 11.370000, -1.090000, -2.387778, -4.727778, 2.150000, -0.050000, -8.682500, 4.160000, 255.062500, 25.437500, -6.875000
2281, 0.460000, -4.220000, -21.799999, -0.703288, 0.656667, 7.458889, 4.220000, 0.710000, 8.632500, 247.187500, 24.625000, -2.375000, 2.170000, 9.770000, -9.390000, -2.477778, -4.115556, 4.098889, -0.330000, -9.050000, 3.740000, 247.187500, 24.625000, -2.375000
2302, 1.480000, -19.889999, -23.910000, -1.090000, 4.247778, 6.701111, 3.730000, 0.020000, 9.060000, 243.625000, 22.375000, -0.125000, 9.470000, 1.020000, -20.660000, -2.793333, -1.383333, 5.695556, -1.110000, -9.160000, 3.300000, 240.812500, 18.812500, 2.187500
2322, -1.070000, -29.750000, -32.270000, -2.925555, 9.288889, 3.655555, 2.310000, -0.710000, 9.500000, 239.000000, 6.687500, 5.812500, 0.480000, -5.990000, -13.990000, -2.702222, 2.727778, 5.976666, -2.260000, -9.130000, 2.760000, 239.000000, 6.687500, 5.812500
2341, -21.290001, -14.760000, -15.160000, -2.285556, 15.817778, -0.333333, -0.310000, -1.200000, 9.720000, 239.687500, -1.812500, 7.000000, -5.230000, 0.730000, -5.230000, -2.012222, 3.246667, 5.928889, -3.420000, -8.910000, 2.163125, 240.812500, -11.187500, 8.250000
2361, -28.920000, -8.880000, 5.090000, -1.473333, 18.086666, -1.222222, -3.480000, -1.540000, 9.030000, 243.375000, -29.812500, 11.312500, -7.690000, -12.500000, -2.290000, -2.828889, 1.842222, 6.630000, -4.580000, -8.510000, 1.610000, 243.375000, -29.812500, 11.312500
2382, -33.349998, -3.540000, 31.430000, -0.855556, 13.418889, -0.923333, -5.880000, -1.780000, 7.630000, 245.000000, -39.187500, 14.062500, -5.400000, -26.330000, 1.060000, -2.111111, 1.554444, 4.093333, -5.410000, -8.100000, 1.080000, 245.000000, -39.187500, 14.062500
2402, -24.580000, -4.510000, 31.400000, -0.133333, -4.638889, 0.428889, -5.870000, -1.830000, 7.630000, 244.437500, -36.812500, 13.500000, -10.990000, -27.250000, 6.390000, 0.178889, 0.711111, -1.538889, -5.430000, -8.110000, 0.890000, 243.312500, -31.937500, 12.562500
2421, -10.980000, -18.250000, 1.580000, 0.795556, -10.622222, 0.470000, -4.350000, -1.720000, 8.610000, 242.687500, -21.000000, 9.812500, -9.540000, -12.430000, 2.030000, 2.107778, -1.545556, -5.742222, -4.620000, -8.550000, 1.250000, 242.687500, -21.000000, 9.812500
2441, -13.950000, -11.910000, 10.020000, 2.921111, -10.100000, -1.503333, -2.610000, -1.350000, 9.350000, 243.312500, -15.437500, 8.250000, -4.580000, -1.950000, -7.630000, 2.755556, -2.503333, -6.535555, -3.470000, -8.970000, 1.880000, 244.187500, -9.250000, 6.437500
2462, -5.520000, -4.350000, -15.270000, 3.623333, -11.781111, -2.013333, -0.480000, -0.770000, 9.760000, 245.937500, 3.187500, 2.687500, -2.960000, -0.050000, -9.190000, 3.375556, -1.432222, -5.664444, -2.370000, -9.160000, 2.540000, 245.937500, 3.187500, 2.687500
2482, 1.590000, -6.180000, -21.740000, 2.333333, -8.661386, -1.966667, 1.370000, -0.230000, 9.700000, 248.062500, 11.625000, 0.250000, 1.140000, 5.530000, -8.150000, 4.203333, -0.252222, -4.664444, -1.490000, -9.120000, 3.250000, 248.062500, 11.625000, 0.250000
2500, 4.110000, -4.360000, -22.610001, 1.356667, -4.767778, -2.918889, 2.410000, 0.130000, 9.500000, 249.562500, 14.187500, -0.750000, 2.810000, 8.090000, -9.590000, 4.140000, 0.832222, -3.202222, -0.910000, -8.910000, 3.970000, 251.375000, 15.750000, -1.937500
2521, 6.620000, 2.240000, -34.840000, 0.790000, -0.818889, -3.847778, 2.720000, 0.490000, 9.400000, 255.687500, 14.937500, -3.500000, 4.760000, 17.379999, -11.890000, 3.172222, 3.294445, -1.996667, -0.740000, -8.670000, 4.510000, 255.687500, 14.937500, -3.500000
2541, -0.340000, 7.010000, -22.250000, -1.054444, 4.798889, -4.593333, 2.070000, 0.590000, 9.560000, 258.187500, 12.187500, -3.500000, 4.200000, 21.150000, -12.000000, 0.464444, 5.950000, 0.184444, -1.120000, -8.560000, 4.630000, 260.625000, 8.437500, -3.062500
2562, -7.960000, 12.130000, -18.440001, -2.501111, 8.018888, -3.936667, 0.680000, 0.330000, 9.770000, 264.500000, -1.187500, -0.125000, -8.770000, 14.610000, 4.180000, -3.817778, 5.882222, 3.166667, -2.050000, -8.710000, 3.990000, 264.500000, -1.187500, -0.125000
2580, -15.800000, 14.650000, -5.670000, -3.564445, 11.043333, -2.361111, -1.230000, -0.310000, 9.720000, 266.437500, -13.562500, 3.875000, -14.760000, -3.340000, 15.430000, -5.561111, 3.558889, 3.360000, -2.920000, -8.890000, 2.890000, 266.437500, -13.562500, 3.875000
2601, -22.469999, 12.970000, 29.930000, -3.143333, 11.148889, -0.325556, -3.290000, -0.940000, 9.180000, 266.625000, -19.625000, 5.812500, -14.310000, -3.980000, 18.040001, -3.871111, 0.353333, 1.997778, -3.370000, -8.970000, 2.070000, 266.187500, -23.937500, 7.375000
2621, -18.080000, 20.910000, 30.040001, -2.121111, 2.495556, 1.881111, -4.210000, -1.260000, 8.760000, 262.750000, -24.312500, 8.250000, -10.930000, -1.560000, 14.680000, -2.184444, -2.987778, 1.045556, -3.510000, -8.970000, 1.790000, 262.750000, -24.312500, 8.250000
2642, -12.760000, 6.290000, 12.180000, -2.645555, -5.523334, 5.200000, -3.630000, -1.320000, 9.010000, 259.437500, -21.750000, 8.312500, -8.740000, -0.710000, 10.310000, -1.982222, -5.533333, 0.447778, -3.430000, -9.000000, 1.780000, 255.437500, -18.250000, 8.375000
2662, -8.652500, -14.320000, 6.070000, -2.546667, -8.686944, 6.651111, -2.370000, -1.410000, 9.400000, 247.625000, -9.437500, 8.625000, 2.900000, -10.290000, -5.230000, -1.418889, -4.810000, 0.297778, -3.320000, -9.040000, 1.840000, 247.625000, -9.437500, 8.625000
2681, 3.240000, -24.219999, -13.260000, -0.530000, -8.683333, 3.720000, -0.870000, -1.490000, 9.650000, 244.062500, -1.500000, 8.062500, 2.870000, -13.420000, -11.720000, -0.281111, -3.932222, -1.877778, -2.960000, -9.130000, 1.970000, 244.062500, -1.500000, 8.062500
2701, 5.910000, -15.830000, -10.200000, 1.674444, -4.794445, 0.286667, 0.170000, -1.220000, 9.720000, 243.750000, 1.000000, 7.125000, 4.240000, -8.970000, -14.490000, 1.772222, -2.914444, -2.822222, -2.340000, -9.220000, 2.360000, 243.812500, 2.812500, 6.250000
2722, 7.550000, -17.690001, -11.010000, 1.442222, -2.167778, -0.663333, 0.690000, -0.930000, 9.730000, 244.687500, 4.625000, 4.687500, 8.200000, -1.050000, -18.910000, 2.083333, -0.736667, -1.427778, -1.950000, -9.190000, 2.790000, 244.687500, 4.625000, 4.687500
2742, 6.060000, -13.490000, -10.940000, 1.127778, 0.164444, -1.857778, 0.790000, -0.680000, 9.750000, 245.687500, 4.625000, 4.000000, 7.150000, -0.940000, -17.320000, 2.156667, 1.880000, -0.381111, -1.930000, -9.090000, 3.110000, 247.062500, 4.062500, 3.437500
2761, -1.550000, -0.770000, -8.770000, 0.854444, 1.820000, -3.192222, 0.540000, -0.490000, 9.770000, 250.750000, 1.937500, 2.250000, -5.590000, 13.230000, -2.650000, 2.118889, 3.672222, 0.324444, -2.150000, -8.950000, 3.370000, 250.750000, 1.937500, 2.250000
2781, -7.330000, 26.340000, -10.440000, 0.832222, 3.334445, -3.216667, 0.040000, -0.300000, 9.800000, 253.750000, -2.125000, 1.687500, -12.890000, 13.180000, 16.889999, -0.761111, 3.817778, 1.403333, -2.590000, -8.890000, 3.220000, 253.750000, -2.125000, 1.687500
2801, -10.360000, 24.309999, 2.310000, -1.180000, 5.272222, -0.823333, -0.850000, -0.410000, 9.760000, 254.187500, -5.000000, 2.375000, -11.670000, 9.620000, 18.440001, -3.222222, 0.967778, 1.414444, -2.950000, -8.960000, 2.640000, 254.062500, -7.625000, 3.562500
2822, -6.480000, 15.510000, 9.320000, -2.625556, 3.090000, 1.555556, -1.600000, -0.830000, 9.630000, 251.500000, -10.000000, 5.875000, -4.960000, 1.470000, 8.760000, -3.375556, -1.415556, 1.502222, -3.150000, -9.040000, 2.110000, 251.500000, -10.000000, 5.875000
2840, 0.230000, -4.200000, -0.300000, -1.853333, -0.172222, 4.232222, -1.730000, -1.090000, 9.580000, 249.125000, -10.187500, 6.500000, -2.790000, -1.860000, 6.820000, -1.668889, -2.678889, 2.112222, -3.400000, -9.000000, 1.870000, 246.500000, -10.375000, 7.000000
2861, 3.750000, -25.549999, 0.740000, -0.980000, -0.191111, 3.322222, -1.780000, -1.210000, 9.560000, 243.812500, -10.562500, 7.000000, 7.570000, -16.780001, -15.570000, 0.532222, -3.052222, 1.493333, -3.590000, -8.880000, 2.090000, 243.812500, -10.562500, 7.000000
2881, 2.530000, -25.389999, 8.250000, 0.795556, 0.293333, -0.084444, -1.830000, -1.100000, 9.570000, 244.750000, -10.687500, 6.000000, 8.630000, -18.120001, -20.200001, 1.636667, -1.076667, -0.428889, -3.530000, -8.810000, 2.440000, 244.750000, -10.687500, 6.000000
2902, 0.780000, -19.110001, 7.610000, 1.828889, -0.465556, -2.513333, -1.760000, -0.890000, 9.600000, 246.187500, -10.312500, 5.312500, 5.180000, -13.250000, -16.750000, 2.407778, 1.423333, -1.850000, -3.310000, -8.800000, 2.760000, 248.125000, -9.625000, 4.312500
2920, -0.420000, -14.190000, 1.630000, 2.733333, -1.272222, -3.847778, -1.500000, -0.530000, 9.670000, 252.812500, -8.000000, 1.750000, -4.890000, -0.930000, -5.090000, 3.085556, 2.438889, -2.496667, -3.050000, -8.780000, 3.110000, 252.812500, -8.000000, 1.750000
2941, -6.890000, 12.100000, -3.150000, 3.645555, -1.035556, -4.757778, -1.260000, -0.020000, 9.720000, 255.500000, -7.375000, 0.125000, -8.110000, 6.320000, -2.000000, 3.492222, 2.691111, -2.810000, -2.770000, -8.710000, 3.530000, 258.000000, -7.062500, -1.562500
2961, -7.830000, 28.030001, -5.300000, 3.284444, -0.460000, -3.218889, -1.170000, 0.530000, 9.720000, 260.875000, -6.750000, -4.187500, -14.380000, 19.139999, 21.320000, 1.412222, 2.556667, -1.282222, -2.680000, -8.660000, 3.720000, 260.875000, -6.750000, -4.187500
2982, -5.480000, 32.820000, -9.800000, 0.895556, -0.321111, -0.210000, -1.120000, 0.790000, 9.700000, 260.375000, -6.375000, -4.625000, -10.400000, 19.830000, 17.650000, -0.684444, -0.642222, 0.128889, -2.670000, -8.680000, 3.680000, 260.375000, -6.375000, -4.625000
3002, -4.280000, 29.440001, -9.890000, -1.363333, 0.033712, 2.753333, -1.070000, 0.690000, 9.720000, 258.812500, -6.312500, -4.000000, -7.830000, 19.650000, 13.750000, -2.546667, -2.543333, 1.628889, -2.720000, -8.760000, 3.440000, 256.437500, -6.250000, -3.062500
3021, -3.970000, 14.920000, -10.260000, -2.680000, 0.258889, 5.526667, -1.070000, 0.330000, 9.740000, 249.687500, -6.437500, -0.812500, -3.550000, 10.560000, 5.450000, -3.322222, -3.762222, 2.533333, -2.900000, -8.652500, 3.090000, 249.687500, -6.437500, -0.812500
3041, -3.300000, 4.930000, -11.790000, -2.414444, 0.827778, 7.157778, -1.170000, 0.000000, 9.730000, 245.750000, -6.812500, 0.000000, -4.290000, 8.430000, 2.140000, -3.297778, -4.274445, 3.050000, -3.220000, -8.632500, 2.800000, 241.625000, -7.625000, 0.437500
3062, -4.070000, -3.930000, -6.390000, -1.073333, 2.008889, 7.512222, -1.500000, -0.070000, 9.690000, 233.437500, -10.062500, 0.000000, -6.280000, 4.400000, -3.660000, -2.983333, -5.780000, 5.303333, -3.750000, -8.650000, 2.670000, 233.437500, -10.062500, 0.000000
3082, -3.180000, -27.650000, 0.920000, -0.192222, 2.723333, 7.413333, -1.960000, 0.100000, 9.600000, 225.500000, -13.250000, -1.062500, 0.540000, -11.440000, -16.590000, -2.902222, -5.807778, 6.763333, -4.480000, -8.300000, 2.650000, 225.500000, -13.250000, -1.062500
3100, -2.300000, -39.500000, 10.270000, -0.631111, 2.905555, 4.736667, -2.500000, 0.230000, 9.470000, 222.875000, -14.750000, -1.375000, 4.030000, -22.920000, -22.850000, -0.533333, -3.030000, 5.444445, -5.220000, -7.800000, 2.820000, 222.312500, -15.937500, -1.937500
3121, -6.750000, -33.660000, 15.850000, 1.596667, 1.317778, -2.014444, -2.820000, 0.410000, 9.380000, 225.750000, -16.937500, -2.812500, 1.510000, -23.700001, -29.660000, 2.067778, 0.756667, 0.222222, -5.440000, -7.560000, 3.050000, 225.750000, -16.937500, -2.812500
3141, -6.880000, -34.700001, 13.020000, 1.826667, -0.405556, -5.185555, -2.850000, 0.480000, 9.360000, 228.750000, -16.875000, -2.937500, 0.140000, -19.450001, -27.080000, 2.628889, 2.542222, -1.146667, -5.410000, -7.540000, 3.130000, 232.437500, -16.625000, -3.000000
3162, -11.680000, -24.840000, 9.030000, 2.543333, -1.305556, -7.725555, -2.720000, 0.520000, 9.400000, 241.937500, -15.437500, -3.437500, -8.140000, -16.440001, -14.250000, 4.490000, 5.022222, -4.171111, -5.210000, -7.640000, 3.240000, 241.937500, -15.437500, -3.437500
3180, -14.920000, -12.910000, 1.150000, 3.442222, -1.926667, -9.608889, -2.490000, 0.650000, 9.460000, 253.187500, -14.250000, -4.500000, -10.580000, -6.900000, -11.780000, 5.182222, 5.215556, -6.404444, -4.660000, -7.880000, 3.500000, 253.187500, -14.250000, -4.500000
3201, -18.280001, 8.652500, -5.380000, 4.232222, -1.017778, -10.022223, -2.400000, 0.890000, 9.460000, 258.937500, -14.187500, -5.375000, -15.080000, 3.130000, -6.830000, 4.992222, 5.792222, -6.912222, -4.010000, -8.090000, 3.810000, 264.437500, -14.375000, -6.812500
3221, -16.920000, 25.459999, -6.240000, 5.318889, -0.344444, -8.090000, -2.500000, 1.410000, 9.370000, 272.937500, -15.062500, -10.375000, -19.879999, 25.260000, 13.560000, 3.511111, 5.652222, -6.054444, -3.450000, -8.250000, 4.010000, 272.937500, -15.062500, -10.375000
3242, -16.709999, 34.709999, 2.350000, 4.142222, -1.456667, -3.821111, -2.480000, 1.980000, 9.270000, 275.375000, -14.687500, -12.062500, -19.610001, 28.170000, 23.010000, 2.114444, 5.351111, -4.515555, -3.260000, -8.360000, 3.950000, 276.625000, -13.312500, -13.437500
3260, -16.320000, 30.290001, 3.100000, 1.980000, -4.691111, 0.391111, -1.830000, 2.400000, 9.320000, 276.250000, -7.125000, -15.062500, -14.920000, 7.090000, 26.080000, 0.482222, -0.562222, -0.891111, -3.130000, -8.400000, 3.960000, 276.250000, -7.125000, -15.062500
3281, -11.770000, 24.530001, -9.910000, 0.884444, -7.683333, 3.296667, -0.450000, 2.640000, 9.430000, 273.187500, 2.000000, -16.000000, -9.160000, 11.400000, 14.870000, 1.692222, -3.655555, -1.547778, -2.680000, -8.360000, 4.350000, 273.187500, 2.000000, -16.000000
3301, -8.300000, 16.809999, -15.700000, 0.571111, -6.877778, 5.484445, 1.090000, 2.720000, 9.350000, 270.687500, 6.375000, -16.187500, -7.530000, 13.800000, 9.940000, 1.693333, -4.916667, -1.644444, -1.960000, -8.300000, 4.830000, 267.812500, 10.437500, -16.187500
3322, -2.450000, 11.720000, -24.910000, 0.632222, -4.660000, 6.751111, 2.350000, 2.610000, 9.150000, 260.562500, 16.562500, -15.187500, 1.340000, 18.600000, -8.790000, -0.598889, -6.631111, -0.206667, -1.260000, -8.330000, 5.010000, 260.562500, 16.562500, -15.187500
3342, 0.130000, 4.560000, -29.150000, -0.167778, -1.190000, 8.193334, 3.080000, 2.220000, 9.030000, 256.250000, 18.312500, -13.750000, 3.180000, 19.250000, -11.570000, -1.734444, -6.597778, 0.923333, -1.020000, -8.400000, 4.950000, 251.562500, 18.875000, -11.750000
3361, 4.610000, -19.379999, -40.250000, -1.626667, 3.518889, 8.008889, 3.000000, 1.510000, 9.210000, 243.562500, 14.562500, -6.562500, 9.860000, 12.630000, -25.020000, -2.912222, -1.694444, 6.048889, -1.520000, -8.650000, 4.360000, 243.562500, 14.562500, -6.562500
3381, -4.510000, -30.920000, -28.260000, -3.005556, 9.526667, 4.192222, 1.640000, 0.730000, 9.630000, 240.250000, 3.125000, -3.250000, 6.340000, 1.710000, -24.959999, -3.365556, 3.392222, 8.446667, -3.020000, -8.540000, 3.730000, 240.250000, 3.125000, -3.250000
3402, -15.430000, -15.900000, -25.209999, -0.823333, 15.397778, -0.121111, -0.880000, 0.480000, 9.750000, 240.062500, -5.125000, -2.812500, -6.980000, -7.820000, -6.790000, -2.684444, 4.017778, 8.148889, -4.520000, -8.100000, 3.150000, 240.250000, -14.812500, -2.312500
3422, -30.820000, -8.662500, 10.240000, -0.991111, 18.082222, -1.133333, -4.090000, 0.260000, 8.900000, 241.000000, -33.687500, -0.875000, -7.450000, 0.930000, -3.150000, -1.601111, 1.435556, 8.072222, -5.790000, -7.400000, 2.770000, 241.000000, -33.687500, -0.875000
3440, -32.509998, -4.450000, 29.379999, -1.058889, 14.725555, -1.081111, -6.520000, 0.000000, 7.320000, 241.375000, -41.687500, 0.000000, -8.140000, -19.490000, -4.860000, -2.630000, 1.303333, 7.537778, -6.340000, -7.030000, 2.520000, 241.625000, -47.750000, 1.250000
3461, -31.290001, -3.470000, 32.810001, -0.771111, 3.960000, -0.795556, -7.500000, -0.240000, 6.300000, 242.000000, -47.750000, 2.562500, -11.070000, -32.450001, 5.960000, -1.744444, 2.614444, -0.597778, -6.960000, -6.710000, 1.590000, 242.000000, -47.750000, 2.562500
3481, -25.280001, -11.400000, 29.790001, -0.170000, -9.276667, -0.222222, -6.650000, -0.320000, 7.190000, 242.250000, -36.312500, 2.062500, -14.760000, -27.940001, 10.270000, 1.160000, 0.541111, -5.795556, -6.380000, -7.290000, 1.500000, 242.250000, -36.312500, 2.062500
3502, -19.860001, -11.300000, 6.810000, 2.288889, -12.934444, -0.881111, -4.790000, -0.150000, 8.550000, 243.000000, -29.250000, 1.000000, -11.480000, -10.860000, 3.700000, 2.077778, -0.954444, -7.156667, -5.230000, -8.040000, 2.020000, 244.125000, -21.687500, -0.437500
3520, -12.020000, -5.270000, -14.190000, 3.740000, -13.625556, -1.402222, -2.420000, 0.360000, 9.490000, 246.375000, -7.812500, -3.812500, -9.190000, -5.190000, -4.580000, 4.071111, -2.924444, -8.535556, -3.770000, -8.580000, 2.860000, 246.375000, -7.812500, -3.812500
3541, 0.540000, -3.770000, -23.209999, 2.501111, -9.553333, -1.202222, -0.460000, 0.860000, 9.750000, 247.312500, -2.687500, -5.062500, -4.610000, 6.910000, -12.110000, 4.408889, -2.695555, -8.686666, -2.980000, -8.730000, 3.310000, 248.125000, 1.125000, -6.000000
3561, 12.370000, -8.360000, -40.689999, 1.566667, -5.416667, -1.427778, 0.680000, 1.170000, 9.710000, 250.312500, 5.125000, -7.812500, 1.490000, 18.110001, -18.790001, 5.511111, 1.017778, -5.558889, -1.150000, -8.540000, 4.660000, 250.312500, 5.125000, -7.812500
3582, 14.780000, -1.360000, -48.980000, 0.874444, 2.435555, -3.033333, 0.620000, 1.430000, 9.680000, 253.437500, -0.937500, -8.250000, 13.580000, 40.639999, -20.070000, 3.305556, 4.568889, 1.148889, -1.380000, -8.140000, 5.270000, 253.437500, -0.937500, -8.250000
3602, -0.500000, -9.540000, -48.419998, -0.871111, 13.331111, -4.461111, -1.440000, 1.290000, 9.610000, 255.375000, -8.437500, -7.687500, 6.940000, 31.450001, -16.639999, 0.231111, 6.400000, 4.200000, -2.830000, -8.030000, 4.860000, 257.625000, -18.062500, -6.625000
3621, -25.059999, -1.790000, 3.670000, -2.288889, 18.299999, -5.616667, -4.640000, 0.680000, 8.600000, 262.187500, -37.187500, -1.375000, -8.210000, 11.760000, -4.050000, -4.273334, 5.746666, 7.351111, -4.440000, -7.860000, 3.810000, 262.187500, -37.187500, -1.375000
3641, -25.760000, 24.610001, 15.600000, -2.040000, 12.224444, -4.785555, -6.790000, -0.240000, 7.070000, 264.437500, -43.812500, 1.937500, -17.270000, -2.163125, 4.730000, -5.406667, 4.302222, 7.634444, -5.150000, -7.690000, 3.210000, 265.812500, -48.625000, 5.187500
3662, -24.080000, 19.530001, 18.520000, -3.157778, 7.170000, -1.114444, -7.770000, -0.850000, 5.910000, 264.500000, -55.375000, 10.562500, -19.100000, -22.160000, 17.500000, -7.245555, 2.296667, 2.926667, -6.450000, -7.290000, 1.110000, 264.500000, -55.375000, 10.562500
3682, -23.020000, 6.720000, 32.419998, -3.824445, 2.606667, 1.558889, -8.220000, -1.100000, 5.230000, 260.625000, -56.625000, 11.375000, -18.400000, -20.110001, 26.740000, -2.168681, -1.172222, -1.292222, -6.400000, -7.390000, 0.650000, 260.625000, -56.625000, 11.375000
3701, -16.620001, 10.780000, 16.370001, -1.873333, -4.101111, 2.888889, -8.000000, -0.940000, 5.580000, 258.375000, -54.687500, 9.562500, -13.710000, -5.480000, 18.540001, -0.572222, -3.405555, -2.057778, -6.040000, -7.640000, 1.100000, 255.687500, -51.812500, 7.250000
3721, -13.350000, 8.730000, 10.410000, -1.642222, -7.138889, 4.371111, -7.310000, -0.550000, 6.500000, 249.562500, -43.812500, 2.562500, -6.680000, -1.850000, 5.660000, -0.297778, -5.998889, -2.002222, -5.590000, -7.860000, 1.730000, 249.562500, -43.812500, 2.562500
3742, -11.120000, 4.490000, 2.770000, -1.752222, -8.954445, 5.434444, -6.180000, -0.100000, 7.610000, 246.187500, -39.062500, 0.812500, -3.390000, -1.540000, 1.900000, -0.503333, -5.887778, -2.365556, -5.310000, -7.990000, 1.990000, 242.812500, -33.937500, -0.437500
3762, -1.540000, -1.000000, -14.840000, -1.632222, -9.110000, 5.653333, -4.750000, 0.210000, 8.570000, 236.375000, -24.562500, -2.125000, -2.340000, 3.580000, -0.830000, -0.342222, -5.268889, -2.850000, -4.270000, -8.410000, 2.650000, 236.375000, -24.562500, -2.125000
3780, 2.690000, -3.650000, -19.610001, -0.956667, -6.061111, 5.481111, -3.530000, 0.450000, 9.130000, 230.375000, -18.750000, -3.500000, -2.980000, 7.130000, -4.080000, -0.383333, -5.723333, -1.553333, -3.660000, -8.580000, 3.010000, 230.375000, -18.750000, -3.500000
3801, 5.530000, -13.030000, -13.350000, -0.684444, -2.120000, 5.421111, -2.940000, 0.660000, 9.330000, 227.375000, -17.437500, -4.062500, 1.460000, 7.200000, -10.480000, -0.614444, -5.917778, -0.722222, -3.280000, -8.640000, 3.270000, 224.500000, -16.875000, -4.250000
3821, 6.300000, -33.599998, -8.030000, -1.816667, 0.268889, 3.957778, -2.840000, 0.640000, 9.360000, 221.125000, -17.250000, -3.375000, 8.970000, -2.790000, -23.709999, -0.601111, -3.380000, 2.144444, -3.310000, -8.570000, 3.410000, 221.125000, -17.250000, -3.375000
3842, 2.780000, -35.950001, -2.640000, -0.746667, 1.447778, -0.721111, -3.040000, 0.470000, 9.310000, 221.375000, -18.062500, -2.875000, 9.400000, -13.330000, -31.280001, -0.407778, -1.774444, 2.403333, -3.440000, -8.510000, 3.430000, 222.937500, -19.187500, -2.187500
3860, -6.240000, -36.029999, 11.660000, 0.223333, 1.570000, -4.718889, -3.370000, 0.220000, 9.200000, 229.125000, -20.312500, -1.000000, 2.050000, -13.790000, -26.650000, 1.437778, 4.480000, 0.631111, -3.980000, -8.300000, 3.350000, 229.125000, -20.312500, -1.000000
3881, -14.800000, -10.340000, 15.110000, 3.130000, -1.008889, -7.251111, -3.330000, 0.200000, 9.220000, 237.750000, -18.875000, -1.875000, -6.840000, -14.010000, -12.370000, 1.678889, 5.866667, 0.010000, -4.260000, -8.250000, 3.110000, 237.750000, -18.875000, -1.875000
3901, -15.420000, 5.500000, 11.790000, 3.407778, -2.505556, -6.798889, -2.980000, 0.410000, 9.330000, 241.750000, -17.687500, -2.500000, -14.000000, -17.020000, 5.130000, 1.012222, 6.334445, -2.945555, -3.970000, -8.520000, 2.790000, 245.250000, -16.250000, -2.937500
3922, -18.889999, 16.070000, 15.700000, 2.100000, -3.823333, -5.072222, -2.420000, 0.540000, 9.480000, 250.562500, -11.562500, -3.812500, -20.299999, -2.780000, 10.290000, 1.486667, 4.367778, -8.112223, -2.960000, -8.950000, 2.680000, 250.562500, -11.562500, -3.812500
3942, -18.059999, 19.680000, 8.250000, 2.030000, -7.177778, -2.265556, -1.320000, 0.790000, 9.680000, 252.000000, -7.750000, -4.687500, -21.370001, 10.040000, 18.040001, 2.247778, 4.062222, -8.084444, -2.370000, -9.090000, 2.770000, 252.562500, -2.937500, -5.687500
3961, -15.490000, 12.350000, -2.130000, 1.903333, -10.255555, 0.824444, 0.450000, 1.150000, 9.720000, 251.875000, 8.625000, -7.812500, -17.389999, 12.300000, 22.809999, 4.187778, -1.443333, -3.882222, -1.070000, -9.020000, 3.680000, 251.875000, 8.625000, -7.812500
3981, -7.070000, 7.300000, -17.209999, 2.281111, -10.512222, 2.022222, 2.440000, 1.490000, 9.370000, 250.125000, 19.625000, -10.250000, -11.440000, 7.910000, 8.990000, 4.110000, -3.645555, -3.025556, -0.240000, -8.760000, 4.390000, 250.125000, 19.625000, -10.250000
4002, -6.150000, 6.400000, -12.710000, 2.561111, -8.252222, 2.185555, 4.030000, 1.780000, 8.750000, 249.062500, 24.312500, -11.500000, -0.780000, 11.570000, -6.730000, 3.234444, -5.182222, -3.127778, 0.230000, -8.620000, 4.660000, 247.812500, 28.625000, -12.750000
4022, 0.000000, -2.270000, -24.450001, 2.232222, -7.174443, 2.814445, 5.310000, 1.940000, 8.000000, 244.937500, 36.375000, -13.750000, 3.570000, 15.730000, -8.632500, 1.576667, -3.177778, -1.870000, 1.390000, -8.260000, 5.080000, 244.937500, 36.375000, -13.750000
4041, 2.400000, -9.860000, -30.680000, 0.448889, -4.507778, 2.353333, 6.180000, 1.770000, 7.390000, 243.812500, 39.062500, -13.500000, 9.090000, 19.260000, -14.100000, 0.718889, -2.608889, -0.877778, 1.590000, -8.220000, 5.100000, 243.187500, 40.625000, -13.125000
4061, 3.880000, -3.590000, -40.900002, -0.664444, -0.222222, 0.766667, 6.410000, 1.590000, 7.240000, 242.812500, 39.375000, -11.125000, 6.690000, 17.850000, -21.870001, -0.457778, -1.005556, 2.127778, 1.210000, -8.380000, 4.930000, 242.812500, 39.375000, -11.125000
4081, -2.000000, -6.790000, -36.130001, -2.160000, 5.807778, 0.263333, 5.800000, 1.290000, 7.790000, 243.000000, 31.437500, -7.437500, 3.350000, 14.260000, -19.930000, -2.036667, 2.905555, 4.331111, 0.730000, -8.520000, 4.790000, 243.000000, 31.437500, -7.437500
4102, -16.040001, -12.140000, -46.090000, -3.781111, 13.218889, -0.498889, 4.030000, 0.790000, 8.900000, 243.437500, 24.250000, -5.125000, -6.240000, 12.830000, -8.710000, -3.204444, 5.965556, 5.681111, -0.610000, -8.770000, 4.320000, 244.125000, 14.750000, -2.500000
4120, -30.709999, -15.760000, -26.690001, -5.192222, 20.383333, -1.574444, 0.630000, -0.030000, 9.780000, 246.187500, -7.687500, 2.937500, -7.870000, 10.570000, -7.690000, -4.295556, 5.708889, 7.224444, -3.040000, -8.632500, 2.990000, 246.187500, -7.687500, 2.937500
4141, -34.549999, -3.590000, 3.080000, -4.273334, 20.077778, -1.732222, -3.110000, -0.910000, 9.250000, 247.250000, -18.500000, 5.625000, -15.520000, 4.970000, -2.120000, -4.498889, 4.160000, 9.118889, -3.900000, -8.640000, 2.480000, 248.187500, -28.187500, 8.375000
4161, -31.299999, 9.490000, 13.180000, -3.075556, 15.798889, -0.575556, -5.840000, -1.520000, 7.720000, 248.312500, -43.750000, 14.187500, -18.440001, -5.210000, 2.920000, -5.731111, 1.995556, 9.363334, -6.160000, -7.570000, 0.870000, 248.312500, -43.750000, 14.187500
4182, -30.030001, -4.440000, 30.990000, -4.073333, 10.915556, 1.628889, -7.480000, -1.870000, 6.050000, 245.500000, -54.000000, 19.375000, -14.950000, -21.090000, 10.020000, -5.580000, 1.244444, 7.358889, -7.080000, -6.780000, 0.060000, 245.500000, -54.000000, 19.375000
4200, -31.160000, -8.100000, 33.849998, -1.911111, 2.311111, 2.096667, -8.090000, -1.840000, 5.210000, 244.000000, -55.562500, 19.500000, -15.340000, -32.580002, 15.870000, -2.818889, 0.428889, 3.866667, -7.320000, -6.510000, -0.140000, 242.500000, -54.000000, 17.250000
4221, -26.160000, -5.110000, 31.160000, -0.060000, -8.252601, 2.465556, -7.510000, -1.530000, 6.100000, 238.687500, -44.625000, 11.000000, -12.950000, -25.320000, 9.270000, 0.138889, -2.592222, -2.200000, -6.930000, -6.920000, 0.340000, 238.687500, -44.625000, 11.000000
4241, -20.040001, -14.660000, 9.480000, 1.097778, -12.274445, 2.352222, -6.070000, -1.110000, 7.610000, 237.187500, -38.250000, 8.250000, -9.010000, -12.090000, -2.700000, 1.075556, -4.686666, -6.430000, -6.470000, -7.320000, 0.710000, 236.250000, -31.375000, 5.750000
4262, -13.630000, -6.620000, -7.620000, 3.305556, -13.300000, 1.237778, -4.020000, -0.510000, 8.920000, 235.375000, -17.250000, 1.062500, -7.690000, -2.920000, -5.910000, 2.268889, -4.597778, -8.291111, -4.450000, -8.510000, 1.940000, 235.375000, -17.250000, 1.062500
4282, 0.880000, 3.110000, -29.379999, 2.953333, -11.284445, 1.286667, -1.890000, 0.110000, 9.620000, 234.187500, -6.187500, -1.937500, -5.630000, 16.780001, -6.770000, 3.584445, -3.877778, -8.236667, -3.700000, -8.760000, 2.390000, 234.187500, -6.187500, -1.937500
4301, 9.760000, 9.330000, -39.810001, 1.373333, -6.186666, 1.784444, -0.480000, 0.480000, 9.780000, 233.312500, -2.812500, -2.750000, 0.480000, 28.400000, -7.740000, 3.657778, -2.608889, -5.026667, -2.530000, -8.910000, 3.210000, 232.187500, -1.125000, -2.937500
4321, 11.700000, 0.360000, -36.630001, -0.964444, -0.002222, 2.527778, -0.180000, 0.420000, 9.790000, 229.375000, -2.687500, -1.625000, 7.830000, 24.370001, -10.090000, 0.466667, -1.227778, 0.263333, -2.460000, -8.662500, 3.430000, 229.375000, -2.687500, -1.625000
4342, 2.340000, -7.120000, -15.950000, -1.646667, 5.422222, 2.308889, -0.960000, 0.140000, 9.750000, 228.000000, -5.562500, -0.812500, 2.680000, 9.280000, -7.900000, -1.995556, -0.148889, 4.487778, -2.830000, -8.800000, 3.260000, 226.875000, -8.875000, -0.500000
4362, -5.470000, -5.270000, 1.310000, -0.162222, 6.437778, 2.257778, -2.100000, 0.110000, 9.570000, 224.187500, -15.750000, -1.000000, -3.190000, -1.870000, -2.710000, -1.912222, -0.544444, 5.803333, -4.180000, -8.390000, 2.860000, 224.187500, -15.750000, -1.000000
4380, -9.750000, -20.080000, 28.990000, 0.007778, 3.733333, 2.193333, -2.990000, 0.220000, 9.330000, 222.312500, -17.937500, -1.687500, 2.860000, -19.920000, -8.990000, -1.206667, -0.846667, 5.240000, -4.570000, -8.200000, 2.800000, 222.312500, -17.937500, -1.687500
4401, -6.600000, -26.379999, 15.800000, 0.171111, -2.074445, -0.191111, -2.830000, 0.290000, 9.380000, 222.437500, -16.812500, -1.750000, 3.370000, -27.680000, -14.810000, -0.413333, -0.432222, 1.483333, -4.940000, -8.000000, 2.760000, 223.500000, -15.062500, -1.562500
4421, -4.530000, -26.690001, 4.340000, 0.327778, -3.282222, -3.385556, -2.260000, 0.220000, 9.530000, 228.125000, -11.750000, -1.062500, -1.830000, -17.020000, -19.250000, 0.923333, 0.768889, -3.714444, -4.210000, -8.370000, 2.860000, 228.125000, -11.750000, -1.062500
4442, 1.520000, -20.340000, -19.549999, 1.267778, -2.227778, -6.116667, -1.800000, 0.180000, 9.630000, 231.500000, -10.562500, -1.062500, -3.070000, -6.630000, -21.750000, 2.517778, 3.951111, -6.272222, -3.810000, -8.540000, 2.910000, 235.562500, -10.750000, -1.375000
4460, 2.910000, -3.420000, -32.250000, 2.177778, 3.654444, -8.186666, -2.180000, 0.280000, 9.550000, 244.687500, -16.500000, -1.500000, -4.880000, 15.250000, -9.890000, 4.453333, 7.376300, -5.332222, -3.160000, -8.700000, 3.200000, 244.687500, -16.500000, -1.500000
4481, -10.250000, 9.110000, -3.620000, 1.636667, 7.003334, -7.945556, -3.420000, 0.150000, 9.180000, 253.312500, -24.187500, 0.000000, -9.110000, 19.530001, 1.300000, 2.170903, 7.483333, -2.238889, -3.210000, -8.700000, 3.160000, 253.312500, -24.187500, 0.000000
4501, -15.380000, 22.379999, -2.220000, 1.074444, 6.934444, -6.581111, -4.590000, -0.170000, 8.660000, 257.000000, -27.937500, 1.125000, -17.969999, 9.050000, 15.210000, -1.654444, 6.394444, 0.420000, -3.540000, -8.750000, 2.630000, 259.812500, -31.562500, 2.375000
4522, -25.400000, 30.570000, 31.040001, -0.532222, 5.147778, -2.695555, -5.530000, -0.520000, 8.080000, 261.375000, -34.500000, 4.375000, -22.680000, -11.690000, 28.860001, -4.584445, 4.246666, 0.992222, -3.980000, -8.682500, 1.200000, 261.375000, -34.500000, 4.375000
4542, -21.290001, 20.040001, 27.660000, -0.321111, -5.208889, 1.723333, -5.160000, -0.550000, 8.310000, 260.312500, -31.750000, 3.812500, -20.080000, -9.780000, 31.260000, -1.423333, 0.485556, -0.481111, -3.940000, -8.910000, 1.060000, 258.125000, -27.125000, 2.750000
4561, -15.170000, 2.120000, 11.110000, -0.241111, -10.407778, 4.798889, -3.610000, -0.260000, 9.110000, 252.687500, -15.687500, 0.437500, -10.990000, -6.330000, 13.480000, 2.050000, -4.255556, -0.536667, -3.630000, -8.890000, 1.940000, 252.687500, -15.687500, 0.437500
4581, -7.190000, -7.170000, 1.700000, 1.168889, -10.868889, 4.086667, -1.660000, 0.110000, 9.660000, 249.062500, -3.937500, -1.812500, -4.100000, -10.130000, 0.720000, 2.392222, -6.397778, -0.937778, -3.420000, -8.880000, 2.360000, 249.062500, -3.937500, -1.812500
4602, -6.000000, -2.880000, -1.330000, 2.251111, -10.281111, 2.353333, 0.290000, 0.530000, 9.780000, 247.875000, 1.687500, -3.062500, 2.830000, -8.780000, -13.280000, 1.445556, -6.253334, -3.514444, -2.600000, -8.960000, 3.000000, 246.875000, 7.000000, -4.187500
4622, -1.690000, -4.060000, -13.820000, 1.880000, -8.605556, 2.106667, 2.000000, 0.860000, 9.560000, 244.750000, 15.687500, -5.625000, 0.820000, -1.660000, -10.390000, 1.638889, -3.502222, -5.817778, -0.810000, -9.060000, 3.640000, 244.750000, 15.687500, -5.625000
4643, 2.310000, -8.300000, -18.070000, 0.883333, -5.828889, 2.003333, 3.190000, 0.950000, 9.220000, 243.750000, 19.000000, -5.875000, 1.280000, 13.210000, -8.010000, 2.884444, -2.431111, -5.876300, -0.210000, -8.990000, 3.900000, 242.937500, 21.812500, -6.062500
4661, 10.580000, -11.860000, -41.400002, 0.626667, -3.622222, 1.075556, 3.960000, 0.980000, 8.910000, 242.187500, 24.375000, -6.437500, 5.850000, 22.200001, -15.690000, 3.522222, -1.891111, -3.135556, 0.720000, -8.520000, 4.780000, 242.187500, 24.375000, -6.437500
4682, 8.480000, -4.820000, -47.759998, 0.138889, 3.192222, -0.626667, 3.770000, 1.040000, 8.990000, 242.937500, 18.812500, -6.250000, 11.060000, 32.209999, -26.370001, 2.840000, 2.266667, 1.876667, 0.460000, -8.400000, 5.020000, 242.937500, 18.812500, -6.250000
4702, -5.070000, 1.870000, -39.750000, -1.620000, 9.097777, -1.164444, 2.340000, 0.900000, 9.470000, 243.437500, 13.812500, -5.437500, -5.620000, 18.070000, -13.610000, -2.137778, 6.540000, 5.980000, -0.930000, -8.460000, 4.850000, 243.875000, 7.437500, -3.812500
4720, -14.500000, -6.120000, -38.910000, -4.331111, 14.501111, -0.973333, -0.060000, 0.250000, 9.800000, 244.812500, -9.562500, 1.125000, -10.340000, 11.460000, -5.050000, -5.617778, 6.404444, 6.970000, -3.370000, -8.630000, 3.190000, 244.812500, -9.562500, 1.125000
4741, -30.280001, -3.220000, -10.040000, -4.401111, 18.168888, -1.106667, -3.250000, -0.610000, 9.220000, 245.312500, -19.375000, 3.812500, -16.900000, 6.480000, 0.230000, -6.221111, 3.482222, 8.324445, -4.150000, -8.500000, 2.550000, 245.625000, -29.187500, 6.125000
4761, -32.000000, 7.850000, 7.990000, -2.097778, 17.065556, 0.370000, -6.090000, -1.050000, 7.610000, 244.812500, -46.687500, 9.312500, -19.910000, -9.530000, 8.290000, -5.887778, 1.428889, 9.845555, -6.390000, -7.360000, 1.040000, 244.812500, -46.687500, 9.312500
4782, -31.049999, -5.850000, 32.730000, -2.142222, 12.656667, 2.594445, -7.900000, -1.030000, 5.710000, 241.687500, -58.625000, 10.000000, -14.870000, -26.570000, 13.220000, -3.425555, 0.045556, 7.671111, -6.910000, -6.900000, 0.810000, 241.687500, -58.625000, 10.000000
4800, -30.129999, -5.050000, 34.299999, -0.253333, 2.480000, 2.446667, -8.500000, -0.700000, 4.820000, 240.375000, -60.187500, 8.312500, -9.460000, -32.790001, 6.400000, -0.592222, -1.588889, 3.221111, -7.460000, -6.300000, 0.810000, 239.062500, -58.125000, 5.750000
4821, -25.959999, -10.520000, 31.350000, -0.283333, -8.078889, 2.162222, -7.920000, -0.360000, 5.760000, 236.562500, -48.125000, 2.250000, -7.190000, -23.600000, -4.140000, 1.094444, -2.050000, -2.561111, -7.280000, -6.450000, 1.190000, 236.562500, -48.125000, 2.250000
4841, -22.389999, -12.190000, 13.960000, 0.212222, -12.148889, 0.963333, -6.510000, -0.180000, 7.330000, 236.000000, -41.562500, 1.437500, -8.530000, -13.880000, -1.540000, 1.818889, -1.278889, -6.094444, -6.550000, -7.110000, 1.600000, 235.937500, -34.312500, 0.625000
4862, -19.440001, -7.260000, 2.420000, 1.368889, -14.105556, 0.094444, -4.400000, 0.010000, 8.760000, 236.250000, -18.937500, -0.937500, -10.400000, -10.440000, -0.090000, 2.164236, -2.004444, -7.522222, -5.460000, -7.860000, 2.090000, 236.250000, -18.937500, -0.937500
4882, -12.610000, -11.240000, -11.360000, 2.067778, -13.880000, -0.245556, -1.930000, 0.330000, 9.600000, 237.312500, -4.375000, -3.250000, -8.890000, -2.090000, -5.170000, 2.914444, -3.486667, -8.484445, -4.020000, -8.490000, 2.800000, 237.312500, -4.375000, -3.250000
4901, -8.100000, -9.650000, -17.160000, 2.706667, -11.524445, -1.336667, 0.310000, 0.800000, 9.760000, 238.250000, 1.812500, -4.687500, -6.780000, 3.880000, -8.640000, 4.224444, -3.426667, -8.452222, -2.400000, -8.770000, 3.660000, 239.437500, 7.125000, -6.312500
4921, 0.100000, -9.240000, -24.410000, 2.723333, -8.421111, -2.063150, 1.960000, 1.350000, 9.510000, 242.187500, 15.062500, -10.000000, -0.410000, 12.780000, -16.459999, 5.431111, -2.546667, -6.978889, -0.940000, -8.600000, 4.600000, 242.187500, 15.062500, -10.000000
4942, 1.580000, -6.510000, -27.950001, 2.886667, -5.735556, -3.033333, 2.990000, 1.980000, 9.120000, 243.875000, 17.750000, -12.250000, 3.790000, 22.030001, -18.580000, 5.838889, 0.490000, -4.816667, -0.060000, -8.090000, 5.530000, 245.812500, 19.625000, -14.562500
4962, 4.270000, 9.570000, -37.630001, 1.804444, -2.063150, -3.052222, 3.400000, 2.580000, 8.632500, 248.625000, 19.437500, -16.812500, 2.530000, 28.350000, -14.470000, 3.428889, 3.291111, -0.391111, -0.080000, -7.600000, 6.190000, 248.625000, 19.437500, -16.812500
4983, -0.180000, 5.990000, -29.770000, -1.055556, 3.323333, -2.052222, 2.930000, 2.640000, 8.970000, 250.312500, 14.500000, -15.375000, -0.370000, 18.750000, -9.850000, -0.993333, 5.958889, 2.173333, -1.000000, -7.590000, 6.120000, 250.312500, 14.500000, -15.375000
5001, -3.450000, -0.590000, -30.450001, -2.718889, 6.834445, -1.645555, 1.810000, 2.310000, 9.350000, 250.937500, 10.687500, -13.875000, -3.830000, 12.510000, -8.430000, -3.571111, 6.313334, 3.386667, -2.140000, -7.830000, 5.500000, 251.375000, 5.687500, -12.125000
5022, -7.860000, -4.470000, -27.930000, -3.657778, 11.381111, -1.585556, -0.090000, 1.720000, 9.650000, 251.937500, -7.687500, -7.937500, -5.160000, 9.460000, -6.640000, -4.467778, 5.748889, 4.566667, -3.360000, -8.010000, 4.530000, 251.937500, -7.687500, -7.937500
5042, -15.590000, -9.960000, -12.230000, -3.456667, 13.944445, -1.800000, -2.590000, 1.000000, 9.400000, 252.250000, -15.312500, -6.062500, -7.170000, 1.580000, -4.800000, -4.232222, 5.192222, 6.411111, -4.660000, -7.890000, 3.460000, 252.625000, -23.125000, -4.687500
5060, -17.480000, -6.950000, -2.980000, -1.684444, 14.405556, -1.474444, -5.050000, 0.540000, 8.380000, 253.250000, -38.687500, -2.687500, -6.460000, -9.070000, -2.510000, -3.302222, 3.597778, 7.297778, -5.940000, -7.370000, 2.540000, 253.250000, -38.687500, -2.687500
5083, -20.660000, -19.820000, 12.250000, -0.975556, 13.407778, -1.680000, -7.050000, 0.190000, 6.800000, 255.062500, -52.562500, -0.062500, -2.890000, -15.910000, -6.840000, -1.923333, 2.427778, 6.471111, -6.950000, -6.640000, 1.910000, 255.062500, -52.562500, -0.062500
5101, -30.110001, -5.880000, 33.720001, 1.025556, 8.217778, -3.242222, -8.220000, -0.170000, 5.330000, 257.187500, -57.000000, 1.875000, -4.470000, -26.799999, -4.360000, -0.295556, 3.007778, 4.141111, -7.630000, -5.980000, 1.430000, 259.437500, -58.000000, 3.875000
5122, -28.559999, -6.950000, 33.639999, 1.930000, -3.705555, -2.761111, -8.120000, -0.460000, 5.470000, 263.375000, -51.937500, 4.875000, -16.920000, -33.200001, 11.280000, 0.924444, 4.326667, -0.622222, -7.800000, -5.860000, 0.900000, 263.375000, -51.937500, 4.875000
5142, -26.799999, -4.640000, 22.990000, 3.512222, -8.692223, -2.265556, -7.190000, -0.460000, 6.640000, 265.312500, -47.125000, 3.937500, -24.379999, -25.219999, 13.810000, 4.130000, 2.020000, -6.595556, -7.240000, -6.550000, 0.860000, 267.375000, -41.500000, 2.437500
5161, -26.170000, 8.270000, 8.680000, 4.676667, -11.944445, -1.902222, -5.620000, -0.080000, 8.020000, 270.437500, -27.875000, -1.250000, -21.240000, 16.129999, -1.680000, 6.425556, -3.096667, -9.308888, -5.980000, -7.520000, 1.920000, 270.437500, -27.875000, -1.250000
5181, -15.340000, 18.200001, -11.850000, 2.597778, -13.343333, 0.132222, -3.460000, 0.410000, 9.160000, 270.500000, -13.687500, -3.375000, -14.760000, 12.950000, 2.300000, 5.601111, -1.982222, -6.790000, -4.710000, -8.020000, 3.080000, 270.500000, -13.687500, -3.375000
5202, -7.400000, 17.240000, -19.930000, 0.821111, -11.833333, 1.493333, -1.230000, 0.660000, 9.700000, 269.937500, -7.187500, -3.875000, -7.850000, 17.030001, 5.760000, 3.997778, -1.576667, -4.782222, -3.820000, -8.150000, 3.880000, 269.125000, -1.687500, -4.250000
5222, 0.980000, 10.240000, -19.540001, 0.246667, -7.565556, 2.295556, 0.420000, 0.750000, 9.760000, 266.875000, 5.500000, -4.375000, -6.040000, 13.140000, 6.740000, 1.672222, -2.164236, -2.873333, -3.130000, -8.200000, 4.360000, 266.875000, 5.500000, -4.375000
5243, 0.990000, 11.170000, -12.350000, 0.322222, -4.040000, 2.305556, 1.330000, 0.750000, 9.680000, 265.687500, 7.812500, -4.437500, -2.960000, 10.300000, 4.630000, 0.666667, -3.011111, -1.606667, -2.600000, -8.220000, 4.650000, 264.250000, 9.625000, -4.500000
5261, 0.940000, 5.870000, -8.780000, 0.558889, -2.522222, 3.156667, 1.890000, 0.760000, 9.590000, 260.687500, 12.437500, -4.250000, 0.310000, 8.040000, 0.640000, -0.200000, -4.100000, -0.737778, -2.110000, -8.270000, 4.820000, 260.687500, 12.437500, -4.250000
5282, 1.640000, -9.520000, -8.720000, -0.234444, -1.844444, 3.120000, 2.300000, 0.620000, 9.510000, 257.875000, 14.375000, -3.312500, 5.490000, 2.290000, -8.920000, -0.506667, -4.056667, -0.055556, -1.680000, -8.320000, 4.900000, 257.875000, 14.375000, -3.312500
5302, 1.050000, -4.220000, -5.690000, -0.047778, -0.942222, 1.754444, 2.530000, 0.510000, 9.450000, 256.937500, 15.000000, -3.062500, 3.690000, 0.820000, -7.030000, -0.415556, -2.082222, -0.100000, -1.430000, -8.360000, 4.900000, 256.062500, 15.375000, -2.812500
5321, 1.620000, -8.510000, -6.840000, 0.055556, -0.336667, 1.358889, 2.630000, 0.440000, 9.430000, 254.812500, 15.625000, -2.562500, 3.430000, 1.340000, -6.660000, -0.197778, -0.932222, -0.095556, -1.310000, -8.390000, 4.900000, 254.812500, 15.625000, -2.562500
5343, 0.980000, -7.070000, -4.440000, 0.038889, 0.147778, 0.676667, 2.630000, 0.410000, 9.430000, 254.437500, 15.562500, -2.500000, 2.870000, -1.000000, -6.400000, -0.187778, -0.390000, 0.331111, -1.290000, -8.400000, 4.880000, 254.187500, 15.375000, -2.437500
5361, -0.030000, -5.830000, -1.760000, 0.062222, 0.412222, 0.251111, 2.570000, 0.400000, 9.450000, 253.937500, 15.000000, -2.437500, 1.190000, -2.110000, -4.140000, -0.055556, 0.033712, 0.388889, -1.350000, -8.400000, 4.860000, 253.937500, 15.000000, -2.437500
5382, -0.180000, -4.620000, -0.760000, 0.197778, 0.186667, 0.015556, 2.520000, 0.420000, 9.460000, 253.937500, 14.812500, -2.687500, 0.850000, -1.420000, -3.190000, 0.230000, -0.013333, 0.134848, -1.390000, -8.380000, 4.890000, 253.937500, 14.812500, -2.687500
5400, 0.270000, -1.770000, -1.190000, 0.223333, 0.214444, -0.245556, 2.480000, 0.470000, 9.470000, 254.062500, 14.687500, -2.875000, 0.750000, 0.740000, -2.730000, 0.403333, 0.048889, -0.027778, -1.390000, -8.340000, 4.950000, 254.250000, 14.562500, -3.000000
5421, 0.260000, -1.010000, -1.330000, 0.124444, 0.177778, -0.347778, 2.450000, 0.510000, 9.480000, 254.625000, 14.312500, -3.187500, -0.390000, 0.530000, -1.250000, 0.235556, 0.197778, 0.115556, -1.420000, -8.320000, 4.990000, 254.625000, 14.312500, -3.187500
5441, 0.090000, 0.030000, -0.630000, 0.124444, 0.265556, -0.402222, 2.400000, 0.550000, 9.490000, 254.812500, 14.187500, -3.312500, -1.000000, 0.940000, 0.010000, 0.207778, 0.310000, 0.156667, -1.470000, -8.290000, 5.010000, 255.000000, 14.000000, -3.500000
5462, -0.190000, 1.800000, 0.050000, 0.243333, 0.267778, -0.433333, 2.340000, 0.610000, 9.500000, 255.437500, 13.687500, -3.875000, -2.120000, 0.790000, 1.560000, 0.290000, 0.398889, 0.222222, -1.540000, -8.260000, 5.040000, 255.437500, 13.687500, -3.875000
5482, -0.320000, 2.750000, 0.480000, 0.298889, 0.223333, -0.292222, 2.300000, 0.680000, 9.500000, 255.625000, 13.437500, -4.250000, -1.420000, 0.960000, 1.180000, 0.254444, 0.111111, 0.185556, -1.590000, -8.230000, 5.080000, 255.625000, 13.437500, -4.250000
5501, -0.210000, 2.880000, 0.480000, 0.151111, 0.097778, -0.094444, 2.270000, 0.720000, 9.510000, 255.687500, 13.375000, -4.312500, -1.020000, 0.640000, 0.510000, 0.093333, -0.053333, 0.056667, -1.600000, -8.210000, 5.100000, 255.687500, 13.375000, -4.312500
5521, 0.640000, 1.920000, -0.700000, -0.118889, 0.100000, 0.014444, 2.260000, 0.710000, 9.510000, 255.687500, 13.187500, -4.125000, -0.850000, 0.350000, 0.440000, -0.116667, -0.007778, -0.062222, -1.590000, -8.220000, 5.090000, 255.687500, 13.187500, -4.125000
5542, 0.620000, 0.080000, 0.730000, -0.265556, 0.135556, 0.092222, 2.230000, 0.660000, 9.520000, 255.625000, 13.125000, -3.937500, -0.620000, -0.060000, 0.350000, -0.240000, -0.023333, 0.005556, -1.590000, -8.240000, 5.060000, 255.625000, 13.125000, -3.812500
5562, 0.770000, -1.520000, 0.980000, -0.144444, 0.064444, 0.032222, 2.220000, 0.630000, 9.530000, 255.625000, 13.062500, -3.750000, -0.440000, -1.610000, -0.430000, -0.098889, 0.014444, 0.045556, -1.590000, -8.260000, 5.030000, 255.625000, 13.062500, -3.750000
5581, 0.760000, -1.170000, 0.910000, 0.102222, 0.017778, -0.076667, 2.163125, 0.630000, 9.530000, 255.687500, 13.000000, -3.937500, -0.500000, -1.200000, -0.200000, 0.122222, 0.016667, 0.076667, -1.610000, -8.250000, 5.040000, 255.687500, 13.000000, -3.937500
5601, 0.140000, -0.380000, 1.500000, 0.241111, 0.023333, -0.100000, 2.163125, 0.680000, 9.530000, 255.687500, 13.000000, -4.062500, -0.550000, -0.840000, -0.220000, 0.263333, -0.086667, 0.084444, -1.610000, -8.220000, 5.080000, 255.750000, 13.000000, -4.250000
5622, 0.300000, 0.380000, 0.400000, 0.223333, -0.162222, -0.022222, 2.230000, 0.720000, 9.520000, 255.750000, 13.187500, -4.437500, -0.090000, -0.040000, -0.620000, 0.205556, -0.188889, -0.057778, -1.600000, -8.200000, 5.120000, 255.750000, 13.187500, -4.437500
5642, 0.710000, 0.620000, -0.510000, 0.128889, -0.143333, -0.050000, 2.250000, 0.750000, 9.510000, 255.750000, 13.250000, -4.500000, -0.070000, 0.410000, -0.680000, 0.160000, -0.136667, -0.121111, -1.560000, -8.190000, 5.150000, 255.812500, 13.312500, -4.562500
5660, 0.800000, 0.450000, -0.940000, -0.013333, -0.062222, -0.037778, 2.270000, 0.760000, 9.500000, 255.812500, 13.375000, -4.500000, -0.170000, 0.570000, -0.580000, 0.014444, -0.064444, -0.103333, -1.540000, -8.180000, 5.160000, 255.812500, 13.375000, -4.500000
5681, 0.870000, 0.200000, -1.620000, -0.043333, 0.072222, -0.032222, 2.260000, 0.750000, 9.510000, 255.875000, 13.250000, -4.500000, -0.440000, 0.130000, -0.530000, 0.003333, 0.037778, 0.014444, -1.530000, -8.190000, 5.160000, 255.875000, 13.250000, -4.500000
5701, 0.270000, 0.480000, 0.190000, -0.020000, 0.215556, -0.002222, 2.220000, 0.750000, 9.520000, 255.875000, 13.125000, -4.500000, -0.710000, 0.530000, 0.370000, 0.018889, 0.035556, 0.027778, -1.540000, -8.180000, 5.160000, 255.812500, 13.000000, -4.437500
5722, 0.150000, 0.290000, 0.390000, -0.025556, 0.095556, 0.047778, 2.200000, 0.740000, 9.520000, 255.750000, 13.000000, -4.437500, -0.820000, 0.110000, 0.180000, 0.006667, -0.025556, 0.053333, -1.550000, -8.180000, 5.170000, 255.750000, 13.000000, -4.437500
5740, 0.100000, 0.820000, 0.110000, 0.011111, -0.113333, 0.103333, 2.163125, 0.740000, 9.520000, 255.750000, 13.062500, -4.437500, -1.080000, -0.130000, 0.280000, 0.015556, -0.103333, 0.025556, -1.550000, -8.180000, 5.170000, 255.437500, 13.125000, -4.375000
5761, 0.510000, 0.000000, -0.700000, -0.027778, -0.146667, 0.200000, 2.240000, 0.730000, 9.510000, 255.375000, 13.250000, -4.375000, -0.220000, 0.100000, -0.560000, 0.033333, -0.230000, -0.018889, -1.530000, -8.180000, 5.180000, 255.250000, 13.250000, -4.312500
5781, 0.820000, 0.420000, -0.870000, 0.036667, 0.004444, 0.106667, 2.250000, 0.720000, 9.510000, 255.125000, 13.250000, -4.312500, -0.140000, 0.250000, -0.500000, 0.033333, -0.185556, -0.017778, -1.500000, -8.170000, 5.190000, 255.125000, 13.250000, -4.312500
5802, 0.700000, -0.380000, -0.690000, -0.047778, 0.134444, 0.087778, 2.240000, 0.710000, 9.510000, 254.937500, 13.187500, -4.312500, -0.260000, 0.480000, -0.550000, 0.008889, -0.067778, 0.000000, -1.490000, -8.170000, 5.200000, 254.875000, 13.125000, -4.250000
5820, 0.310000, 0.050000, 0.110000, -0.016667, 0.067778, 0.050000, 2.220000, 0.710000, 9.520000, 254.812500, 13.062500, -4.250000, -0.890000, -0.250000, 0.220000, -0.010000, -0.030000, 0.062222, -1.500000, -8.170000, 5.200000, 254.812500, 13.062500, -4.250000
5841, 0.390000, -0.090000, 0.000000, 0.070000, 0.000000, 0.050000, 2.220000, 0.710000, 9.520000, 254.812500, 13.062500, -4.250000, -0.660000, 0.160000, 0.120000, 0.041111, -0.148889, 0.040000, -1.490000, -8.170000, 5.200000, 254.687500, 13.062500, -4.312500
5861, 0.730000, -0.040000, -0.720000, 0.104444, -0.023333, 0.033712, 2.220000, 0.730000, 9.520000, 254.687500, 13.125000, -4.375000, 0.090000, 0.390000, -0.790000, 0.012222, -0.228889, 0.048889, -1.480000, -8.160000, 5.210000, 254.687500, 13.125000, -4.437500
5882, 0.710000, 0.200000, -0.930000, -0.041111, 0.055556, 0.015556, 2.220000, 0.730000, 9.520000, 254.625000, 13.062500, -4.312500, -0.070000, 0.310000, -0.800000, -0.105556, -0.142222, 0.040000, -1.470000, -8.170000, 5.210000, 254.625000, 13.062500, -4.312500
5902, 0.370000, -0.180000, -0.190000, -0.105556, -0.011111, 0.044444, 2.163125, 0.710000, 9.520000, 254.500000, 13.062500, -4.250000, -0.320000, -0.060000, -0.620000, -0.113333, -0.027778, 0.042222, -1.470000, -8.180000, 5.190000, 254.500000, 13.062500, -4.250000
5921, 0.700000, -0.240000, -0.850000, -0.052222, 0.024444, 0.058889, 2.163125, 0.700000, 9.520000, 254.437500, 13.000000, -4.187500, -0.320000, 0.030000, -0.370000, -0.027778, -0.036667, 0.040000, -1.470000, -8.180000, 5.180000, 254.437500, 13.000000, -4.187500
5941, 0.800000, -0.450000, -0.790000, 0.011111, 0.113333, 0.037778, 2.200000, 0.690000, 9.530000, 254.437500, 12.937500, -4.187500, -0.170000, -0.170000, -0.480000, 0.023333, -0.044444, 0.077778, -1.480000, -8.180000, 5.190000, 254.250000, 12.875000, -4.187500
5962, 0.490000, -0.310000, 0.040000, 0.002222, 0.164444, -0.033333, 2.170000, 0.700000, 9.530000, 254.250000, 12.750000, -4.187500, -0.290000, -0.030000, -0.620000, -0.024444, 0.047778, 0.093333, -1.500000, -8.180000, 5.180000, 254.312500, 12.687500, -4.187500
5982, 0.210000, 0.090000, 0.360000, -0.035556, 0.058889, -0.068889, 2.150000, 0.700000, 9.540000, 254.375000, 12.687500, -4.187500, -0.720000, -0.210000, 0.000000, -0.053333, 0.088889, 0.030000, -1.510000, -8.180000, 5.170000, 254.375000, 12.687500, -4.187500
6000, 0.550000, 0.080000, -0.330000, -0.007778, -0.004444, -0.045556, 2.150000, 0.700000, 9.540000, 254.250000, 12.687500, -4.187500, -0.730000, -0.160000, -0.090000, -0.037778, 0.062222, 0.017778, -1.520000, -8.180000, 5.170000, 254.250000, 12.625000, -4.187500
6021, 0.370000, 0.090000, 0.320000, 0.066667, 0.047778, -0.007778, 2.140000, 0.700000, 9.540000, 254.250000, 12.625000, -4.187500, -0.820000, -0.420000, 0.080000, 0.070000, 0.017778, 0.108889, -1.540000, -8.170000, 5.180000, 254.250000, 12.750000, -4.312500
6041, 0.420000, 0.260000, 0.330000, 0.112222, 0.050000, 0.000000, 2.160000, 0.730000, 9.530000, 254.250000, 12.687500, -4.375000, -0.800000, -0.470000, 0.090000, 0.082222, -0.011111, 0.114444, -1.550000, -8.160000, 5.190000, 254.000000, 12.687500, -4.437500
6062, 0.430000, 0.260000, 0.290000, 0.072222, 0.031111, -0.011111, 2.150000, 0.740000, 9.530000, 254.000000, 12.625000, -4.437500, -0.260000, -0.300000, -0.450000, 0.021111, -0.014444, 0.001111, -1.590000, -8.160000, 5.180000, 254.000000, 12.625000, -4.437500
6080, 0.510000, 0.330000, 0.110000, -0.071111, 0.033333, -0.026667, 2.170000, 0.760000, 9.530000, 254.062500, 12.812500, -4.500000, -0.740000, -0.250000, 0.260000, -0.056667, 0.064444, -0.066667, -1.590000, -8.170000, 5.180000, 254.062500, 12.812500, -4.500000
6101, 0.560000, -0.140000, 0.100000, -0.108889, 0.061111, -0.007778, 2.160000, 0.740000, 9.530000, 254.062500, 12.750000, -4.437500, -0.840000, -0.300000, 0.280000, -0.070000, 0.027778, -0.033333, -1.580000, -8.180000, 5.160000, 254.062500, 12.687500, -4.375000
6121, 0.390000, 0.060000, 0.130000, 0.004444, 0.076667, 0.008889, 2.150000, 0.730000, 9.530000, 254.000000, 12.625000, -4.437500, -0.970000, -0.450000, 0.610000, 0.027778, -0.071111, 0.002222, -1.580000, -8.180000, 5.160000, 254.000000, 12.625000, -4.437500
6142, 0.290000, 0.230000, 0.340000, 0.063333, 0.080000, 0.071111, 2.140000, 0.740000, 9.540000, 254.000000, 12.562500, -4.437500, -0.800000, -0.360000, 0.250000, 0.065556, -0.194444, -0.014444, -1.550000, -8.170000, 5.180000, 253.875000, 12.562500, -4.437500
6162, 0.440000, 0.100000, 0.090000, 0.054444, 0.035556, 0.135556, 2.130000, 0.750000, 9.540000, 253.812500, 12.562500, -4.500000, -0.040000, 0.250000, -0.520000, 0.041111, -0.234444, -0.055556, -1.520000, -8.170000, 5.200000, 253.750000, 12.562500, -4.437500
6181, 0.690000, 0.060000, -0.530000, -0.040000, 0.003333, 0.063333, 2.130000, 0.740000, 9.540000, 253.687500, 12.562500, -4.375000, -0.260000, 0.430000, -0.100000, -0.044444, -0.113333, -0.102222, -1.490000, -8.170000, 5.200000, 253.687500, 12.562500, -4.375000
6201, 0.640000, 0.070000, -0.320000, -0.105556, -0.030000, 0.070000, 2.130000, 0.720000, 9.540000, 253.562500, 12.562500, -4.312500, -0.380000, 0.220000, 0.130000, -0.073333, -0.054444, -0.073333, -1.470000, -8.180000, 5.190000, 253.562500, 12.562500, -4.250000
6222, 0.570000, 0.000000, -0.450000, -0.064444, -0.021111, 0.067778, 2.140000, 0.700000, 9.540000, 253.500000, 12.625000, -4.187500, -0.500000, 0.460000, 0.040000, -0.026667, -0.088889, -0.016667, -1.460000, -8.190000, 5.180000, 253.500000, 12.625000, -4.187500
6242, 0.690000, 0.410000, -0.610000, 0.030000, 0.047778, 0.058889, 2.140000, 0.700000, 9.540000, 253.437500, 12.562500, -4.187500, -0.460000, 0.460000, 0.100000, 0.017778, -0.087778, 0.001111, -1.450000, -8.180000, 5.190000, 253.250000, 12.562500, -4.250000
6261, 0.410000, 0.440000, -0.020000, 0.020000, 0.095556, 0.070000, 2.120000, 0.710000, 9.540000, 253.250000, 12.500000, -4.250000, -0.320000, 0.070000, -0.250000, -0.017778, -0.084444, 0.081111, -1.490000, -8.180000, 5.190000, 253.187500, 12.437500, -4.187500
6281, 0.240000, 0.170000, 0.200000, -0.028889, 0.001111, 0.092222, 2.120000, 0.700000, 9.540000, 253.062500, 12.500000, -4.125000, -0.380000, -0.140000, -0.190000, -0.058889, -0.087778, 0.032222, -1.490000, -8.180000, 5.180000, 253.062500, 12.500000, -4.125000
6302, 0.580000, -0.010000, -0.350000, -0.055556, -0.024444, 0.090000, 2.120000, 0.690000, 9.540000, 253.000000, 12.500000, -4.125000, -0.240000, 0.130000, -0.370000, -0.066667, -0.085556, -0.013333, -1.480000, -8.190000, 5.180000, 252.937500, 12.500000, -4.062500
6322, 0.630000, -0.270000, -0.440000, -0.074444, 0.024444, 0.075556, 2.120000, 0.670000, 9.540000, 252.875000, 12.500000, -4.000000, -0.360000, -0.230000, -0.220000, -0.066667, -0.026667, -0.002222, -1.490000, -8.200000, 5.150000, 252.875000, 12.500000, -4.000000
6340, 0.490000, -0.100000, -0.040000, -0.028889, 0.007778, 0.074444, 2.120000, 0.660000, 9.550000, 252.812500, 12.500000, -3.937500, -0.430000, -0.160000, -0.060000, -0.040000, -0.024444, 0.002222, -1.510000, -8.210000, 5.140000, 252.562500, 12.500000, -3.937500
