0, 0.220000, -0.420000, -0.270000, -0.033712, -0.071111, -0.134444, 3.770000, -1.290000, 8.950000, 240.000000, 22.625000, 8.187500, 0.300000, -0.170000, -0.410000, 0.100000, 0.096667, -0.136667, -0.060000, -9.330000, 2.980000, 240.000000, 22.625000, 8.187500
21, 0.170000, -0.660000, -0.130000, -0.012222, -0.045556, -0.207778, 3.790000, -1.280000, 8.950000, 240.187500, 22.687500, 8.125000, 0.190000, 0.170000, -0.460000, 0.128889, 0.140000, -0.161111, -0.040000, -9.330000, 3.010000, 240.187500, 22.687500, 8.125000
41, 0.360000, -0.570000, -0.310000, 0.020000, -0.024444, -0.227778, 3.790000, -1.250000, 8.950000, 239.937500, 22.750000, 8.000000, 0.050000, 0.210000, 0.000000, 0.186667, 0.181111, -0.074444, -0.030000, -9.320000, 3.040000, 239.937500, 22.750000, 8.000000
60, 0.320000, -0.040000, -0.460000, 0.147778, 0.061111, -0.231111, 3.790000, -1.210000, 8.950000, 240.187500, 22.750000, 7.750000, -0.060000, 0.240000, -0.030000, 0.253333, 0.155556, 0.033712, -0.040000, -9.300000, 3.080000, 240.187500, 22.750000, 7.750000
80, 0.030000, 0.550000, 0.040000, 0.161111, 0.053333, -0.231111, 3.790000, -1.170000, 8.960000, 240.000000, 22.750000, 7.437500, -0.370000, 0.280000, 0.330000, 0.200000, 0.134848, 0.060000, -0.060000, -9.290000, 3.120000, 240.000000, 22.750000, 7.437500
101, -0.180000, 1.180000, 0.440000, -0.003333, 0.005556, -0.160000, 3.790000, -1.160000, 8.960000, 240.187500, 22.750000, 7.375000, -0.730000, 0.200000, 0.900000, 0.082222, 0.164444, 0.080000, -0.080000, -9.280000, 3.140000, 240.187500, 22.750000, 7.375000
121, -0.340000, 1.770000, 0.800000, -0.086667, 0.005556, -0.052222, 3.790000, -1.160000, 8.960000, 240.312500, 22.750000, 7.375000, -1.100000, -0.130000, 1.670000, -0.021111, 0.127778, 0.054444, -0.100000, -9.280000, 3.140000, 240.312500, 22.750000, 7.375000
139, -0.420000, 1.870000, 1.220000, -0.107778, -0.020000, -0.015556, 3.800000, -1.190000, 8.960000, 240.000000, 22.812500, 7.562500, -1.000000, -0.010000, 1.620000, -0.087778, 0.003333, -0.014444, -0.110000, -9.290000, 3.120000, 240.000000, 22.812500, 7.562500
160, -0.660000, 2.440000, 1.540000, -0.223333, -0.196667, 0.143333, 3.820000, -1.230000, 8.940000, 239.875000, 22.937500, 7.812500, -1.210000, -0.020000, 1.910000, -0.182222, -0.078889, -0.122222, -0.090000, -9.300000, 3.100000, 239.875000, 22.937500, 7.812500
180, -0.580000, 2.640000, 1.320000, -0.261111, -0.261111, 0.235556, 3.870000, -1.300000, 8.910000, 239.187500, 23.250000, 8.250000, -1.090000, 0.070000, 2.050000, -0.294444, -0.232222, -0.250000, -0.040000, -9.310000, 3.050000, 239.187500, 23.250000, 8.250000
201, -0.390000, 1.960000, 1.020000, -0.322222, -0.446667, 0.433333, 3.930000, -1.380000, 8.682500, 238.812500, 23.625000, 8.625000, -0.770000, 0.230000, 1.470000, -0.376667, -0.387778, -0.366667, 0.030000, -9.330000, 2.990000, 238.812500, 23.625000, 8.625000
219, -0.360000, 2.080000, 0.560000, -0.368889, -0.523333, 0.573333, 4.000000, -1.480000, 8.632500, 238.250000, 24.062500, 9.500000, -0.660000, 0.440000, 1.190000, -0.432222, -0.485556, -0.432222, 0.140000, -9.360000, 2.910000, 238.250000, 24.062500, 9.500000
240, -0.910000, 2.040000, 1.510000, -0.378889, -0.638889, 0.650000, 4.100000, -1.600000, 8.760000, 237.125000, 24.687500, 10.375000, -0.680000, 0.570000, 0.960000, -0.541615, -0.613333, -0.505556, 0.250000, -9.380000, 2.820000, 237.125000, 24.687500, 10.375000
260, -0.140000, 0.010000, -1.200000, -0.622222, -0.783333, 1.032222, 4.200000, -1.770000, 8.670000, 236.062500, 25.375000, 11.500000, 1.510000, -0.560000, -2.630000, -0.743333, -0.823333, -0.698889, 0.410000, -9.420000, 2.690000, 236.062500, 25.375000, 11.500000
281, 0.690000, -3.350000, -2.170000, -0.731111, -0.721111, 1.060000, 4.280000, -1.970000, 8.590000, 234.625000, 25.875000, 12.937500, 3.900000, -0.360000, -5.370000, -0.568889, -0.845556, -0.925556, 0.610000, -9.440000, 2.560000, 234.625000, 25.875000, 12.937500
301, 4.220000, -14.560000, -6.520000, -0.382222, -0.547778, -0.117778, 4.370000, -2.070000, 8.520000, 234.375000, 26.437500, 13.625000, 8.750000, 0.570000, -11.560000, 0.311111, -0.333333, -0.633333, 0.770000, -9.430000, 2.570000, 234.375000, 26.437500, 13.625000
320, 6.280000, -20.809999, -12.670000, 0.377778, 0.560000, -2.651111, 4.410000, -1.870000, 8.550000, 236.562500, 26.750000, 12.312500, 8.880000, 1.150000, -13.570000, 1.161111, 0.914444, 0.212222, 0.750000, -9.380000, 2.750000, 236.562500, 26.750000, 12.312500
340, 1.570000, -11.580000, -8.570000, 0.807778, 1.200000, -3.514444, 4.270000, -1.390000, 8.710000, 240.500000, 25.812500, 9.062500, 4.360000, 0.410000, -10.640000, 1.541111, 2.548889, 1.308889, 0.440000, -9.310000, 3.030000, 240.500000, 25.812500, 9.062500
361, 0.790000, -5.050000, -14.270000, 1.143333, 4.497778, -4.351111, 3.720000, -0.850000, 9.030000, 245.125000, 22.250000, 5.375000, -2.040000, 5.070000, -3.790000, 1.832222, 3.167778, 1.804444, -0.040000, -9.210000, 3.360000, 245.125000, 22.250000, 5.375000
381, -11.420000, 4.320000, 9.820000, 0.815556, 4.634444, -4.308889, 3.090000, -0.440000, 9.290000, 249.562500, 18.375000, 2.687500, -4.320000, 7.590000, -1.440000, 1.402222, 2.947778, 2.375556, -0.630000, -9.090000, 3.620000, 249.562500, 18.375000, 2.687500
400, -10.590000, 14.370000, 4.660000, -0.007778, 2.067778, -2.235556, 2.730000, -0.250000, 9.410000, 252.437500, 16.125000, 1.500000, -14.020000, 1.880000, 12.210000, -0.027778, 3.216667, 2.013333, -1.230000, -9.030000, 3.610000, 252.437500, 16.125000, 1.500000
420, -12.920000, 20.660000, 11.460000, -0.751111, 1.236667, -0.153333, 2.450000, -0.320000, 9.480000, 253.375000, 14.437500, 1.937500, -13.920000, 0.720000, 17.840000, -1.155556, 2.357778, 0.515556, -1.560000, -9.060000, 3.380000, 253.375000, 14.437500, 1.937500
440, -9.670000, 17.670000, 9.180000, -0.895556, 0.481111, 0.838889, 2.380000, -0.540000, 9.490000, 252.062500, 14.062500, 3.250000, -12.570000, 1.270000, 17.660000, -1.128889, -0.171111, -0.711111, -1.520000, -9.150000, 3.150000, 252.062500, 14.062500, 3.250000
461, -3.450000, 11.970000, -3.080000, -0.664444, 0.407778, 2.901111, 2.290000, -0.790000, 9.500000, 249.375000, 13.500000, 4.750000, -4.670000, 8.310000, 6.130000, -0.796667, -2.364444, -0.434444, -1.300000, -9.220000, 3.060000, 249.375000, 13.500000, 4.750000
479, -1.350000, 10.990000, -7.420000, -0.504444, 0.666667, 3.422222, 2.070000, -1.050000, 9.520000, 245.437500, 12.187500, 6.250000, -1.880000, 11.180000, 1.430000, -1.104445, -3.308889, 0.528889, -1.170000, -9.270000, 2.960000, 245.437500, 12.187500, 6.250000
500, -0.820000, 9.580000, -10.260000, -1.198889, 1.915556, 4.947778, 1.650000, -1.400000, 9.560000, 240.562500, 9.687500, 8.312500, -1.000000, 12.390000, -1.870000, -2.290000, -3.341111, 1.873333, -1.250000, -9.340000, 2.690000, 240.562500, 9.687500, 8.312500
520, -1.570000, 4.770000, -9.530000, -2.040000, 2.968889, 6.171111, 0.980000, -1.880000, 9.570000, 234.562500, 5.750000, 11.125000, -0.750000, 4.310000, -5.710000, -4.055555, -3.631111, 3.602222, -1.650000, -9.420000, 2.150000, 234.562500, 5.750000, 11.125000
541, -1.420000, -12.930000, -3.420000, -2.492222, 3.477778, 6.284444, 0.110000, -2.410000, 9.500000, 228.750000, 0.625000, 14.187500, 2.300000, -2.840000, -7.850000, -4.507778, -3.380000, 5.148889, -2.390000, -9.390000, 1.470000, 228.750000, 0.625000, 14.187500
559, -1.350000, -36.750000, 12.140000, 0.287778, 2.043333, 0.033333, -0.410000, -2.520000, 9.460000, 227.500000, -2.437500, 14.875000, 6.370000, -25.430000, -15.620000, -1.946667, -1.621111, 4.032222, -3.150000, -9.220000, 1.100000, 227.500000, -2.437500, 14.875000
580, -3.920000, -17.799999, 15.160000, 1.394444, 0.666667, -1.461111, -0.340000, -2.250000, 9.530000, 229.312500, -2.000000, 13.312500, 3.150000, -20.920000, -16.840000, 0.880000, -0.057778, 0.301111, -3.360000, -9.130000, 1.180000, 229.312500, -2.000000, 13.312500
600, -3.390000, -13.560000, 8.660000, 1.496667, -2.131111, -2.197778, 0.070000, -1.970000, 9.600000, 231.312500, 0.375000, 11.625000, 0.430000, -8.060000, -9.120000, 1.070000, 1.172222, -1.141111, -3.220000, -9.160000, 1.320000, 231.312500, 0.375000, 11.625000
621, -3.360000, -12.610000, 6.070000, 1.522222, -2.755556, -2.995556, 0.650000, -1.690000, 9.630000, 234.062500, 3.812500, 9.937500, -0.430000, -9.080000, -6.980000, 1.434444, 1.445556, -1.914444, -2.960000, -9.230000, 1.460000, 234.062500, 3.812500, 9.937500
641, -2.880000, -4.500000, -2.550000, 1.631111, -2.662222, -3.252222, 1.190000, -1.330000, 9.640000, 237.312500, 7.000000, 7.812500, -1.990000, -5.430000, -5.820000, 2.006667, 1.597778, -2.377778, -2.560000, -9.290000, 1.780000, 237.312500, 7.000000, 7.812500
660, -1.990000, -1.290000, -10.100000, 1.921111, -0.355556, -3.277778, 1.430000, -0.900000, 9.650000, 240.750000, 8.375000, 5.312500, -4.010000, 10.350000, -4.710000, 4.391111, 2.677778, -2.924444, -2.120000, -9.270000, 2.370000, 240.750000, 8.375000, 5.312500
680, 5.240000, 9.080000, -34.349998, 1.850000, 1.605556, -3.116667, 0.880000, -0.520000, 9.750000, 243.937500, 5.125000, 3.062500, -2.540000, 21.490000, -5.950000, 4.814445, 5.144444, -0.991111, -2.070000, -9.080000, 3.050000, 243.937500, 5.125000, 3.062500
701, 2.230000, 14.780000, -33.580002, -0.243333, 9.808888, -1.858889, -0.690000, -0.460000, 9.770000, 246.500000, -4.062500, 2.687500, -1.950000, 30.360001, 3.980000, 1.643333, 6.496666, 2.565556, -2.750000, -8.642500, 3.230000, 246.500000, -4.062500, 2.687500
721, -6.900000, 11.090000, -21.860001, -2.116667, 12.447778, -1.041111, -2.870000, -0.810000, 9.340000, 248.062500, -17.000000, 4.937500, -4.580000, 17.719999, 5.330000, -2.891111, 3.801111, 4.962222, -3.760000, -8.660000, 2.620000, 248.062500, -17.000000, 4.937500
739, -11.090000, 4.510000, -5.990000, -2.617778, 12.407778, -0.850000, -4.890000, -1.310000, 8.390000, 249.062500, -29.937500, 8.875000, -4.110000, 5.320000, 2.380000, -3.711111, 2.956667, 5.437778, -4.790000, -8.360000, 1.770000, 249.062500, -29.937500, 8.875000
760, -15.780000, -4.950000, 16.340000, -1.463333, 7.797778, -0.842222, -6.250000, -1.670000, 7.360000, 250.125000, -39.625000, 12.812500, -4.860000, -8.630000, 1.880000, -3.297778, 1.766667, 5.604445, -5.740000, -7.870000, 1.020000, 250.125000, -39.625000, 12.812500
780, -19.379999, 0.760000, 32.020000, -1.017778, 3.784444, -0.574444, -6.500000, -1.830000, 7.100000, 250.437500, -41.500000, 14.437500, -5.930000, -19.760000, 4.390000, -1.991111, 1.428889, 2.643333, -6.270000, -7.510000, 0.520000, 250.437500, -41.500000, 14.437500
801, -15.370000, -6.130000, 26.690001, 0.312222, -4.014444, -0.367778, -6.050000, -1.850000, 7.480000, 250.375000, -38.062500, 13.875000, -8.530000, -20.600000, 7.160000, -0.666667, 0.525556, -0.720000, -6.300000, -7.500000, 0.270000, 250.375000, -38.062500, 13.875000
819, -11.990000, -5.710000, 15.840000, 1.308889, -5.755556, -0.713333, -5.220000, -1.760000, 8.100000, 250.812500, -32.125000, 12.250000, -7.980000, -14.510000, 4.020000, 0.322222, -1.072222, -3.035556, -5.920000, -7.800000, 0.370000, 250.812500, -32.125000, 12.250000
840, -11.550000, -1.710000, 13.730000, 1.643333, -6.564445, -0.657778, -4.140000, -1.560000, 8.740000, 251.375000, -25.000000, 10.125000, -6.510000, -9.150000, 1.510000, 0.623333, -1.372222, -3.654444, -5.320000, -8.210000, 0.640000, 251.375000, -25.000000, 10.125000
860, -6.200000, -2.730000, 0.080000, 1.373333, -7.504445, -0.352222, -2.850000, -1.320000, 9.280000, 251.500000, -16.875000, 8.125000, -5.000000, -6.500000, 1.030000, 1.548889, -2.014444, -4.588889, -4.580000, -8.600000, 1.040000, 251.500000, -16.875000, 8.125000
881, -1.950000, -2.450000, -7.590000, 1.103333, -6.404444, -0.274444, -1.810000, -1.160000, 9.560000, 251.500000, -10.625000, 6.937500, -2.180000, -2.470000, -4.180000, 1.767778, -2.296667, -4.707778, -3.730000, -8.940000, 1.510000, 251.500000, -10.625000, 6.937500
899, 2.300000, -12.820000, -4.960000, 1.094444, -3.551111, -1.087778, -1.000000, -1.000000, 9.700000, 252.062500, -5.812500, 5.875000, 0.580000, -1.530000, -7.220000, 2.380000, -1.717778, -4.086667, -2.930000, -9.130000, 2.010000, 252.062500, -5.812500, 5.875000
920, 4.880000, -20.090000, -6.840000, 1.734444, -3.025556, -2.036667, -0.400000, -0.700000, 9.770000, 254.187500, -2.375000, 4.125000, 5.590000, -3.890000, -12.660000, 3.421111, -0.681111, -3.027778, -2.320000, -9.160000, 2.610000, 254.187500, -2.375000, 4.125000
940, 3.000000, -17.340000, -6.110000, 2.918889, -1.812222, -4.236667, -0.030000, -0.180000, 9.800000, 258.812500, -0.187500, 1.062500, 6.950000, -3.480000, -16.879999, 3.935555, 0.154444, -2.794445, -1.870000, -9.040000, 3.290000, 258.812500, -0.187500, 1.062500
961, 0.090000, -11.240000, -2.500000, 3.784444, -1.663333, -5.407778, 0.240000, 0.470000, 9.790000, 264.437500, 1.375000, -2.750000, 4.740000, 2.600000, -14.510000, 3.974444, 2.445555, -2.347778, -1.580000, -8.652500, 3.920000, 264.437500, 1.375000, -2.750000
981, -4.500000, -1.490000, -7.060000, 3.784444, -1.663333, -5.407778, 0.400000, 1.260000, 9.710000, 270.187500, 2.375000, -7.375000, -4.600000, 6.360000, -4.040000, 3.244444, 3.340000, -1.093333, -1.600000, -8.610000, 4.400000, 270.187500, 2.375000, -7.375000
1000, -9.340000, 14.790000, -5.070000, 4.184444, -0.448889, -4.363333, 0.390000, 2.080000, 9.570000, 275.437500, 2.312500, -12.250000, -11.050000, 8.590000, 6.310000, 2.701111, 3.321111, -0.734444, -1.770000, -8.430000, 4.670000, 275.437500, 2.312500, -12.250000
1020, -13.780000, 26.610001, 4.430000, 2.178889, -0.982222, -1.284444, 0.430000, 2.600000, 9.440000, 277.750000, 2.500000, -15.375000, -15.350000, 6.180000, 20.190001, 0.575556, 1.642222, -1.196667, -1.800000, -8.390000, 4.730000, 277.750000, 2.500000, -15.375000
273, -13.720000, 24.480000, 6.640000, 0.390000, -3.643333, 1.473333, 1.150000, 2.650000, 9.370000, 276.687500, 6.750000, -15.750000, -12.020000, 8.930000, 18.100000, 0.661111, 0.190000, -1.587778, -1.490000, -8.380000, 4.850000, 276.687500, 6.750000, -15.750000
293, -10.080000, 13.930000, 0.210000, -0.864444, -5.593333, 3.806667, 2.230000, 2.430000, 9.230000, 273.875000, 13.187500, -14.750000, -5.590000, 7.150000, 8.130000, 0.075556, -2.610000, -1.592222, -1.010000, -8.400000, 4.940000, 273.875000, 13.187500, -14.750000
311, -8.970000, 8.740000, -2.760000, -0.695556, -6.236667, 4.330000, 3.570000, 2.100000, 8.880000, 269.875000, 21.312500, -13.250000, -3.120000, 6.200000, 4.210000, -0.090000, -2.938889, -1.668889, -0.440000, -8.440000, 4.950000, 269.875000, 21.312500, -13.250000
332, -5.360000, 4.520000, -12.940000, 0.268889, -7.010000, 5.768889, 4.940000, 1.680000, 8.290000, 264.625000, 30.250000, -11.500000, -1.420000, 7.660000, 0.250000, -0.363333, -3.821111, -1.896667, 0.230000, -8.480000, 4.910000, 264.625000, 30.250000, -11.500000
352, 2.450000, -11.220000, -21.900000, 0.344444, -5.096667, 5.843333, 5.950000, 1.110000, 7.710000, 258.500000, 37.375000, -8.187500, 5.910000, 13.120000, -7.820000, 0.356667, -4.561111, -0.114444, 0.770000, -8.450000, 4.900000, 258.500000, 37.375000, -8.187500
373, 5.150000, -14.920000, -26.980000, 0.246667, -3.917778, 4.958889, 6.470000, 0.590000, 7.330000, 253.937500, 41.312500, -4.625000, 12.060000, 12.040000, -17.040001, 0.183333, -4.007778, 1.070000, 0.870000, -8.450000, 4.880000, 253.937500, 41.312500, -4.625000
391, 3.580000, -14.570000, -36.599998, -0.944444, 3.055556, 0.613333, 6.280000, 0.310000, 7.510000, 252.750000, 39.875000, -2.312500, 9.940000, 8.480000, -29.360001, -0.381111, 2.681111, 3.367778, 0.080000, -8.550000, 4.790000, 252.750000, 39.875000, -2.312500
412, -1.680000, -5.230000, -41.480000, -1.154444, 6.452222, -0.645556, 5.040000, 0.190000, 8.400000, 254.125000, 30.875000, -1.312500, 1.420000, 11.990000, -14.850000, -0.713333, 6.221111, 3.762222, -1.170000, -8.620000, 4.510000, 254.125000, 30.875000, -1.312500
432, -28.420000, -23.049999, -48.110001, -3.452222, 21.209999, -2.615556, 1.900000, -0.190000, 9.610000, 257.062500, 11.125000, 1.125000, -5.060000, 10.590000, -6.300000, -4.024445, 6.171111, 6.322222, -2.690000, -8.700000, 3.620000, 257.062500, 11.125000, 1.125000
453, -38.820000, -17.620001, -16.059999, -2.900000, 25.361111, -3.907778, -2.680000, -0.800000, 9.390000, 261.687500, -15.875000, 4.875000, -7.540000, 6.620000, -9.510000, -3.082222, 4.742222, 8.604445, -4.310000, -8.370000, 2.720000, 261.687500, -15.875000, 4.875000
473, -34.650002, 0.290000, 20.080000, -1.940000, 22.488890, -3.825556, -5.910000, -1.350000, 7.700000, 266.625000, -37.062500, 9.937500, -13.440000, 2.100000, -5.690000, -2.658889, 3.987778, 9.541111, -5.150000, -8.000000, 2.340000, 266.625000, -37.062500, 9.937500
492, -30.250000, 12.170000, 17.540001, -2.083333, 9.863334, -1.501111, -7.380000, -1.820000, 6.180000, 269.375000, -48.812500, 16.437500, -17.879999, -14.620000, 5.640000, -5.198889, 3.001111, 6.207778, -7.000000, -6.800000, 0.850000, 269.375000, -48.812500, 16.437500
512, -28.969999, -4.200000, 27.020000, -2.705555, 7.858889, -0.330000, -8.140000, -2.100000, 5.030000, 268.937500, -56.125000, 22.625000, -18.530001, -29.240000, 15.480000, -5.198889, 3.001111, 6.207778, -7.500000, -6.310000, 0.090000, 268.937500, -56.125000, 22.625000
1301, -30.889999, -2.770000, 34.419998, -0.048889, -0.245556, 0.793333, -8.330000, -2.060000, 4.740000, 268.062500, -58.125000, 23.562500, -18.740000, -26.920000, 19.590000, -0.260000, -0.625556, -1.042222, -7.370000, -6.460000, 0.140000, 268.062500, -58.125000, 23.562500
1321, -24.959999, -2.720000, 24.530001, 1.156575, -6.705555, 1.923333, -7.860000, -1.710000, 5.600000, 266.062500, -53.250000, 17.000000, -15.420000, -18.180000, 8.940000, 1.710000, -4.903333, -5.424443, -6.690000, -7.090000, 0.960000, 266.062500, -53.250000, 17.000000
1340, -23.320000, -3.760000, 19.270000, 1.414444, -8.502601, 2.175555, -6.790000, -1.230000, 6.950000, 263.500000, -43.875000, 10.062500, -10.240000, -10.110000, -1.090000, 1.800000, -4.937778, -6.308889, -6.200000, -7.460000, 1.390000, 263.500000, -43.875000, 10.062500
1360, -19.340000, -5.630000, 5.510000, 1.557778, -12.457778, 2.048889, -5.060000, -0.770000, 8.350000, 261.000000, -31.125000, 5.250000, -8.950000, -6.180000, -2.290000, 1.713333, -4.395555, -7.382222, -4.280000, -8.460000, 2.460000, 260.000000, -23.875000, 3.500000
1381, -16.980000, -2.190000, -0.330000, 1.752222, -13.411111, 1.815556, -2.720000, -0.330000, 9.410000, 259.000000, -16.125000, 2.000000, -6.950000, -0.970000, -2.580000, 2.051111, -3.728889, -7.726666, -2.830000, -8.682500, 3.060000, 259.000000, -16.125000, 2.000000
1401, -11.790000, -4.090000, -15.050000, 1.922222, -14.471111, 2.020000, -0.020000, 0.070000, 9.800000, 256.875000, -0.125000, -0.375000, -5.620000, 3.480000, -2.340000, 2.528889, -3.114444, -7.258889, -2.120000, -8.960000, 3.350000, 256.875000, -0.125000, -0.375000
1419, -1.550000, -5.530000, -20.660000, 2.161111, -10.303333, 1.213333, 2.100000, 0.430000, 9.560000, 255.312500, 12.375000, -2.562500, -4.300000, 4.730000, -2.860000, 3.095556, -2.753333, -6.303333, -0.210000, -8.652500, 4.220000, 254.812500, 16.937500, -3.687500
1440, -2.460000, -2.520000, -10.050000, 2.131111, -8.427778, 0.817778, 3.530000, 0.750000, 9.110000, 254.375000, 21.125000, -4.687500, -0.140000, 9.020000, -6.700000, 3.485556, -2.931111, -5.213333, 0.340000, -8.690000, 4.510000, 254.375000, 21.125000, -4.687500
1460, 0.740000, -3.770000, -16.730000, 2.070000, -7.176667, 0.740000, 4.770000, 1.030000, 8.500000, 253.375000, 29.125000, -6.937500, 1.940000, 11.580000, -8.510000, 3.426667, -2.382222, -3.316667, 1.470000, -8.140000, 5.250000, 253.000000, 32.625000, -8.062500
1481, 3.020000, -3.320000, -23.100000, 1.936667, -6.381111, 0.516667, 5.670000, 1.280000, 7.890000, 252.875000, 34.625000, -9.187500, 4.540000, 13.960000, -9.060000, 2.347778, -1.417778, -1.605556, 1.770000, -7.900000, 5.520000, 252.875000, 34.625000, -9.187500
1499, 1.120000, 1.550000, -19.459999, 0.856667, -2.048889, -0.618889, 6.070000, 1.480000, 7.550000, 253.250000, 38.250000, -11.125000, 3.620000, 15.040000, -8.662500, 0.844444, -0.058889, -0.038889, 1.780000, -7.860000, 5.580000, 253.250000, 38.250000, -11.125000
1520, 0.350000, 8.310000, -23.250000, -0.155556, 1.121111, -0.412222, 6.020000, 1.570000, 7.570000, 253.750000, 37.875000, -11.687500, -2.870000, 17.180000, -3.080000, -0.485556, 0.986667, 1.674444, 1.260000, -8.010000, 5.500000, 253.750000, 37.875000, -11.687500
1540, -3.700000, 13.060000, -20.020000, -0.788889, 2.546667, 0.192222, 5.580000, 1.360000, 7.940000, 253.250000, 34.687500, -9.687500, -5.210000, 15.350000, -2.910000, -2.158680, 1.334444, 3.255556, 0.940000, -8.160000, 5.350000, 253.250000, 34.687500, -9.687500
1561, -6.330000, 9.750000, -23.930000, -2.794445, 7.410000, 2.268889, 4.630000, 0.790000, 8.600000, 251.375000, 28.125000, -5.250000, -7.090000, 11.110000, -0.930000, -4.274445, 0.987778, 4.366667, -0.220000, -8.790000, 4.330000, 250.250000, 23.187500, -2.500000
1581, -16.299999, 3.310000, -6.410000, -3.438889, 9.346666, 2.641111, 2.960000, -0.050000, 9.340000, 249.000000, 17.562500, 0.312500, -6.120000, 6.420000, -1.460000, -5.821111, -0.456667, 4.778889, -1.020000, -9.160000, 3.330000, 249.000000, 17.562500, 0.312500
1600, -18.510000, -11.870000, 29.350000, -4.306667, 4.821111, 3.565556, 1.690000, -1.010000, 9.600000, 246.000000, 9.937500, 6.000000, 0.030000, -6.470000, -7.700000, -5.591111, -0.945556, 5.910000, -1.510000, -9.250000, 2.850000, 246.000000, 9.937500, 6.000000
1620, -6.650000, -31.110001, 20.080000, -0.872222, -2.468889, 1.413333, 1.840000, -1.410000, 9.520000, 243.687500, 10.812500, 8.437500, -3.770000, -29.780001, -5.660000, -2.293333, 0.966667, 2.998889, -2.230000, -9.280000, 2.220000, 243.687500, 10.812500, 8.437500
1641, -2.200000, -21.690001, 3.970000, 0.667778, -2.877778, -0.415556, 2.330000, -1.200000, 9.440000, 244.625000, 13.750000, 7.250000, -3.260000, -24.900000, -5.590000, 1.360000, -0.408889, -3.615556, -1.900000, -9.320000, 2.350000, 244.625000, 13.750000, 7.250000
1661, -4.230000, -18.540001, 10.700000, 1.488889, -2.806667, -3.204444, 2.830000, -0.820000, 9.350000, 247.437500, 16.750000, 5.000000, 0.790000, -8.040000, -14.750000, 2.463333, -0.313333, -4.943333, -0.600000, -9.310000, 3.000000, 249.187500, 18.750000, 3.312500
1680, -3.390000, -9.380000, 1.870000, 1.947778, -3.318889, -3.743333, 3.480000, -0.220000, 9.160000, 251.187500, 20.812500, 1.375000, -2.440000, -3.780000, -9.450000, 3.107778, 1.402222, -4.762222, 0.120000, -9.120000, 3.590000, 253.312500, 22.875000, -0.750000
1700, -2.670000, -1.130000, -6.210000, 2.330000, -3.693333, -4.354445, 4.120000, 0.480000, 8.880000, 255.437500, 24.812500, -3.125000, -4.500000, 4.960000, -5.130000, 4.012222, 2.192222, -4.297778, 0.410000, -8.970000, 3.940000, 255.437500, 24.812500, -3.125000
1720, -2.700000, 10.480000, -13.840000, 1.962222, -2.675555, -4.048889, 4.540000, 1.180000, 8.600000, 259.562500, 27.562500, -7.750000, -6.490000, 18.580000, 0.470000, 3.755556, 2.323333, -2.807778, 0.790000, -8.470000, 4.860000, 261.437500, 28.250000, -9.750000
1741, -1.440000, 21.540001, -21.930000, 1.478889, -1.836667, -3.724444, 4.610000, 1.630000, 8.490000, 263.000000, 28.062500, -10.875000, -6.650000, 26.020000, 7.200000, 0.888889, 2.824445, -0.414444, 0.700000, -8.430000, 4.960000, 263.000000, 28.062500, -10.875000
1759, -7.090000, 19.950001, -0.570000, -1.718889, 2.665555, -0.376667, 4.200000, 1.500000, 8.720000, 264.250000, 25.375000, -9.750000, -6.070000, 7.950000, 9.950000, -2.880000, 1.213333, 1.761111, 0.160000, -8.780000, 4.340000, 263.875000, 24.375000, -8.250000
1780, -6.090000, 8.070000, 9.730000, -2.221111, 2.004444, 0.988889, 4.030000, 0.980000, 8.880000, 263.062500, 24.250000, -6.250000, 0.150000, -2.380000, 2.270000, -3.394444, -0.623333, 1.182222, 0.090000, -8.920000, 4.050000, 262.250000, 24.750000, -4.187500
1800, 2.390000, -27.780001, 4.290000, -2.480000, -0.886667, 1.055556, 4.180000, 0.400000, 8.662500, 262.000000, 25.250000, -2.625000, 6.040000, -18.370001, -7.180000, -1.456667, 0.297778, 0.013333, 0.030000, -9.070000, 3.700000, 262.000000, 25.250000, -2.625000
1821, 2.850000, -27.920000, 10.380000, 0.626667, -1.711111, -2.961111, 4.410000, 0.530000, 8.740000, 264.250000, 26.687500, -3.437500, 3.910000, -15.020000, -8.550000, 1.802222, 1.033333, -2.111111, 0.410000, -8.682500, 4.140000, 266.187500, 27.562500, -5.750000
1839, 4.690000, -11.030000, -2.280000, 2.105556, -1.906575, -3.990000, 4.630000, 1.320000, 8.540000, 268.187500, 28.125000, -8.750000, 2.690000, -2.790000, -7.670000, 3.848889, 1.178889, -2.200000, 0.550000, -8.710000, 4.460000, 268.187500, 28.125000, -8.750000
1860, 1.410000, -7.240000, -2.750000, 3.606667, -1.194444, -4.827778, 4.660000, 2.300000, 8.300000, 272.437500, 28.375000, -15.500000, 0.050000, 4.270000, -4.660000, 3.926667, 1.785556, -0.894444, 0.530000, -8.150000, 5.420000, 274.812500, 28.250000, -19.000000
1880, -7.930000, 10.190000, -2.050000, 3.574445, -1.357778, -5.143333, 4.620000, 3.290000, 7.990000, 277.250000, 28.062500, -22.375000, -6.050000, 9.250000, 1.860000, 2.853333, 2.481111, -0.488889, 0.430000, -8.000000, 5.650000, 279.312500, 27.875000, -25.375000
1901, -10.880000, 31.209999, -3.240000, 2.166667, -1.093333, -2.397778, 4.580000, 3.970000, 7.700000, 280.437500, 27.875000, -27.312500, -14.670000, 11.470000, 17.830000, 0.582222, 1.935556, -0.413333, 0.260000, -7.860000, 5.850000, 280.437500, 27.875000, -27.312500
1921, -11.870000, 31.930000, -3.630000, -0.307778, -0.900000, 2.094445, 4.780000, 3.920000, 7.600000, 279.437500, 29.187500, -27.250000, -12.050000, 14.920000, 16.690001, -1.036667, -0.855556, -0.661111, 0.500000, -8.040000, 5.580000, 277.625000, 30.625000, -25.562500
1940, -10.770000, 20.709999, -4.340000, -1.322222, -0.982222, 3.963333, 5.240000, 3.260000, 7.610000, 275.125000, 32.312500, -23.187500, -6.600000, 10.570000, 8.070000, -2.781111, -2.733333, 0.041111, 0.640000, -8.180000, 5.350000, 275.125000, 32.312500, -23.187500
1960, -7.570000, 12.690000, -10.550000, -2.048889, -0.176667, 7.350000, 5.670000, 2.270000, 7.660000, 268.375000, 34.562500, -16.500000, -4.750000, 9.530000, 3.840000, -3.287778, -3.881111, 0.605556, 1.010000, -8.660000, 4.470000, 264.437500, 36.312500, -12.375000
1981, -4.890000, 0.460000, -13.670000, -1.996667, 0.212222, 7.908889, 5.860000, 1.120000, 7.770000, 260.375000, 36.687500, -8.187500, -1.660000, 10.880000, -1.430000, -3.725556, -4.385556, 1.818889, 1.040000, -8.642500, 4.110000, 256.312500, 36.375000, -4.125000
2001, -2.700000, -4.510000, -15.760000, -1.674444, 2.535556, 7.570000, 5.640000, 0.030000, 8.010000, 252.500000, 35.125000, -0.187500, 2.610000, 8.280000, -9.580000, -3.663333, -3.735556, 3.652222, 0.780000, -9.160000, 3.400000, 252.500000, 35.125000, -0.187500
2019, -0.240000, -14.730000, -18.500000, -2.377778, 5.522222, 6.056667, 4.860000, -0.940000, 8.460000, 246.187500, 29.687500, 6.375000, 6.620000, 0.740000, -14.300000, -3.230000, -1.437778, 5.491111, -0.490000, -9.460000, 2.520000, 244.312500, 25.500000, 9.062500
2040, -0.600000, -22.920000, -21.190001, -3.007778, 7.173333, 4.695556, 3.400000, -1.740000, 9.020000, 243.437500, 20.312500, 10.875000, 3.640000, -6.880000, -15.280000, -2.647778, 1.578889, 5.466667, -1.020000, -9.480000, 2.270000, 243.437500, 20.312500, 10.875000
2060, -10.430000, -19.110001, -20.530001, -1.912222, 13.711111, 0.326667, 1.150000, -2.160000, 9.490000, 244.250000, 6.687500, 12.812500, -0.400000, -1.980000, -6.870000, -1.874444, 2.802222, 5.150000, -2.050000, -9.410000, 1.820000, 245.500000, -1.375000, 13.500000
2081, -19.260000, -12.040000, -11.060000, -1.387778, 15.540000, -0.516667, -1.710000, -2.400000, 9.350000, 247.062500, -10.062500, 14.437500, -3.810000, -5.300000, -5.630000, -1.972222, 1.884444, 5.648889, -3.100000, -9.190000, 1.380000, 248.812500, -18.750000, 15.625000
2099, -29.530001, -8.642500, 14.670000, -0.404444, 15.826667, -1.398889, -4.420000, -2.590000, 8.360000, 250.750000, -26.750000, 17.187500, -4.170000, -12.350000, -3.910000, -1.955556, 1.744444, 4.603333, -4.000000, -8.900000, 0.920000, 250.750000, -26.750000, 17.187500
2120, -31.660000, -5.040000, 31.389999, 0.126667, 7.691111, -1.178889, -5.910000, -2.710000, 7.330000, 253.875000, -37.062500, 20.312500, -6.340000, -22.180000, 2.600000, -1.144444, 1.584444, 1.252222, -4.400000, -8.740000, 0.540000, 254.187500, -36.625000, 20.125000
2140, -24.180000, -3.800000, 31.000000, 0.534444, -0.718889, -0.542726, -5.260000, -2.670000, 7.820000, 253.500000, -32.437500, 18.812500, -8.070000, -16.190001, 2.450000, 0.705556, 0.214444, -2.500000, -4.120000, -8.682500, 0.530000, 253.500000, -32.437500, 18.812500
2161, -19.930000, -12.540000, 12.190000, 0.591111, -13.113334, -0.002222, -3.330000, -2.600000, 8.652500, 251.500000, -19.812500, 16.375000, -6.820000, -9.010000, 0.370000, 1.866667, -1.196667, -4.576667, -3.390000, -9.150000, 0.870000, 250.812500, -12.437500, 15.250000
2179, -16.940001, -16.209999, 1.140000, 1.203333, -13.976666, -0.524444, -0.800000, -2.350000, 9.480000, 250.625000, -4.625000, 13.875000, -3.900000, -4.410000, -6.390000, 2.187778, -1.592222, -5.194445, -2.460000, -9.390000, 1.340000, 250.812500, 2.937500, 12.250000
2200, -8.420000, -14.440000, -17.959999, 3.275556, -12.117778, -2.696667, 1.650000, -1.750000, 9.500000, 251.500000, 9.687500, 10.437500, -1.780000, -3.570000, -7.670000, 3.633333, -0.687778, -4.636667, -1.570000, -9.480000, 1.950000, 251.500000, 9.687500, 10.437500
2220, 0.300000, -10.990000, -19.780001, 2.542222, -6.540000, -4.467778, 3.170000, -1.060000, 9.210000, 254.875000, 18.875000, 6.562500, 2.163125, 0.140000, -11.370000, 4.701111, 0.266667, -4.411111, -0.780000, -9.370000, 2.750000, 257.312500, 21.687500, 4.375000
2241, -0.890000, -3.690000, -15.670000, 2.323333, -4.792222, -5.192222, 3.960000, -0.300000, 8.960000, 260.062500, 23.812500, 1.937500, 2.690000, 4.480000, -12.070000, 5.050000, 1.866667, -4.067778, -0.130000, -9.110000, 3.620000, 260.062500, 23.812500, 1.937500
2261, 1.100000, 2.770000, -23.930000, 1.812222, -0.875556, -6.177778, 4.220000, 0.490000, 8.642500, 266.125000, 25.500000, -3.125000, 1.710000, 18.230000, -11.430000, 4.704444, 3.833333, -3.286667, 0.210000, -8.730000, 4.450000, 269.312500, 24.562500, -5.125000
2280, -0.120000, 13.610000, -28.120001, 0.864444, 1.275556, -6.050000, 3.700000, 0.960000, 9.030000, 272.250000, 22.125000, -6.062500, -1.170000, 26.240000, -6.080000, 1.911111, 6.148889, -0.527778, -0.060000, -8.470000, 4.920000, 274.812500, 18.437500, -5.812500
2300, -5.340000, 13.570000, -25.260000, -2.965556, 8.790000, -3.723333, 2.290000, 0.780000, 9.500000, 276.812500, 13.500000, -4.687500, -8.330000, 17.840000, 3.880000, -2.626667, 6.601111, 2.372222, -0.970000, -8.590000, 4.610000, 276.812500, 13.500000, -4.687500
2321, -17.190001, 13.070000, -12.550000, -3.587778, 12.762222, -2.142222, 0.070000, 0.190000, 9.800000, 279.500000, 0.437500, -1.062500, -14.560000, 2.620000, 13.700000, -5.174443, 4.293334, 3.231111, -1.890000, -8.880000, 3.680000, 280.125000, -6.937500, 0.750000
2341, -21.700001, 13.350000, 2.710000, -3.394444, 13.690000, -1.326667, -2.400000, -0.420000, 9.490000, 280.375000, -14.187500, 2.500000, -14.290000, -0.560000, 18.240000, -4.618889, 1.123333, 2.523333, -2.470000, -9.070000, 2.770000, 280.375000, -14.187500, 2.500000
2359, -25.370001, 19.879999, 29.950001, -2.250000, 4.802222, 1.283333, -3.790000, -0.810000, 9.000000, 279.312500, -22.750000, 5.125000, -11.010000, 1.290000, 16.049999, -2.866667, -1.980000, 1.618889, -2.740000, -9.130000, 2.260000, 277.312500, -21.500000, 5.625000
2380, -19.209999, 26.469999, 24.120001, -2.233333, -2.558889, 3.063150, -3.010000, -1.040000, 9.270000, 274.000000, -17.875000, 6.375000, -8.730000, 0.470000, 10.900000, -2.880000, -4.714445, 0.952222, -2.770000, -9.190000, 1.990000, 274.000000, -17.875000, 6.375000
2400, -11.430000, -8.550000, -0.400000, -4.277778, -9.224444, 7.106667, -1.540000, -1.520000, 9.560000, 265.250000, -9.000000, 9.000000, -1.170000, -5.810000, 0.420000, -2.543333, -5.118889, 0.437778, -2.670000, -9.260000, 1.780000, 265.250000, -9.000000, 9.000000
2421, -5.800000, -20.280001, -1.650000, -0.932222, -8.388889, 4.400000, -0.110000, -1.780000, 9.640000, 258.687500, -0.687500, 10.437500, 0.040000, -13.120000, -5.960000, -1.534444, -4.672222, -0.804444, -2.450000, -9.340000, 1.690000, 256.625000, 2.812500, 10.375000
2439, 2.780000, -15.910000, -9.540000, 0.296667, -7.191111, 3.145555, 0.970000, -1.690000, 9.600000, 255.062500, 5.687500, 10.000000, 2.970000, -9.110000, -13.190000, 0.731111, -3.961111, -2.380000, -1.930000, -9.420000, 1.880000, 255.062500, 5.687500, 10.000000
2460, 5.160000, -20.340000, -8.250000, 1.440000, -3.275556, 0.774444, 1.630000, -1.490000, 9.550000, 253.312500, 9.562500, 8.625000, 9.310000, -3.730000, -18.200001, 2.350000, -1.986667, -1.850000, -1.460000, -9.400000, 2.340000, 253.250000, 10.750000, 8.000000
2480, 6.280000, -23.270000, -6.740000, 1.567778, -2.158889, -0.158889, 1.950000, -1.190000, 9.530000, 253.812500, 11.437500, 7.062500, 11.150000, -6.490000, -19.980000, 2.303333, 0.030000, -0.957778, -1.240000, -9.320000, 2.770000, 253.812500, 11.437500, 7.062500
2501, 4.310000, -21.980000, -6.520000, 1.714444, -0.077778, -3.547778, 2.070000, -0.780000, 9.550000, 256.875000, 12.187500, 4.625000, 4.460000, -2.700000, -14.920000, 2.701111, 2.444444, -0.895556, -1.180000, -9.200000, 3.170000, 256.875000, 12.187500, 4.625000
2521, -1.430000, -6.960000, -6.650000, 2.158889, 1.036667, -4.622222, 1.970000, -0.230000, 9.600000, 261.500000, 11.562500, 1.375000, -2.840000, 4.080000, -6.580000, 3.116667, 3.548889, -0.701111, -1.270000, -9.020000, 3.620000, 263.937500, 10.812500, -0.312500
2540, -9.750000, 19.670000, -5.840000, 2.246667, 1.458889, -4.677778, 1.650000, 0.300000, 9.660000, 266.000000, 9.687500, -1.812500, -13.560000, 19.280001, 7.540000, 1.631111, 3.313150, -0.050000, -1.470000, -8.672500, 3.920000, 266.000000, 9.687500, -1.812500
2560, -11.660000, 30.750000, -4.310000, 0.024444, 2.976667, -0.940000, 1.120000, 0.470000, 9.720000, 267.812500, 6.562500, -2.750000, -17.240000, 12.620000, 19.260000, -1.851111, 2.235556, 1.046667, -1.800000, -8.910000, 3.650000, 267.500000, 5.062500, -2.187500
2581, -8.930000, 24.940001, -1.110000, -0.984444, 2.840000, 0.557778, 0.640000, 0.200000, 9.780000, 266.500000, 3.750000, -1.187500, -8.580000, 12.120000, 13.720000, -2.337778, -0.782222, 0.688889, -1.930000, -9.040000, 3.260000, 266.500000, 3.750000, -1.187500
2601, -5.850000, 14.900000, 0.430000, -1.903333, 0.976667, 4.115556, 0.380000, -0.200000, 9.790000, 262.625000, 2.250000, 1.187500, -4.970000, 5.280000, 5.670000, -2.918889, -2.776667, 1.778889, -2.050000, -9.140000, 2.860000, 262.625000, 2.250000, 1.187500
2620, -2.360000, 4.350000, -8.200000, -0.936667, 0.744444, 5.870000, 0.230000, -0.450000, 9.790000, 256.687500, 1.312500, 2.625000, -3.440000, 5.420000, 0.700000, -2.755556, -5.050000, 2.696667, -2.250000, -9.190000, 2.550000, 253.250000, 0.375000, 3.187500
2640, 1.450000, -18.459999, -4.140000, -0.898889, 1.354445, 6.408889, -0.140000, -0.670000, 9.780000, 250.062500, -0.812500, 3.937500, 8.880000, -15.620000, -15.680000, -1.913333, -4.660000, 4.503334, -2.710000, -9.110000, 2.390000, 250.062500, -0.812500, 3.937500
2661, 1.880000, -34.790001, 11.710000, 0.971111, 1.538889, 0.596667, -0.490000, -0.610000, 9.770000, 247.937500, -2.875000, 3.562500, 10.220000, -29.770000, -20.440001, 1.105556, -1.636667, 2.724444, -3.210000, -8.890000, 2.570000, 248.750000, -3.125000, 2.625000
2681, -1.090000, -28.080000, 16.120001, 1.775556, 0.532222, -1.400000, -0.460000, -0.260000, 9.790000, 250.312500, -2.687500, 1.500000, 6.380000, -15.450000, -18.320000, 2.318889, 0.606667, -1.115556, -3.160000, -8.800000, 2.940000, 250.312500, -2.687500, 1.500000
2699, -2.750000, -16.959999, 7.020000, 2.742222, -1.837778, -5.000000, -0.150000, 0.210000, 9.800000, 255.312500, -0.875000, -1.187500, 1.420000, -11.400000, -14.150000, 2.470000, 2.593333, -2.516667, -2.910000, -8.790000, 3.220000, 255.312500, -0.875000, -1.187500
2720, -3.380000, -7.270000, 1.230000, 2.658889, -1.810000, -5.303333, 0.140000, 0.710000, 9.770000, 261.187500, 0.812500, -4.125000, -5.330000, -2.980000, -4.340000, 3.140000, 3.474444, -3.190000, -2.610000, -8.760000, 3.530000, 264.062500, 1.437500, -5.750000
2740, -6.850000, 4.470000, -5.840000, 2.824445, -1.511111, -5.205555, 0.290000, 1.290000, 9.710000, 266.750000, 1.750000, -7.562500, -11.360000, 13.130000, 3.640000, 3.721111, 3.368889, -3.268889, -2.310000, -8.650000, 3.970000, 266.750000, 1.750000, -7.562500
2761, -8.632500, 19.010000, -9.250000, 2.773333, 0.264444, -3.257778, 0.200000, 1.860000, 9.620000, 270.875000, 1.187500, -10.937500, -13.930000, 21.150000, 15.090000, 2.410000, 3.170000, -2.006667, -2.170000, -8.530000, 4.310000, 271.812500, 0.625000, -12.062500
2779, -8.580000, 32.570000, -10.330000, 2.008889, 0.683333, -1.827778, 0.020000, 2.110000, 9.570000, 271.875000, 0.125000, -12.437500, -12.480000, 19.190001, 18.840000, -0.198889, 0.607778, -0.188889, -2.190000, -8.520000, 4.320000, 271.875000, 0.125000, -12.437500
2800, -7.090000, 29.930000, -9.200000, -1.521111, 0.796667, 2.767778, -0.050000, 1.930000, 9.610000, 269.562500, -0.312500, -11.312500, -8.100000, 16.370001, 13.370000, -1.767778, -1.994444, 1.176667, -2.163125, -8.600000, 4.150000, 269.562500, -0.312500, -11.312500
2820, -5.060000, 18.309999, -9.290000, -2.277778, 0.711111, 4.971111, -0.030000, 1.520000, 9.680000, 264.625000, -0.187500, -8.937500, -5.610000, 10.920000, 7.520000, -2.575556, -3.411111, 2.163125, -2.300000, -8.700000, 3.880000, 264.625000, -0.187500, -8.937500
2841, -5.210000, 9.510000, -9.310000, -2.318889, 0.910000, 5.806667, -0.070000, 1.090000, 9.740000, 257.875000, -0.437500, -6.375000, -5.050000, 10.480000, 3.950000, -3.080000, -4.730000, 3.003333, -2.450000, -8.780000, 3.600000, 257.875000, -0.437500, -6.375000
2861, -5.990000, 6.660000, -9.620000, -2.574445, 1.865556, 7.391111, -0.260000, 0.650000, 9.780000, 250.000000, -1.500000, -3.812500, -6.160000, 7.010000, -4.730000, -4.254445, -6.001111, 4.191111, -2.730000, -8.662500, 3.220000, 245.687500, -2.562500, -2.437500
2880, -5.570000, -12.240000, -5.800000, -2.741111, 2.326667, 7.813334, -0.670000, 0.190000, 9.780000, 241.312500, -3.937500, -1.125000, 3.110000, -10.970000, -15.340000, -4.781111, -5.804444, 5.715556, -3.280000, -8.810000, 2.760000, 241.312500, -3.937500, -1.125000
2900, -1.970000, -39.259998, 5.590000, -2.296667, 3.588889, 4.301111, -1.330000, -0.200000, 9.710000, 235.000000, -7.812500, 1.187500, 6.060000, -30.469999, -22.719999, -2.169792, -2.886667, 5.241111, -4.040000, -8.570000, 2.500000, 235.000000, -7.812500, 1.187500
2921, -4.920000, -28.280001, 17.889999, 0.896667, 1.471111, -1.145555, -1.730000, -0.140000, 9.650000, 235.187500, -10.125000, 0.812500, 3.270000, -17.940001, -24.940001, 1.142222, -0.428889, 0.018889, -4.220000, -8.430000, 2.670000, 236.437500, -10.125000, 0.437500
2941, -3.910000, -30.250000, 9.900000, 1.094444, 0.040000, -2.153333, -1.660000, 0.000000, 9.660000, 238.250000, -9.750000, 0.000000, 3.190000, -12.610000, -23.170000, 1.598889, 2.015556, -1.783333, -4.020000, -8.480000, 2.810000, 238.250000, -9.750000, 0.000000
2960, -4.420000, -33.480000, 8.500000, 2.125556, -1.318889, -5.982222, -1.460000, 0.170000, 9.690000, 244.125000, -8.562500, -1.000000, -1.100000, -15.550000, -18.709999, 2.774444, 4.027778, -2.320000, -3.880000, -8.510000, 2.920000, 244.125000, -8.562500, -1.000000
2980, -8.060000, -27.190001, 4.970000, 3.140000, -1.860000, -7.398889, -1.150000, 0.670000, 9.710000, 253.062500, -6.750000, -3.937500, -5.390000, -9.280000, -13.780000, 4.596667, 5.166667, -3.277778, -3.670000, -8.490000, 3.240000, 253.062500, -6.750000, -3.937500
3000, -12.390000, -7.120000, -5.340000, 5.827778, -1.963333, -9.323334, -0.960000, 1.510000, 9.640000, 263.500000, -5.562500, -8.875000, -10.020000, 2.190000, -5.410000, 5.603333, 5.266667, -3.675555, -3.450000, -8.370000, 3.750000, 263.500000, -5.562500, -8.875000
3021, -15.450000, 4.490000, -9.480000, 6.357778, -0.842222, -8.542222, -1.070000, 2.470000, 9.420000, 273.625000, -6.312500, -14.687500, -13.380000, 7.640000, 1.840000, 5.101111, 5.115556, -3.810000, -3.250000, -8.200000, 4.270000, 273.625000, -6.312500, -14.687500
3039, -19.190001, 35.150002, -2.810000, 6.271111, -0.150000, -7.224444, -1.390000, 3.330000, 9.110000, 280.625000, -8.125000, -20.062500, -18.370001, 20.719999, 19.559999, 3.138889, 4.151111, -4.145555, -2.980000, -8.130000, 4.580000, 280.625000, -8.125000, -20.062500
3060, -20.299999, 34.029999, 4.910000, 2.644444, -2.603333, 0.075556, -1.160000, 3.850000, 8.940000, 282.437500, -6.750000, -23.312500, -18.809999, 12.310000, 27.590000, 0.400000, 1.424444, -2.408889, -2.740000, -8.210000, 4.600000, 282.437500, -6.750000, -23.312500
3080, -11.510000, 21.650000, -6.610000, 1.826667, -3.975556, 1.745556, -0.260000, 4.150000, 8.682500, 280.937500, -1.562500, -25.062500, -14.150000, 8.970000, 21.889999, 1.741111, -2.004444, -0.981111, -2.430000, -8.160000, 4.850000, 280.937500, -1.562500, -25.062500
3101, -8.530000, 17.750000, -7.120000, 1.261111, -4.272222, 4.585556, 0.790000, 4.330000, 8.760000, 277.500000, 4.625000, -26.312500, -5.850000, 9.960000, 7.920000, 2.395555, -4.564445, -0.314444, -1.970000, -7.950000, 5.380000, 277.500000, 4.625000, -26.312500
3119, -5.540000, 15.430000, -13.510000, 0.562222, -4.052222, 6.510000, 1.980000, 4.300000, 8.580000, 271.937500, 11.625000, -26.625000, -1.330000, 13.380000, -1.730000, 1.257778, -5.788889, -0.243333, -1.330000, -7.790000, 5.800000, 271.937500, 11.625000, -26.625000
3140, -1.010000, 8.320000, -22.670000, -0.131111, -3.357778, 7.093333, 3.020000, 3.860000, 8.490000, 264.812500, 17.937500, -24.437500, 4.090000, 17.990000, -9.670000, -1.222222, -5.703333, 0.615555, -0.730000, -7.840000, 5.830000, 264.812500, 17.937500, -24.437500
3160, 1.220000, -3.170000, -27.200001, -3.627778, 0.741111, 7.798889, 3.540000, 2.880000, 8.670000, 256.937500, 21.187500, -18.312500, 8.170000, 16.100000, -18.230000, -3.882222, -4.027778, 2.744444, -0.560000, -8.170000, 5.380000, 256.937500, 21.187500, -18.312500
3181, 5.860000, -31.490000, -33.810001, -4.246666, 2.690000, 6.722222, 3.090000, 1.760000, 9.130000, 250.937500, 18.375000, -10.875000, 10.150000, -2.670000, -26.209999, -4.450000, 0.825556, 5.503334, -1.280000, -8.520000, 4.680000, 250.937500, 18.375000, -10.875000
3201, -0.660000, -32.250000, -20.059999, -3.017778, 11.124444, 0.080000, 1.350000, 1.050000, 9.650000, 249.375000, 7.875000, -6.250000, -3.020000, -8.770000, -7.630000, -3.032222, 5.112222, 5.533333, -2.570000, -8.590000, 3.950000, 249.375000, 7.875000, -6.250000
3220, -14.680000, -16.150000, -11.580000, -1.447778, 15.042222, -2.122222, -1.300000, 0.740000, 9.690000, 250.562500, -7.625000, -4.375000, -6.850000, 2.160000, -1.400000, -1.306667, 3.672222, 5.230000, -3.700000, -8.400000, 3.440000, 250.562500, -7.625000, -4.375000
3240, -23.209999, -5.400000, 4.290000, -1.296667, 15.216666, -2.372222, -3.960000, 0.390000, 8.950000, 252.312500, -23.812500, -2.500000, -8.130000, -9.360000, -2.840000, -2.567778, 1.636667, 6.152222, -4.770000, -8.040000, 2.940000, 252.312500, -23.812500, -2.500000
3261, -31.430000, -0.290000, 30.510000, -1.638889, 10.190000, -0.687778, -5.830000, 0.050000, 7.880000, 252.875000, -36.500000, -0.312500, -7.600000, -23.250000, 2.540000, -3.298889, 1.458889, 3.793333, -5.540000, -7.750000, 2.310000, 252.875000, -36.500000, -0.312500
3281, -32.110001, -3.910000, 31.430000, -1.102222, 3.830000, -0.032222, -5.770000, 0.000000, 7.920000, 252.375000, -36.062500, 0.000000, -10.030000, -26.080000, 9.280000, -0.616667, 1.257778, -1.340000, -5.590000, -7.810000, 1.940000, 252.375000, -36.062500, 0.000000
3299, -22.070000, -8.310000, 19.760000, 0.855556, -13.154445, 0.857778, -3.870000, 0.180000, 9.000000, 251.687500, -23.250000, -1.125000, -9.270000, -13.970000, 6.530000, 1.885556, -1.168889, -5.463333, -4.870000, -8.210000, 2.163125, 251.687500, -23.250000, -1.125000
3320, -15.110000, -10.820000, -4.800000, 2.325556, -12.833333, 0.267778, -1.480000, 0.560000, 9.670000, 251.812500, -8.687500, -3.312500, -4.190000, -5.030000, -6.080000, 2.568889, -3.051111, -6.623333, -3.700000, -8.630000, 2.810000, 251.812500, -8.687500, -3.312500
3340, 0.310000, -8.160000, -19.670000, 2.015556, -10.793333, -0.307778, 0.290000, 0.860000, 9.760000, 252.875000, 1.687500, -5.062500, 1.660000, 7.060000, -14.090000, 3.768889, -2.464444, -6.494444, -2.440000, -8.800000, 3.550000, 252.875000, 1.687500, -5.062500
3361, 7.490000, -11.940000, -27.629999, 1.277778, -4.378889, -2.512222, 1.270000, 1.110000, 9.650000, 255.312500, 7.437500, -6.500000, 7.600000, 16.709999, -19.370001, 4.355556, 0.498889, -4.572222, -1.540000, -8.680000, 4.290000, 255.312500, 7.437500, -6.500000
3379, 17.090000, -4.410000, -48.939999, 1.270000, -0.636667, -3.443333, 0.780000, 1.370000, 9.670000, 259.250000, 4.562500, -8.062500, 6.240000, 27.719999, -13.780000, 3.533333, 4.980000, -0.258889, -1.650000, -8.380000, 4.810000, 259.250000, 4.562500, -8.062500
3400, 1.240000, -2.400000, -42.730000, -0.535556, 14.662222, -5.257778, -1.660000, 1.290000, 9.570000, 263.750000, -9.750000, -7.687500, -1.650000, 22.559999, -1.820000, -0.933333, 6.741111, 3.543333, -2.670000, -8.240000, 4.590000, 263.750000, -9.750000, -7.687500
3420, -19.410000, -0.470000, -2.760000, -2.267778, 15.438889, -5.254445, -4.540000, 0.630000, 8.660000, 268.187500, -27.562500, -4.187500, -9.140000, 7.180000, 1.060000, -4.015555, 4.772222, 5.504445, -3.900000, -8.180000, 3.730000, 268.187500, -27.562500, -4.187500
3441, -25.650000, 24.719999, 15.780000, -2.024444, 12.898889, -4.767778, -6.340000, -0.080000, 7.470000, 271.562500, -40.250000, 0.625000, -14.960000, -8.200000, 10.520000, -6.448889, 3.213333, 4.964445, -4.940000, -8.080000, 2.520000, 271.562500, -40.250000, 0.625000
3459, -25.440001, 15.270000, 30.129999, -3.001111, 3.751111, 0.707778, -7.100000, -0.490000, 6.730000, 270.500000, -46.437500, 4.187500, -16.850000, -19.309999, 24.400000, -4.873333, 1.284444, 1.505556, -5.390000, -8.050000, 1.460000, 270.500000, -46.437500, 4.187500
3480, -19.469999, 10.570000, 23.540001, -1.726667, -0.972222, 1.640000, -6.760000, -0.390000, 7.080000, 267.562500, -43.625000, 3.187500, -11.110000, -7.370000, 17.219999, -0.384444, -2.285556, -1.153333, -5.260000, -8.150000, 1.380000, 267.562500, -43.625000, 3.187500
3500, -14.490000, 5.630000, 12.970000, -0.806667, -7.320000, 3.543333, -5.810000, -0.120000, 7.890000, 263.437500, -36.312500, 0.875000, -7.280000, -4.710000, 7.310000, 0.812222, -4.961111, -2.070000, -4.820000, -8.310000, 1.910000, 263.437500, -36.312500, 0.875000
3521, -8.662500, 6.460000, 2.700000, -0.693333, -8.378889, 4.113333, -4.510000, 0.150000, 8.700000, 258.937500, -27.375000, -1.000000, -2.740000, 4.090000, 0.040000, 0.607778, -5.568889, -2.723333, -4.180000, -8.510000, 2.500000, 258.937500, -27.375000, -1.000000
3541, -3.850000, 6.480000, -7.700000, -1.345556, -7.842222, 4.537778, -3.100000, 0.280000, 9.290000, 253.937500, -18.375000, -1.687500, -0.940000, 7.680000, -1.020000, 0.010000, -4.844444, -2.040000, -3.540000, -8.660000, 2.910000, 253.937500, -18.375000, -1.687500
3560, 1.660000, 2.180000, -14.340000, -1.486667, -5.603333, 4.407778, -1.950000, 0.220000, 9.600000, 249.000000, -11.500000, -1.312500, -0.110000, 7.720000, -2.570000, -1.185556, -4.321111, -0.905556, -3.090000, -8.790000, 3.040000, 249.000000, -11.500000, -1.312500
3580, 3.130000, 0.430000, -16.120001, -1.415556, -4.047778, 4.470000, -1.350000, 0.100000, 9.710000, 243.937500, -7.875000, -0.625000, -0.680000, 6.600000, -3.470000, -1.885556, -4.527778, 0.527778, -2.860000, -8.880000, 2.990000, 243.937500, -7.875000, -0.625000
3601, 2.760000, -12.170000, -8.760000, -1.508889, 0.135556, 4.840000, -1.270000, -0.020000, 9.720000, 238.562500, -7.437500, 0.125000, 5.370000, -4.750000, -13.550000, -1.535556, -4.183333, 1.832222, -2.880000, -8.890000, 2.940000, 238.562500, -7.437500, 0.125000
3621, 3.640000, -35.139999, -4.560000, -1.124444, 0.932222, 1.616667, -1.420000, -0.220000, 9.690000, 235.500000, -8.312500, 1.312500, 9.010000, -12.530000, -23.040001, -0.226667, -2.710000, 1.807778, -3.030000, -8.632500, 3.020000, 235.500000, -8.312500, 1.312500
3639, 0.190000, -35.720001, 4.070000, -0.275556, 1.152222, -1.012222, -1.600000, -0.300000, 9.670000, 237.812500, -9.375000, 1.750000, 9.330000, -15.520000, -29.240000, 0.905556, 0.265556, 0.333333, -3.120000, -8.740000, 3.160000, 237.812500, -9.375000, 1.750000
3660, -6.300000, -33.080002, 11.440000, 2.064445, -0.983333, -6.483333, -1.480000, -0.200000, 9.690000, 244.250000, -8.625000, 1.187500, -5.210000, -13.630000, -14.970000, 1.814444, 4.496666, -0.544444, -3.260000, -8.660000, 3.220000, 244.250000, -8.625000, 1.187500
3680, -13.490000, -11.460000, 10.880000, 3.261111, -1.861111, -7.341111, -1.050000, 0.270000, 9.740000, 252.562500, -6.125000, -1.562500, -8.650000, -13.430000, -7.500000, 2.442222, 6.123333, -2.330000, -3.340000, -8.630000, 3.230000, 252.562500, -6.125000, -1.562500
3701, -16.160000, 10.280000, 5.030000, 4.018889, -4.025556, -6.445556, -0.420000, 0.910000, 9.750000, 260.312500, -2.500000, -5.312500, -13.600000, -9.350000, 2.950000, 2.642222, 4.818889, -4.890000, -2.960000, -8.720000, 3.340000, 260.312500, -2.500000, -5.312500
3719, -16.969999, 23.700001, 5.260000, 3.408889, -4.366667, -3.484444, 0.250000, 1.570000, 9.670000, 265.375000, 1.437500, -9.250000, -20.170000, 10.100000, 17.450001, 2.588889, 3.720000, -6.201111, -2.163125, -8.662500, 3.580000, 265.375000, 1.437500, -9.250000
3740, -15.430000, 21.520000, 6.780000, 2.504444, -5.102222, -1.296667, 1.290000, 1.960000, 9.510000, 266.250000, 7.562500, -11.625000, -17.680000, 16.209999, 24.379999, 2.820000, 0.237778, -3.994444, -1.510000, -8.632500, 3.990000, 266.250000, 7.562500, -11.625000
3760, -15.180000, 15.890000, 2.760000, 0.976667, -9.721111, 2.961111, 2.980000, 2.060000, 9.100000, 264.437500, 17.687500, -12.750000, -8.930000, 8.000000, 9.090000, 2.082222, -3.642222, -1.983333, -0.890000, -8.690000, 4.450000, 264.437500, 17.687500, -12.750000
3781, -7.750000, 6.810000, -16.090000, 1.062222, -10.113334, 3.560000, 4.730000, 1.970000, 8.350000, 261.312500, 28.875000, -13.312500, -3.610000, 4.430000, -0.380000, 1.371111, -4.317778, -2.544445, -0.130000, -8.580000, 4.740000, 261.312500, 28.875000, -13.312500
3801, -3.940000, 0.230000, -15.890000, 1.458889, -6.250000, 3.595556, 5.910000, 1.800000, 7.600000, 257.625000, 37.062500, -13.312500, -0.070000, 9.550000, -3.560000, 1.137778, -3.530000, -2.277778, 0.610000, -8.460000, 4.910000, 257.625000, 37.062500, -13.312500
3820, -1.420000, -7.440000, -13.730000, 1.465556, -5.590000, 2.702222, 6.790000, 1.660000, 6.870000, 254.375000, 43.812500, -13.562500, 4.750000, 13.000000, -6.010000, 0.811111, -2.645555, -0.715556, 1.060000, -8.350000, 5.010000, 254.375000, 43.812500, -13.562500
3840, 1.270000, -10.340000, -23.170000, 1.204444, -4.915555, 1.993333, 7.360000, 1.580000, 6.270000, 252.562500, 48.687500, -14.125000, 7.210000, 10.980000, -10.830000, -0.030000, -1.812222, 1.035556, 1.150000, -8.350000, 5.000000, 252.562500, 48.687500, -14.125000
3861, 2.800000, -5.030000, -30.250000, -0.304444, 0.751111, 0.085556, 7.420000, 1.540000, 6.210000, 252.250000, 49.125000, -13.937500, 7.900000, 8.710000, -16.770000, -0.533333, 0.257778, 1.594444, 0.950000, -8.420000, 4.920000, 252.250000, 49.125000, -13.937500
3881, -1.330000, -5.490000, -29.160000, -1.346667, 3.790000, -0.294444, 6.770000, 1.380000, 6.950000, 253.125000, 43.625000, -11.187500, 4.600000, 15.420000, -19.010000, -1.282222, 4.491111, 3.001111, 0.230000, -8.540000, 4.800000, 253.125000, 43.625000, -11.187500
3900, -7.940000, -10.140000, -46.910000, -4.275556, 15.133333, -1.715556, 4.890000, 0.980000, 8.430000, 255.125000, 29.937500, -6.625000, -3.000000, 11.980000, -10.750000, -3.254444, 6.001111, 4.554444, -0.960000, -8.760000, 4.290000, 255.125000, 29.937500, -6.625000
3920, -27.299999, -14.660000, -37.709999, -5.517778, 22.146667, -2.592222, 1.210000, 0.190000, 9.720000, 258.000000, 7.125000, -1.125000, -6.010000, 11.850000, -8.410000, -4.047778, 6.258889, 6.528889, -2.420000, -8.662500, 3.440000, 258.000000, 7.125000, -1.125000
3941, -37.900002, -11.420000, -2.850000, -4.140000, 20.845556, -2.308889, -2.740000, -0.680000, 9.380000, 260.750000, -16.250000, 4.125000, -9.730000, 7.540000, -3.400000, -4.124444, 4.220000, 8.676666, -4.060000, -8.570000, 2.460000, 260.750000, -16.250000, 4.125000
3961, -34.200001, -1.740000, 13.130000, -2.565556, 15.227777, -1.500000, -5.500000, -1.290000, 8.010000, 262.937500, -34.125000, 9.125000, -15.280000, -2.940000, 3.290000, -4.737778, 2.066667, 8.293333, -5.510000, -7.960000, 1.510000, 262.937500, -34.125000, 9.125000
3979, -26.709999, 7.240000, 19.690001, -3.638889, 9.233334, 0.698889, -6.990000, -1.730000, 6.650000, 262.500000, -45.500000, 14.562500, -14.130000, -11.620000, 6.480000, -4.721111, 1.092222, 5.796667, -6.480000, -7.320000, 0.670000, 262.500000, -45.500000, 14.562500
4000, -29.150000, -4.850000, 32.950001, -2.097778, 1.225556, 1.532222, -7.470000, -1.850000, 6.060000, 260.062500, -49.687500, 17.000000, -12.600000, -25.120001, 12.700000, -2.062222, 0.280000, 2.202222, -6.910000, -6.940000, 0.210000, 260.062500, -49.687500, 17.000000
4020, -27.170000, -3.110000, 32.779999, -0.020000, -8.625556, 2.084445, -6.740000, -1.640000, 6.920000, 257.062500, -43.375000, 13.312500, -11.480000, -24.100000, 12.230000, 0.436667, -2.347778, -2.180000, -6.760000, -7.080000, 0.420000, 257.062500, -43.375000, 13.312500
4041, -24.240000, -11.060000, 21.040001, 0.348889, -11.473333, 2.253333, -4.970000, -1.280000, 8.350000, 253.875000, -30.437500, 8.750000, -8.280000, -16.240000, 2.950000, 1.122222, -4.436666, -5.387778, -6.040000, -7.640000, 1.050000, 253.875000, -30.437500, 8.750000
4059, -19.920000, -12.560000, 1.120000, 2.993333, -14.535556, 1.068889, -2.540000, -0.750000, 9.430000, 252.062500, -15.000000, 4.562500, -5.470000, -8.010000, -3.860000, 1.645555, -4.165555, -7.031111, -4.920000, -8.300000, 1.740000, 252.062500, -15.000000, 4.562500
4080, -4.700000, -2.690000, -22.879999, 3.250000, -13.561111, 0.608889, -0.270000, -0.190000, 9.800000, 251.437500, -1.562500, 1.062500, -6.220000, -2.010000, -4.300000, 2.163333, -3.526667, -7.956666, -3.500000, -8.652500, 2.360000, 251.437500, -1.562500, 1.062500
4100, 1.060000, 3.420000, -28.410000, 1.545556, -5.765555, 0.150000, 1.050000, 0.140000, 9.740000, 251.250000, 6.125000, -0.812500, -5.280000, 21.120001, -7.130000, 3.336667, -2.165347, -5.950000, -2.163125, -9.050000, 3.040000, 251.250000, 6.125000, -0.812500
4121, 7.190000, 12.490000, -31.160000, -0.348889, -0.090000, 1.560000, 1.320000, 0.140000, 9.710000, 250.000000, 7.750000, -0.875000, -0.580000, 32.599998, -2.740000, 0.572222, -0.957778, 0.374444, -1.920000, -9.010000, 3.340000, 250.000000, 7.750000, -0.875000
4141, 6.210000, 6.070000, -28.830000, -1.306667, 4.534444, 2.598889, 0.690000, -0.120000, 9.780000, 247.500000, 4.000000, 0.687500, 0.450000, 15.100000, -4.390000, -1.683333, -1.011111, 4.773334, -2.530000, -8.920000, 3.160000, 247.500000, 4.000000, 0.687500
4160, -4.650000, 4.070000, -11.390000, -0.297778, 7.058889, 3.460000, -0.530000, -0.250000, 9.780000, 244.062500, -3.062500, 1.437500, -4.070000, 4.550000, 0.760000, -2.181111, -2.133333, 5.845556, -3.380000, -8.720000, 2.910000, 244.062500, -3.062500, 1.437500
4180, -10.570000, 4.880000, 1.470000, 0.448889, 7.998889, 4.266667, -1.950000, 0.000000, 9.600000, 239.062500, -11.500000, 0.000000, -6.270000, -4.760000, 3.010000, -1.188889, -3.347778, 5.474444, -4.130000, -8.410000, 2.880000, 239.062500, -11.500000, 0.000000
4201, -14.450000, -25.309999, 29.559999, 0.337778, -2.256667, 4.447778, -2.060000, 0.280000, 9.580000, 233.750000, -12.125000, -1.687500, 5.260000, -21.420000, -6.540000, -0.327778, -3.403333, 4.546667, -4.510000, -8.110000, 3.150000, 233.750000, -12.125000, -1.687500
4221, -6.610000, -31.690001, 11.870000, 1.122222, -6.656667, 0.107778, -0.850000, 0.500000, 9.750000, 232.625000, -5.000000, -2.937500, 5.340000, -26.510000, -19.110001, 0.371111, -2.760000, -3.170000, -4.060000, -8.220000, 3.460000, 232.625000, -5.000000, -2.937500
4240, 0.720000, -19.780001, -7.570000, -0.166667, -3.078889, -3.630000, -0.150000, 0.530000, 9.790000, 235.875000, -0.875000, -3.062500, 4.160000, -9.260000, -25.879999, 0.982222, 0.680000, -5.913333, -3.140000, -8.550000, 3.610000, 235.875000, -0.875000, -3.062500
4260, -0.120000, -24.030001, -4.930000, 0.090000, -1.182222, -6.058889, 0.130000, 0.490000, 9.790000, 241.750000, 0.750000, -2.812500, 0.960000, -2.920000, -21.910000, 1.317778, 2.864444, -5.562222, -2.540000, -8.730000, 3.660000, 241.750000, 0.750000, -2.812500
4280, 4.290000, -11.860000, -32.869999, 1.563333, 5.893333, -8.176666, -0.680000, 0.710000, 9.750000, 250.187500, -3.937500, -4.125000, -3.170000, 2.880000, -14.360000, 2.484444, 6.647778, -4.378889, -2.380000, -8.720000, 3.780000, 250.187500, -3.937500, -4.125000
4301, -9.510000, 2.770000, -11.530000, 1.688889, 9.314445, -8.204445, -2.410000, 0.780000, 9.470000, 258.937500, -14.187500, -4.687500, -6.000000, 13.180000, -5.130000, 3.000000, 7.866667, -2.744444, -2.600000, -8.620000, 3.870000, 258.937500, -14.187500, -4.687500
4319, -17.430000, 14.960000, -3.990000, 1.708889, 9.317778, -6.614444, -4.150000, 0.620000, 8.662500, 266.625000, -25.062500, -4.000000, -12.930000, 19.900000, 8.100000, -1.096667, 6.307778, 1.308889, -3.180000, -8.570000, 3.520000, 266.625000, -25.062500, -4.000000
4340, -27.000000, 34.680000, 28.410000, 0.950000, 8.552222, -4.807778, -5.330000, 0.310000, 8.220000, 270.312500, -32.937500, -2.187500, -19.230000, -4.290000, 23.700001, -3.560000, 5.407778, 1.856667, -3.710000, -8.710000, 2.530000, 270.312500, -32.937500, -2.187500
4360, -27.400000, 27.430000, 30.780001, -0.713333, -7.713333, 2.106667, -4.620000, 0.270000, 8.640000, 268.937500, -28.125000, -1.812500, -18.389999, -11.750000, 28.370001, -3.877778, 2.082222, 0.152222, -3.710000, -8.662500, 1.980000, 268.937500, -28.125000, -1.812500
4381, -19.940001, 10.350000, 13.150000, -1.205556, -12.072222, 5.498889, -2.620000, 0.400000, 9.430000, 263.687500, -15.500000, -2.437500, -12.720000, -2.720000, 22.629999, 0.503333, -1.958889, -1.154444, -3.410000, -8.682500, 2.390000, 263.687500, -15.500000, -2.437500
4399, -15.600000, -7.150000, 5.050000, 0.606667, -12.904445, 4.778889, -0.230000, 0.550000, 9.780000, 258.312500, -1.375000, -3.187500, -7.840000, -4.030000, 9.710000, 2.460000, -5.115556, -0.770000, -2.950000, -8.810000, 3.110000, 258.312500, -1.375000, -3.187500
4420, -7.960000, -5.940000, -7.150000, 2.273333, -12.252222, 2.682222, 2.120000, 0.870000, 9.530000, 255.312500, 12.500000, -5.187500, 1.570000, -8.790000, -8.680000, 1.106667, -5.570000, -3.553333, -2.080000, -8.682500, 3.610000, 255.312500, 12.500000, -5.187500
4440, -1.270000, -2.800000, -16.520000, 1.347778, -8.277778, 1.850000, 3.820000, 1.060000, 8.960000, 253.375000, 22.937500, -6.750000, 3.410000, -4.380000, -12.200000, 1.087778, -4.366667, -4.657778, -0.990000, -8.920000, 3.930000, 253.375000, 22.937500, -6.750000
4461, 4.770000, -11.120000, -18.790001, 0.320000, -4.528889, 1.208889, 4.730000, 1.020000, 8.520000, 252.000000, 28.875000, -6.812500, 4.520000, 9.130000, -10.270000, 1.755556, -2.365556, -4.633333, -0.140000, -8.632500, 4.270000, 252.000000, 28.875000, -6.812500
4481, 7.500000, -8.690000, -28.070000, 0.344444, -3.283333, 0.483333, 5.080000, 1.030000, 8.310000, 251.812500, 31.187500, -7.062500, 8.610000, 16.180000, -17.480000, 2.310000, -1.100000, -1.783333, 0.040000, -8.620000, 4.650000, 251.812500, 31.187500, -7.062500
4500, 3.830000, -8.130000, -35.520000, -1.382222, 5.628889, -1.063333, 4.420000, 0.940000, 8.700000, 252.687500, 26.812500, -6.125000, 7.680000, 18.410000, -20.030001, 1.807778, 2.142222, 1.448889, -0.580000, -8.490000, 4.860000, 252.687500, 26.812500, -6.125000
4520, -1.280000, -2.640000, -37.450001, -2.837778, 11.442223, -1.735556, 2.690000, 0.640000, 9.400000, 254.562500, 15.875000, -3.937500, -1.260000, 20.980000, -11.830000, -2.032222, 6.446667, 4.566667, -1.790000, -8.500000, 4.540000, 255.437500, 7.937500, -1.937500
4541, -16.420000, -6.140000, -33.669998, -4.060000, 16.910000, -1.662222, -0.210000, -0.030000, 9.800000, 256.375000, -1.187500, 0.125000, -6.820000, 16.830000, -4.490000, -3.705555, 6.094444, 5.830000, -3.270000, -8.510000, 3.590000, 256.375000, -1.187500, 0.125000
4561, -25.440001, -2.820000, -18.450001, -3.250000, 18.383333, -1.293333, -3.510000, -0.720000, 9.120000, 258.000000, -21.000000, 4.500000, -13.210000, 5.530000, 0.260000, -5.072222, 3.983333, 7.966667, -4.780000, -8.170000, 2.520000, 258.000000, -21.000000, 4.500000
4579, -31.790001, 11.260000, 7.810000, -2.301111, 17.483334, -0.533333, -6.150000, -1.060000, 7.550000, 258.250000, -38.875000, 8.000000, -17.190001, -2.310000, 7.020000, -5.303333, 1.308889, 8.475555, -6.030000, -7.540000, 1.660000, 258.250000, -38.875000, 8.000000
4600, -27.530001, 3.060000, 23.820000, -3.617778, 9.802222, 3.363333, -7.670000, -1.120000, 5.990000, 254.625000, -51.500000, 10.562500, -13.830000, -11.670000, 10.340000, -4.807778, -0.556667, 7.275556, -6.540000, -7.170000, 1.350000, 254.625000, -51.500000, 10.562500
4620, -27.980000, -10.350000, 33.639999, -0.800000, 1.620000, 3.610000, -8.170000, -0.730000, 5.370000, 249.875000, -56.437500, 7.750000, -13.300000, -27.610001, 13.870000, -1.977778, -1.347778, 5.888889, -7.520000, -6.150000, 1.270000, 248.000000, -54.812500, 5.062500
4641, -24.430000, -9.740000, 33.310001, -0.385556, -7.123333, 2.613333, -7.620000, -0.330000, 6.150000, 246.375000, -51.062500, 3.062500, -7.700000, -26.660000, 3.390000, 0.281111, -3.652222, 0.387778, -7.280000, -6.290000, 1.880000, 245.187500, -45.875000, 1.812500
4659, -22.410000, -12.420000, 22.650000, -0.135556, -11.427778, 1.025556, -6.260000, -0.160000, 7.540000, 244.562500, -39.687500, 1.250000, -4.710000, -14.860000, -8.340000, 0.335556, -4.217778, -4.523334, -6.920000, -6.580000, 2.190000, 244.562500, -39.687500, 1.250000
4680, -21.090000, -7.720000, 10.590000, 0.157778, -12.687778, 0.432222, -4.180000, -0.080000, 8.672500, 244.250000, -25.250000, 0.562500, -6.900000, -8.990000, -4.870000, 0.406667, -2.391111, -6.867778, -5.360000, -7.740000, 2.730000, 244.250000, -25.250000, 0.562500
4700, -18.299999, -5.720000, -3.450000, 1.264444, -14.357778, -0.042222, -1.610000, 0.100000, 9.670000, 244.437500, -9.437500, -0.562500, -8.220000, -3.610000, -0.990000, 0.812222, -1.597778, -7.677778, -4.740000, -8.080000, 2.870000, 244.437500, -9.437500, -0.562500
4721, -7.100000, -8.950000, -18.170000, 1.867778, -11.002222, -0.785556, 0.600000, 0.420000, 9.770000, 245.250000, 3.500000, -2.437500, -7.660000, -1.370000, -2.280000, 1.866667, -1.720000, -7.514444, -2.770000, -8.720000, 3.510000, 245.937500, 8.375000, -3.500000
4739, -4.490000, -7.080000, -14.580000, 1.590000, -7.878889, -1.398889, 2.140000, 0.760000, 9.530000, 246.750000, 12.625000, -4.562500, -3.660000, 5.310000, -8.300000, 3.310000, -1.976667, -7.000000, -1.520000, -8.730000, 4.180000, 247.812500, 16.625000, -5.937500
4760, -3.360000, -7.940000, -12.840000, 1.962222, -7.174443, -2.158889, 3.410000, 1.200000, 9.110000, 249.062500, 20.375000, -7.500000, -0.230000, 9.100000, -11.090000, 3.938889, -1.366667, -5.651111, -0.990000, -8.640000, 4.520000, 249.062500, 20.375000, -7.500000
4780, -1.640000, -9.010000, -18.670000, 1.898889, -6.376300, -2.641111, 4.300000, 1.730000, 8.630000, 252.250000, 26.000000, -11.375000, 2.230000, 11.210000, -12.360000, 3.665555, -0.150000, -3.896667, -0.040000, -8.170000, 5.410000, 252.250000, 26.000000, -11.375000
4801, -1.530000, -1.410000, -19.170000, 1.445556, -2.304445, -3.507778, 4.630000, 2.280000, 8.330000, 255.937500, 28.187500, -15.312500, 0.510000, 16.420000, -9.290000, 3.147778, 1.214444, -2.188889, 0.050000, -8.010000, 5.650000, 255.937500, 28.187500, -15.312500
4821, 0.370000, 6.560000, -26.219999, 0.100000, 0.832222, -2.887778, 4.500000, 2.640000, 8.290000, 259.125000, 27.375000, -17.625000, 0.870000, 18.379999, -10.000000, 1.908889, 2.466667, -0.415556, -0.290000, -7.680000, 6.080000, 260.437500, 25.312500, -17.687500
4840, -0.870000, 3.740000, -27.910000, -1.387778, 5.156667, -2.557778, 3.710000, 2.670000, 8.670000, 261.562500, 22.187500, -17.125000, 0.300000, 17.020000, -8.750000, 0.503333, 5.318889, 1.505556, -1.220000, -7.660000, 5.990000, 262.625000, 18.062500, -16.125000
4860, -2.480000, 1.620000, -30.320000, -2.692222, 9.648889, -2.385556, 2.150000, 2.410000, 9.250000, 263.375000, 12.687500, -14.625000, -2.690000, 16.350000, -6.960000, -1.638889, 6.127778, 3.168889, -1.790000, -7.710000, 5.780000, 263.375000, 12.687500, -14.625000
4881, -12.000000, -4.110000, -22.850000, -3.698889, 13.476666, -2.153333, -0.230000, 1.810000, 9.630000, 264.437500, -1.312500, -10.687500, -5.020000, 11.130000, -4.700000, -3.246667, 5.796667, 5.058889, -3.790000, -7.750000, 4.640000, 264.812500, -8.625000, -8.625000
4901, -17.510000, -10.810000, 6.740000, -2.152222, 12.135555, -1.876667, -2.620000, 1.260000, 9.360000, 265.250000, -15.500000, -7.687500, -6.730000, 1.760000, -2.680000, -3.291111, 4.543334, 7.350000, -4.520000, -7.600000, 4.220000, 265.250000, -15.500000, -7.687500
4919, -14.250000, -6.690000, 16.030001, -0.695556, 7.321111, -1.611111, -4.140000, 1.000000, 8.642500, 266.312500, -25.000000, -6.437500, -6.510000, -9.660000, 1.020000, -1.354445, 3.331111, 7.705555, -6.400000, -6.600000, 3.390000, 267.000000, -28.000000, -5.687500
4940, -11.240000, -10.350000, 15.890000, -0.851111, 4.481111, -2.153333, -4.980000, 0.690000, 8.410000, 267.937500, -30.500000, -4.687500, -4.370000, -21.299999, -3.090000, -0.547778, 2.548889, 5.373333, -7.110000, -6.060000, 2.960000, 269.250000, -32.562500, -3.375000
4960, -15.310000, -11.720000, 30.889999, -0.636667, 1.125556, -3.353333, -5.380000, 0.260000, 8.190000, 270.937500, -33.250000, -1.875000, -5.980000, -28.230000, 1.640000, -0.428889, 3.520000, 1.410000, -7.290000, -5.970000, 2.700000, 270.937500, -33.250000, -1.875000
4981, -19.379999, -3.350000, 30.860001, 1.043333, -4.320000, -3.442222, -4.900000, 0.000000, 8.480000, 275.000000, -30.000000, 0.000000, -16.209999, -32.279999, 13.220000, 0.221111, 3.166667, -3.533333, -7.180000, -6.280000, 2.240000, 276.937500, -26.250000, -0.375000
4999, -22.240000, -0.900000, 30.299999, 3.350000, -9.634444, -2.473333, -3.520000, 0.250000, 9.140000, 278.687500, -21.000000, -1.562500, -22.070000, -16.160000, 13.680000, 2.634444, 0.148889, -8.282222, -6.300000, -7.130000, 2.340000, 278.687500, -21.000000, -1.562500
5020, -17.959999, 18.360001, -7.940000, 2.314445, -11.793333, -0.605556, -1.410000, 0.720000, 9.670000, 280.750000, -8.312500, -4.250000, -17.010000, 21.610001, 8.520000, 4.694445, -2.832222, -9.456667, -4.130000, -8.110000, 3.630000, 280.687500, -2.250000, -4.625000
5040, -11.040000, 26.590000, -17.400000, -0.813333, -9.680000, 1.866667, 0.510000, 0.720000, 9.760000, 279.875000, 3.000000, -4.187500, -8.662500, 16.959999, 0.110000, 1.877778, -3.843333, -5.826667, -3.540000, -8.260000, 3.920000, 278.687500, 7.375000, -3.375000
5061, -2.280000, 10.320000, -17.930000, -1.077778, -6.018889, 2.822222, 1.830000, 0.430000, 9.620000, 277.250000, 10.750000, -2.562500, -4.270000, 9.200000, 6.090000, -0.522222, -2.297778, -3.410000, -2.690000, -8.490000, 4.080000, 277.250000, 10.750000, -2.562500
5081, 0.400000, 5.700000, -15.360000, 0.173333, -2.846667, 2.461111, 2.500000, 0.300000, 9.470000, 274.625000, 14.750000, -1.812500, -3.480000, 9.160000, 7.380000, -0.421111, -2.094445, -2.105556, -2.150000, -8.650000, 4.080000, 273.000000, 16.000000, -1.687500
5100, -0.900000, 9.380000, -4.960000, 0.542726, -1.961111, 3.572222, 2.880000, 0.230000, 9.360000, 271.000000, 17.125000, -1.437500, 0.380000, 6.440000, 2.060000, -0.522222, -3.064445, -1.021111, -1.710000, -8.730000, 4.120000, 271.000000, 17.125000, -1.437500
5120, 1.710000, -8.760000, -9.640000, 0.302222, -0.807778, 2.340000, 3.100000, 0.120000, 9.300000, 267.875000, 18.437500, -0.750000, 3.590000, 0.760000, -5.890000, -0.166667, -2.794445, -0.370000, -1.270000, -8.770000, 4.180000, 266.937500, 18.687500, -0.562500
5141, -0.080000, -1.950000, -1.020000, 0.246667, -0.448889, 1.667778, 3.200000, 0.050000, 9.260000, 266.125000, 19.062500, -0.312500, 3.700000, 2.240000, -7.290000, -0.118889, -2.132222, -0.550000, -1.130000, -8.780000, 4.190000, 265.312500, 19.500000, 0.125000
5161, 0.940000, -5.750000, -4.470000, -0.780000, -0.682222, 1.114444, 3.330000, -0.130000, 9.220000, 264.812500, 19.812500, 0.812500, 3.120000, 0.290000, -7.910000, -0.648889, -1.424444, -0.428889, -0.930000, -8.652500, 4.140000, 264.812500, 19.812500, 0.812500
5180, 0.940000, -7.880000, -3.810000, -0.601111, -0.362222, 0.445556, 3.410000, -0.290000, 9.180000, 264.312500, 20.312500, 1.750000, 1.500000, -2.650000, -6.380000, -0.451111, -0.563333, -0.026667, -0.840000, -8.880000, 4.060000, 264.250000, 20.375000, 1.937500
5200, 0.700000, -6.780000, -3.870000, 0.038889, 0.186667, -0.112222, 3.400000, -0.310000, 9.190000, 264.312500, 20.312500, 1.875000, 1.090000, -0.520000, -4.660000, 0.250000, -0.201111, -0.005556, -0.820000, -8.880000, 4.070000, 264.312500, 20.312500, 1.875000
5221, -0.460000, -4.330000, -0.730000, 0.393333, 0.283333, -0.394444, 3.350000, -0.230000, 9.210000, 264.625000, 19.937500, 1.437500, 1.120000, -0.190000, -3.780000, 0.538889, 0.036667, 0.124444, -0.850000, -8.810000, 4.200000, 264.812500, 19.875000, 1.062500
5241, -0.460000, -2.460000, -1.170000, 0.441111, 0.171111, -0.550000, 3.320000, -0.120000, 9.220000, 265.062500, 19.750000, 0.750000, 0.370000, 1.000000, -2.460000, 0.602222, 0.251111, 0.057778, -0.870000, -8.790000, 4.250000, 265.375000, 19.687500, 0.437500
5259, -0.450000, -0.220000, -1.600000, 0.277778, 0.133333, -0.582222, 3.290000, -0.020000, 9.230000, 265.687500, 19.625000, 0.125000, -0.650000, 2.070000, -0.670000, 0.427778, 0.367778, 0.072222, -0.900000, -8.750000, 4.330000, 265.687500, 19.625000, 0.125000
5280, -1.070000, 1.640000, -0.920000, 0.128889, 0.253333, -0.503333, 3.250000, 0.030000, 9.240000, 266.187500, 19.375000, -0.187500, -1.490000, 1.100000, 0.480000, 0.208889, 0.403333, 0.221111, -0.970000, -8.720000, 4.360000, 266.437500, 19.187500, -0.312500
5300, -1.040000, 1.830000, -0.720000, 0.168889, 0.411111, -0.347778, 3.190000, 0.080000, 9.270000, 266.625000, 19.000000, -0.500000, -2.020000, 1.270000, 1.990000, 0.196667, 0.313333, 0.203333, -1.030000, -8.700000, 4.390000, 266.625000, 19.000000, -0.500000
5321, -1.440000, 2.830000, 1.550000, 0.261111, 0.343333, -0.042222, 3.120000, 0.130000, 9.290000, 266.687500, 18.562500, -0.750000, -1.920000, 0.590000, 2.470000, 0.218889, 0.084444, 0.238889, -1.090000, -8.680000, 4.420000, 266.625000, 18.437500, -0.937500
5339, -0.980000, 1.570000, 1.070000, 0.304444, 0.120000, 0.060000, 3.090000, 0.180000, 9.300000, 266.562500, 18.375000, -1.062500, -0.670000, 0.510000, 0.590000, 0.228889, -0.153333, 0.165556, -1.110000, -8.660000, 4.460000, 266.562500, 18.375000, -1.187500
5360, -0.380000, 1.040000, 0.280000, 0.127778, 0.023333, 0.023333, 3.080000, 0.210000, 9.300000, 266.500000, 18.312500, -1.250000, -0.290000, 0.270000, -0.100000, 0.101111, -0.101111, 0.073333, -1.110000, -8.640000, 4.490000, 266.500000, 18.312500, -1.250000
5380, -0.010000, 0.380000, 0.470000, 0.038889, 0.001111, 0.043333, 3.090000, 0.200000, 9.300000, 266.437500, 18.375000, -1.250000, -0.350000, -0.440000, -0.070000, -0.046667, -0.016667, 0.070000, -1.120000, -8.640000, 4.480000, 266.375000, 18.375000, -1.187500
5401, 0.210000, -1.090000, 0.470000, -0.076667, -0.005556, 0.098889, 3.090000, 0.180000, 9.300000, 266.312500, 18.375000, -1.125000, -0.200000, -0.950000, -0.450000, -0.055556, -0.053333, 0.063333, -1.130000, -8.650000, 4.470000, 266.312500, 18.375000, -1.125000
5421, 0.190000, -1.220000, 0.360000, 0.005556, 0.107778, -0.031111, 3.080000, 0.180000, 9.300000, 266.375000, 18.312500, -1.125000, -0.500000, -0.910000, -0.200000, 0.032222, -0.005556, 0.040000, -1.130000, -8.640000, 4.470000, 266.375000, 18.187500, -1.125000
5440, -0.190000, -1.220000, 1.350000, 0.077778, 0.056667, -0.117778, 3.060000, 0.200000, 9.310000, 266.437500, 18.187500, -1.187500, -0.290000, -0.780000, -0.340000, 0.107778, 0.014444, 0.011111, -1.140000, -8.640000, 4.490000, 266.500000, 18.187500, -1.312500
5460, -0.040000, -0.430000, 0.470000, 0.105556, -0.002222, -0.184444, 3.060000, 0.230000, 9.310000, 266.625000, 18.187500, -1.375000, -0.360000, 0.000000, -0.040000, 0.168889, 0.065556, -0.055556, -1.140000, -8.620000, 4.510000, 266.625000, 18.187500, -1.375000
5481, -0.450000, 0.380000, 0.970000, 0.057778, -0.057778, -0.145556, 3.080000, 0.240000, 9.300000, 266.750000, 18.250000, -1.500000, -0.700000, -0.140000, 0.210000, 0.100000, 0.072222, -0.060000, -1.130000, -8.610000, 4.530000, 266.812500, 18.312500, -1.500000
5501, -0.140000, 0.340000, -0.400000, 0.033712, -0.076667, -0.076667, 3.090000, 0.250000, 9.300000, 266.812500, 18.375000, -1.562500, -0.640000, 0.910000, 0.080000, 0.088889, 0.014444, -0.103333, -1.120000, -8.610000, 4.550000, 266.812500, 18.375000, -1.562500
5520, -0.060000, 0.320000, -0.690000, 0.054444, 0.012222, -0.025556, 3.090000, 0.270000, 9.290000, 266.875000, 18.375000, -1.625000, -0.350000, 0.500000, -0.190000, 0.071111, -0.012222, 0.040000, -1.120000, -8.600000, 4.560000, 266.875000, 18.375000, -1.687500
5540, -0.310000, 0.110000, -0.070000, 0.081111, 0.075556, -0.026667, 3.080000, 0.280000, 9.300000, 266.875000, 18.312500, -1.750000, -0.550000, 0.320000, 0.020000, 0.096667, -0.013333, 0.101111, -1.130000, -8.590000, 4.570000, 266.875000, 18.312500, -1.812500
5560, -0.550000, -0.580000, 0.400000, 0.193333, -0.058889, -0.068889, 3.090000, 0.310000, 9.300000, 266.937500, 18.375000, -1.937500, -0.740000, -0.200000, 0.090000, 0.140000, -0.043333, 0.134444, -1.150000, -8.580000, 4.590000, 266.937500, 18.375000, -1.937500
5581, -0.660000, 0.000000, 0.640000, 0.214444, -0.110000, -0.070000, 3.110000, 0.350000, 9.290000, 266.937500, 18.500000, -2.187500, -0.560000, -0.180000, -0.190000, 0.185556, -0.067778, 0.028889, -1.160000, -8.560000, 4.630000, 267.000000, 18.625000, -2.312500
5599, -0.720000, 0.610000, 0.980000, 0.066667, -0.280000, -0.082222, 3.150000, 0.380000, 9.270000, 267.062500, 18.750000, -2.312500, -0.380000, 0.320000, -0.360000, 0.094444, -0.045556, -0.138889, -1.140000, -8.550000, 4.650000, 267.062500, 18.750000, -2.312500
5620, -0.020000, 0.210000, -0.360000, -0.112222, -0.220000, 0.005556, 3.190000, 0.360000, 9.260000, 267.062500, 19.000000, -2.250000, -0.330000, 0.500000, -0.220000, -0.074444, 0.012222, -0.158889, -1.110000, -8.560000, 4.640000, 267.000000, 19.125000, -2.187500
5640, 0.080000, -0.560000, -0.390000, -0.010000, -0.134444, 0.004444, 3.220000, 0.360000, 9.250000, 267.000000, 19.187500, -2.187500, -0.510000, -0.240000, -0.030000, -0.021111, 0.036667, 0.006667, -1.110000, -8.560000, 4.630000, 267.000000, 19.250000, -2.250000
5661, -0.090000, -0.690000, -0.070000, 0.203333, -0.110000, -0.037778, 3.240000, 0.380000, 9.240000, 267.000000, 19.312500, -2.375000, -0.310000, 0.130000, -0.090000, 0.153333, -0.028889, 0.057778, -1.110000, -8.550000, 4.650000, 267.000000, 19.312500, -2.375000
5679, -0.260000, 0.310000, 0.010000, 0.228889, -0.086667, -0.040000, 3.260000, 0.420000, 9.230000, 267.000000, 19.375000, -2.625000, -0.120000, 0.260000, -0.370000, 0.183333, -0.060000, 0.041111, -1.120000, -8.540000, 4.680000, 267.000000, 19.375000, -2.625000
5700, -0.430000, 0.380000, 0.400000, 0.027778, -0.204444, 0.043333, 3.290000, 0.430000, 9.220000, 266.937500, 19.625000, -2.625000, -0.380000, 0.220000, -0.170000, 0.074444, -0.030000, -0.081111, -1.100000, -8.530000, 4.700000, 266.937500, 19.625000, -2.625000
5720, -0.200000, 0.070000, -0.640000, -0.056667, -0.101111, 0.020000, 3.310000, 0.420000, 9.210000, 266.937500, 19.750000, -2.625000, -0.480000, 0.920000, -0.110000, 0.000000, -0.005556, -0.151111, -1.080000, -8.530000, 4.700000, 266.937500, 19.812500, -2.562500
5741, 0.110000, 0.140000, -0.930000, -0.033712, 0.020000, 0.010000, 3.320000, 0.410000, 9.210000, 266.937500, 19.750000, -2.562500, -0.560000, 0.650000, 0.140000, -0.024444, 0.020000, -0.027778, -1.070000, -8.530000, 4.700000, 266.937500, 19.750000, -2.562500
5761, -0.100000, -0.460000, -0.570000, 0.068889, 0.122222, -0.037778, 3.300000, 0.420000, 9.220000, 266.937500, 19.687500, -2.625000, -0.670000, 0.300000, 0.240000, 0.043333, 0.001111, 0.107778, -1.080000, -8.530000, 4.700000, 266.937500, 19.687500, -2.625000
5780, -0.400000, 0.350000, 0.140000, 0.121111, 0.111111, 0.012222, 3.280000, 0.440000, 9.230000, 266.875000, 19.500000, -2.750000, -0.500000, -0.010000, -0.270000, 0.108889, -0.038889, 0.163333, -1.110000, -8.520000, 4.720000, 266.875000, 19.500000, -2.750000
5800, -0.470000, 0.290000, 0.380000, 0.047778, 0.041111, 0.066667, 3.270000, 0.450000, 9.230000, 266.812500, 19.437500, -2.750000, -0.690000, 0.050000, 0.110000, 0.083333, -0.017778, 0.084444, -1.120000, -8.510000, 4.740000, 266.812500, 19.437500, -2.750000
5821, -0.360000, 0.520000, 0.340000, -0.064444, 0.023333, 0.084444, 3.260000, 0.440000, 9.230000, 266.750000, 19.437500, -2.687500, -0.600000, 0.000000, -0.010000, -0.016667, -0.020000, 0.017778, -1.130000, -8.500000, 4.740000, 266.625000, 19.437500, -2.625000
5841, -0.310000, -0.080000, 0.700000, -0.053333, -0.022222, 0.067778, 3.270000, 0.420000, 9.230000, 266.562500, 19.437500, -2.625000, -0.850000, -0.320000, 0.410000, -0.055556, -0.008889, -0.013333, -1.120000, -8.510000, 4.730000, 266.562500, 19.500000, -2.562500
5859, -0.190000, -0.380000, 0.350000, 0.012222, -0.032222, 0.018889, 3.270000, 0.420000, 9.230000, 266.562500, 19.500000, -2.562500, -0.450000, -0.300000, 0.010000, -0.012222, -0.068889, -0.026667, -1.110000, -8.510000, 4.730000, 266.562500, 19.500000, -2.562500
5880, -0.340000, -0.450000, 1.000000, 0.084444, -0.184444, -0.031111, 3.300000, 0.430000, 9.220000, 266.562500, 19.625000, -2.687500, -0.450000, -0.550000, -0.130000, 0.010000, -0.053333, -0.048889, -1.100000, -8.510000, 4.730000, 266.562500, 19.625000, -2.687500
5900, -0.110000, -0.330000, 0.280000, 0.083333, -0.214444, -0.077778, 3.330000, 0.450000, 9.200000, 266.625000, 19.875000, -2.812500, -0.430000, 0.330000, -0.120000, 0.015556, -0.047778, -0.122222, -1.080000, -8.510000, 4.730000, 266.625000, 19.875000, -2.812500
5921, 0.020000, 0.720000, -0.580000, 0.033333, -0.121111, -0.003333, 3.360000, 0.460000, 9.190000, 266.687500, 20.062500, -2.875000, -0.570000, 0.100000, 0.000000, 0.012222, -0.047778, -0.041111, -1.070000, -8.510000, 4.730000, 266.375000, 20.062500, -2.875000
5939, -0.200000, 0.050000, -0.220000, 0.012222, -0.042222, 0.047778, 3.370000, 0.460000, 9.190000, 266.375000, 20.125000, -2.875000, -0.510000, 0.240000, -0.160000, 0.042222, -0.066667, -0.008889, -1.060000, -8.510000, 4.740000, 266.375000, 20.125000, -2.875000
5960, -0.350000, 0.140000, -0.310000, 0.027778, -0.042222, 0.062222, 3.380000, 0.460000, 9.190000, 266.250000, 20.187500, -2.875000, -0.420000, 0.530000, -0.070000, 0.031111, -0.060000, -0.037778, -1.050000, -8.510000, 4.750000, 266.250000, 20.187500, -2.875000
5980, -0.110000, -0.120000, -0.730000, -0.012222, 0.026667, 0.022222, 3.380000, 0.460000, 9.190000, 266.250000, 20.125000, -2.875000, -0.130000, 0.810000, -0.540000, 0.013333, -0.046667, -0.025556, -1.040000, -8.510000, 4.750000, 266.250000, 20.125000, -2.875000
6001, -0.280000, -0.030000, -0.160000, -0.017778, 0.004444, 0.025556, 3.370000, 0.450000, 9.190000, 266.187500, 20.125000, -2.812500, -0.380000, 0.300000, -0.090000, -0.022222, 0.007778, 0.024444, -1.040000, -8.510000, 4.750000, 266.187500, 20.125000, -2.812500
6019, -0.240000, 0.350000, -0.490000, -0.017778, 0.025556, 0.063333, 3.370000, 0.460000, 9.190000, 266.125000, 20.125000, -2.875000, -0.290000, 0.610000, -0.120000, 0.000000, -0.011111, 0.010000, -1.060000, -8.500000, 4.750000, 266.125000, 20.125000, -2.875000
6040, -0.130000, 0.000000, -0.420000, -0.018889, 0.057778, 0.054444, 3.360000, 0.450000, 9.190000, 266.000000, 20.062500, -2.812500, -0.160000, 0.370000, -0.300000, -0.017778, -0.024444, 0.045556, -1.100000, -8.490000, 4.760000, 266.000000, 20.062500, -2.812500
6060, -0.150000, 0.050000, -0.300000, -0.004444, 0.087778, 0.025556, 3.350000, 0.450000, 9.200000, 265.937500, 19.937500, -2.812500, -0.330000, 0.520000, 0.070000, -0.013333, 0.011111, 0.078889, -1.150000, -8.480000, 4.770000, 265.937500, 19.937500, -2.812500
6081, -0.130000, -0.220000, -0.230000, 0.037778, 0.102222, 0.008889, 3.330000, 0.450000, 9.210000, 265.937500, 19.875000, -2.812500, -0.540000, -0.070000, -0.040000, 0.008889, 0.010000, 0.128889, -1.170000, -8.480000, 4.770000, 265.937500, 19.875000, -2.812500
6101, -0.400000, -0.080000, 0.490000, 0.114444, 0.094444, -0.021111, 3.310000, 0.470000, 9.210000, 265.937500, 19.750000, -2.937500, -0.700000, -0.230000, 0.250000, 0.073333, -0.001111, 0.140000, -1.190000, -8.470000, 4.780000, 265.937500, 19.750000, -2.937500
6120, -0.490000, 0.190000, 0.770000, 0.107778, 0.036667, -0.004444, 3.300000, 0.490000, 9.210000, 265.875000, 19.687500, -3.062500, -0.630000, -0.450000, -0.020000, 0.092222, -0.053333, 0.087778, -1.200000, -8.460000, 4.800000, 265.875000, 19.687500, -3.062500
6140, -0.550000, 0.140000, 1.140000, 0.064444, -0.093333, 0.018889, 3.310000, 0.510000, 9.210000, 265.812500, 19.750000, -3.125000, -0.550000, -0.150000, -0.130000, 0.062222, -0.045556, -0.017778, -1.200000, -8.450000, 4.810000, 265.812500, 19.750000, -3.125000
6161, -0.200000, 0.210000, 0.020000, 0.000000, -0.046667, 0.012222, 3.330000, 0.510000, 9.200000, 265.750000, 19.812500, -3.187500, -0.560000, 0.050000, 0.030000, 0.033333, -0.023333, -0.052222, -1.190000, -8.450000, 4.820000, 265.750000, 19.812500, -3.187500
6181, -0.160000, 0.120000, 0.330000, -0.014444, -0.030000, 0.016667, 3.330000, 0.510000, 9.200000, 265.625000, 19.875000, -3.125000, -0.480000, -0.190000, 0.060000, 0.001111, -0.002222, -0.015556, -1.180000, -8.450000, 4.820000, 265.625000, 19.875000, -3.125000
